0.0	2.2524872841223536e-06	0.0
0.0015008299950527925	9.009908408476697e-06	0.0
0.003001659990105585	2.0272140954067654e-05	0.0
0.004502489985158378	3.603898023713873e-05	0.0
0.00600331998021117	5.63101385445596e-05	0.0
0.007504149975263962	8.108524438369647e-05	0.0
0.009004979970316756	0.00011036384143729599	0.0
0.010505809965369548	0.0001441453869108419	0.0
0.01200663996042234	0.00018242924940706196	0.0
0.013507469955475132	0.00022521470685597236	0.0
0.015008299950527925	0.0002725009431458364	0.0
0.01650912994558072	0.0003242870435219685	0.0
0.01800995994063351	0.0003805719910704928	0.0
0.019510789935686303	0.0004413546701755212	0.0
0.021011619930739096	0.0005066338737121274	0.0
0.022512449925791888	0.0005764083050716782	0.0
0.02401327992084468	0.0006506765783313049	0.0
0.025514109915897473	0.0007294372182847507	0.0
0.027014939910950265	0.0008126886604779957	0.0
0.028515769906003057	0.0009004292512894568	0.0
0.03001659990105585	0.0009926572480036644	0.0
0.031517429896108645	0.0010893708188713168	0.0
0.03301825989116144	0.0011905680431713301	0.0
0.03451908988621423	0.0012962469112862056	0.0
0.03601991988126702	0.001406405324777642	0.0
0.037520749876319814	0.0015210410964647501	0.0
0.03902157987137261	0.0016401519505063794	0.0
0.0405224098664254	0.0017637355224842638	0.0
0.04202323986147819	0.0018917893594991321	0.0
0.043524069856530984	0.0020243109202689297	0.0
0.045024899851583776	0.0021612975752292353	0.0
0.04652572984663657	0.0023027466066253763	0.0
0.04802655984168936	0.0024486552086093617	0.0
0.04952738983674215	0.002599020487342014	0.0
0.051028219831794945	0.002753839461097647	0.0
0.05252904982684774	0.002913109060374227	0.0
0.05402987982190053	0.003076826128007294	0.0
0.05553070981695332	0.0032449874192855177	0.0
0.057031539812006114	0.0034175896020680525	0.0
0.05853236980705891	0.003594629256904168	0.0
0.0600331998021117	0.003776102877156116	0.0
0.06153402979716449	0.003962006869124195	0.0
0.06303485979221729	0.004152337552173818	0.0
0.06453568978727008	0.004347091158864705	0.0
0.06603651978232288	0.004546263835084669	0.0
0.06753734977737566	0.004749851640186804	0.0
0.06903817977242846	0.004957850547128737	0.0
0.07053900976748124	0.005170256442615352	0.0
0.07203983976253404	0.0053870651272437745	0.0
0.07354066975758683	0.005608272315649616	0.0
0.07504149975263963	0.005833873636658054	0.0
0.07654232974769241	0.0060638646334366985	0.0
0.07804315974274521	0.006298240763652426	0.0
0.079543989737798	0.006536997399629314	0.0
0.0810448197328508	0.006780129828510156	0.0
0.08254564972790358	0.007027633252420478	0.0
0.08404647972295638	0.007279502788635299	0.0
0.08554730971800917	0.0075357334697485935	0.0
0.08704813971306197	0.0077963202438454116	0.0
0.08854896970811475	0.008061257974675811	0.0
0.09004979970316755	0.008330541441833284	0.0
0.09155062969822034	0.008604165340933084	0.0
0.09305145969327314	0.008882124283794568	0.0
0.09455228968832592	0.009164412798626584	0.0
0.09605311968337872	0.009451025330214389	0.0
0.09755394967843152	0.009741956240109201	0.0
0.0990547796734843	0.01003719980682028	0.0
0.1005556096685371	0.01033675022600996	0.0
0.10205643966358989	0.010640601610690135	0.0
0.10355726965864269	0.010948747991422071	0.0
0.10505809965369547	0.011261183316518117	0.0
0.10655892964874827	0.011577901452245125	0.0
0.10805975964380106	0.011898896183031332	0.0
0.10956058963885386	0.01222416121167624	0.0
0.11106141963390664	0.012553690159559693	0.0
0.11256224962895944	0.01288747656685693	0.0
0.11406307962401223	0.013225513892753064	0.0
0.11556390961906503	0.013567795515661497	0.0
0.11706473961411781	0.013914314733443647	0.0
0.11856556960917061	0.014265064763630644	0.0
0.1200663996042234	0.014620038743648133	0.0
0.1215672295992762	0.0149792297310428	0.0
0.12306805959432898	0.015342630703709668	0.0
0.12456888958938178	0.015710234560123562	0.0
0.12606971958443458	0.016082034119572867	0.0
0.12757054957948735	0.016458022122390403	0.0
0.12907137957454015	0.01683819123019378	0.0
0.13057220956959295	0.017222534026121443	0.0
0.13207303956464575	0.01761104301507455	0.0
0.13357386955969852	0.018003710623958454	0.0
0.13507469955475132	0.0184005292019278	0.0
0.13657552954980412	0.018801491020631358	0.0
0.13807635954485692	0.019206588274461107	0.0
0.1395771895399097	0.0196158130808013	0.0
0.1410780195349625	0.02002915748028099	0.0
0.1425788495300153	0.02044661343702555	0.0
0.1440796795250681	0.020868172838913467	0.0
0.1455805095201209	0.02129382749783162	0.0
0.14708133951517366	0.021723569149935517	0.0
0.14858216951022646	0.022157389455907166	0.0
0.15008299950527926	0.02259528000121812	0.0
0.15158382950033206	0.023037232296393106	0.0
0.15308465949538483	0.023483237777274395	0.0
0.15458548949043763	0.023933287805287497	0.0
0.15608631948549043	0.024387373667710287	0.0
0.15758714948054323	0.024845486577942687	0.0
0.159087979475596	0.025307617675776512	0.0
0.1605888094706488	0.025773758027668094	0.0
0.1620896394657016	0.02624389862701327	0.0
0.1635904694607544	0.026718030394421947	0.0
0.16509129945580717	0.027196144177993996	0.0
0.16659212945085997	0.02767823075359847	0.0
0.16809295944591277	0.028164280825151548	0.0
0.16959378944096556	0.02865428502489765	0.0
0.17109461943601834	0.029148233913692454	0.0
0.17259544943107114	0.029646117981283908	0.0
0.17409627942612393	0.03014792764659803	0.0
0.17559710942117673	0.030653653258023304	0.0
0.1770979394162295	0.03116328509369702	0.0
0.1785987694112823	0.03167681336179365	0.0
0.1800995994063351	0.03219422820081586	0.0
0.1816004294013879	0.032715519679879075	0.0
0.18310125939644067	0.03324067779900857	0.0
0.18460208939149347	0.03376969248942706	0.0
0.18610291938654627	0.034302553613850664	0.0
0.18760374938159907	0.03483925096678411	0.0
0.18910457937665184	0.035379774274814535	0.0
0.19060540937170464	0.03592411319690849	0.0
0.19210623936675744	0.03647225732471171	0.0
0.19360706936181024	0.037024196182844304	0.0
0.19510789935686304	0.03757991922920232	0.0
0.1966087293519158	0.03813941585525779	0.0
0.1981095593469686	0.0387026753863591	0.0
0.1996103893420214	0.03926968708203385	0.0
0.2011112193370742	0.039840440136290727	0.0
0.20261204933212698	0.040414923677924944	0.0
0.20411287932717978	0.04099312677081945	0.0
0.20561370932223258	0.04157503841425086	0.0
0.20711453931728538	0.04216064754319793	0.0
0.20861536931233815	0.04274994302864618	0.0
0.21011619930739095	0.043342913677892704	0.0
0.21161702930244375	0.04393954823486035	0.0
0.21311785929749655	0.04453983538039959	0.0
0.21461868929254932	0.04514376373260133	0.0
0.21611951928760212	0.04575132184710724	0.0
0.21762034928265492	0.04636249821741874	0.0
0.21912117927770772	0.046977281275207276	0.0
0.2206220092727605	0.04759565939062707	0.0
0.2221228392678133	0.04821762087262908	0.0
0.2236236692628661	0.04884315396926957	0.0
0.2251244992579189	0.049472246868027606	0.0
0.22662532925297166	0.050104887696114986	0.0
0.22812615924802446	0.05074106452079287	0.0
0.22962698924307726	0.051380765349685706	0.0
0.23112781923813006	0.052023978131095765	0.0
0.23262864923318283	0.05267069075432151	0.0
0.23412947922823563	0.053320891049968365	0.0
0.23563030922328843	0.05397456679026902	0.0
0.23713113921834122	0.054631705689398666	0.0
0.238631969213394	0.05529229540379079	0.0
0.2401327992084468	0.05595632353245862	0.0
0.2416336292034996	0.05662377761730934	0.0
0.2431344591985524	0.05729464514346164	0.0
0.2446352891936052	0.05796891353956724	0.0
0.24613611918865796	0.05864657017812839	0.0
0.24763694918371076	0.059327602375813845	0.0
0.24913777917876356	0.060011997393781366	0.0
0.25063860917381636	0.06069974243799666	0.0
0.25213943916886916	0.061390824659552035	0.0
0.25364026916392196	0.06208523115498803	0.0
0.2551410991589747	0.06278294896660797	0.0
0.2566419291540275	0.06348396508280679	0.0
0.2581427591490803	0.06418826643838857	0.0
0.2596435891441331	0.06489583991487993	0.0
0.2611444191391859	0.06560667234086028	0.0
0.2626452491342387	0.06632075049227898	0.0
0.2641460791292915	0.06703806109277621	0.0
0.2656469091243443	0.06775859081400355	0.0
0.26714773911939704	0.06848232627594988	0.0
0.26864856911444984	0.06920925404725378	0.0
0.27014939910950264	0.06993936064553442	0.0
0.27165022910455544	0.07067263253770666	0.0
0.27315105909960824	0.07140905614030799	0.0
0.27465188909466104	0.07214861781981563	0.0
0.27615271908971384	0.07289130389297083	0.0
0.27765354908476664	0.07363710062709843	0.0
0.2791543790798194	0.07438599424043592	0.0
0.2806552090748722	0.07513797090244334	0.0
0.282156039069925	0.07589301673413504	0.0
0.2836568690649778	0.07665111780839942	0.0
0.2851576990600306	0.07741226015031795	0.0
0.2866585290550834	0.07817642973749185	0.0
0.2881593590501362	0.07894361250035777	0.0
0.289660189045189	0.0797137943225156	0.0
0.2911610190402418	0.08048696104104801	0.0
0.2926618490352945	0.08126309844684061	0.0
0.2941626790303473	0.08204219228491018	0.0
0.2956635090254001	0.082824228254717	0.0
0.2971643390204529	0.08360919201049714	0.0
0.2986651690155057	0.08439706916157505	0.0
0.3001659990105585	0.08518784527269112	0.0
0.3016668290056113	0.08598150586432152	0.0
0.3031676590006641	0.08677803641299947	0.0
0.30466848899571686	0.08757742235163708	0.0
0.30616931899076966	0.08837964906984706	0.0
0.30767014898582246	0.08918470191426495	0.0
0.30917097898087526	0.08999256618887018	0.0
0.31067180897592805	0.09080322715530197	0.0
0.31217263897098085	0.09161667003319113	0.0
0.31367346896603365	0.09243288000047262	0.0
0.31517429896108645	0.0932518421937083	0.0
0.3166751289561392	0.09407354170841103	0.0
0.318175958951192	0.0948979635993575	0.0
0.3196767889462448	0.09572509288092167	0.0
0.3211776189412976	0.0965549145273813	0.0
0.3226784489363504	0.09738741347324996	0.0
0.3241792789314032	0.09822257461358842	0.0
0.325680108926456	0.09906038280433026	0.0
0.3271809389215088	0.09990082286260073	0.0
0.32868176891656153	0.10074387956703769	0.0
0.33018259891161433	0.10158953765810881	0.0
0.33168342890666713	0.1024377818384346	0.0
0.33318425890171993	0.1032885967731043	0.0
0.33468508889677273	0.10414196709000065	0.0
0.33618591889182553	0.10499787738011429	0.0
0.33768674888687833	0.10585631219786491	0.0
0.33918757888193113	0.10671725606142339	0.0
0.34068840887698393	0.10758069345302818	0.0
0.34218923887203667	0.10844660881929956	0.0
0.34369006886708947	0.10931498657157068	0.0
0.34519089886214227	0.11018581108619553	0.0
0.34669172885719507	0.11105906670487253	0.0
0.34819255885224787	0.11193473773496025	0.0
0.34969338884730067	0.11281280844979938	0.0
0.35119421884235347	0.11369326308903129	0.0
0.35269504883740627	0.11457608585890977	0.0
0.354195878832459	0.11546126093262751	0.0
0.3556967088275118	0.11634877245063056	0.0
0.3571975388225646	0.11723860452093436	0.0
0.3586983688176174	0.11813074121944735	0.0
0.3601991988126702	0.11902516659028069	0.0
0.361700028807723	0.11992186464607099	0.0
0.3632008588027758	0.12082081936829782	0.0
0.3647016887978286	0.1217220147076034	0.0
0.36620251879288135	0.12262543458410223	0.0
0.36770334878793415	0.12353106288770806	0.0
0.36920417878298695	0.12443888347844202	0.0
0.37070500877803975	0.12534888018675686	0.0
0.37220583877309255	0.12626103681385048	0.0
0.37370666876814534	0.12717533713198725	0.0
0.37520749876319814	0.1280917648848066	0.0
0.37670832875825094	0.12901030378764386	0.0
0.3782091587533037	0.12993093752785237	0.0
0.3797099887483565	0.13085364976511477	0.0
0.3812108187434093	0.13177842413175803	0.0
0.3827116487384621	0.1327052442330727	0.0
0.3842124787335149	0.13363409364763457	0.0
0.3857133087285677	0.1345649559276092	0.0
0.3872141387236205	0.1354978145990769	0.0
0.3887149687186733	0.13643265316235098	0.0
0.3902157987137261	0.1373694550922843	0.0
0.3917166287087788	0.1383082038385939	0.0
0.3932174587038316	0.13924888282617462	0.0
0.3947182886988844	0.14019147545541724	0.0
0.3962191186939372	0.14113596510252013	0.0
0.39771994868899	0.1420823351198089	0.0
0.3992207786840428	0.14303056883605364	0.0
0.4007216086790956	0.14398064955677883	0.0
0.4022224386741484	0.14493256056458442	0.0
0.40372326866920116	0.14588628511945878	0.0
0.40522409866425396	0.1468418064591048	0.0
0.40672492865930676	0.1477991077992384	0.0
0.40822575865435956	0.14875817233391908	0.0
0.40972658864941236	0.14971898323585806	0.0
0.41122741864446516	0.15068152365673673	0.0
0.41272824863951796	0.15164577672752477	0.0
0.41422907863457076	0.15261172555878794	0.0
0.4157299086296235	0.15357935324101593	0.0
0.4172307386246763	0.1545486428449283	0.0
0.4187315686197291	0.15551957742180014	0.0
0.4202323986147819	0.15649214000376088	0.0
0.4217332286098347	0.15746631360413013	0.0
0.4232340586048875	0.1584420812177232	0.0
0.4247348885999403	0.15941942582116694	0.0
0.4262357185949931	0.16039833037321358	0.0
0.42773654859004584	0.1613787778150727	0.0
0.42923737858509864	0.16236075107069822	0.0
0.43073820858015144	0.16334423304713813	0.0
0.43223903857520424	0.1643292066348198	0.0
0.43373986857025704	0.16531565470788526	0.0
0.43524069856530984	0.16630356012450076	0.0
0.43674152856036264	0.16729290572717415	0.0
0.43824235855541543	0.16828367434307395	0.0
0.43974318855046823	0.1692758487843338	0.0
0.441244018545521	0.17026941184838848	0.0
0.4427448485405738	0.1712643463182709	0.0
0.4442456785356266	0.1722606349629327	0.0
0.4457465085306794	0.17325826053757612	0.0
0.4472473385257322	0.17425720578394394	0.0
0.448748168520785	0.17525745343066385	0.0
0.4502489985158378	0.1762589861935376	0.0
0.45174982851089057	0.1772617867758841	0.0
0.4532506585059433	0.17826583786883254	0.0
0.4547514885009961	0.17927112215165258	0.0
0.4562523184960489	0.1802776222920712	0.0
0.4577531484911017	0.1812853209465789	0.0
0.4592539784861545	0.1822942007607585	0.0
0.4607548084812073	0.18330424436959075	0.0
0.4622556384762601	0.1843154343977783	0.0
0.4637564684713129	0.18532775346006655	0.0
0.46525729846636565	0.18634118416154552	0.0
0.46675812846141845	0.18735570909797736	0.0
0.46825895845647125	0.1883713108561166	0.0
0.46975978845152405	0.18938797201401938	0.0
0.47126061844657685	0.1904056751413596	0.0
0.47276144844162965	0.19142440279975195	0.0
0.47426227843668245	0.19244413754306816	0.0
0.47576310843173525	0.19346486191774523	0.0
0.477263938426788	0.19448655846311524	0.0
0.4787647684218408	0.19550920971171784	0.0
0.4802655984168936	0.1965327981896046	0.0
0.4817664284119464	0.19755730641667646	0.0
0.4832672584069992	0.19858271690699508	0.0
0.484768088402052	0.19960901216908633	0.0
0.4862689183971048	0.20063617470627026	0.0
0.4877697483921576	0.2016641870169838	0.0
0.4892705783872104	0.2026930315950822	0.0
0.49077140838226313	0.20372269093015996	0.0
0.49227223837731593	0.20475314750788284	0.0
0.49377306837236873	0.20578438381029	0.0
0.49527389836742153	0.20681638231611002	0.0
0.4967747283624743	0.20784912550108342	0.0
0.4982755583575271	0.2088825958382898	0.0
0.4997763883525799	0.2099167757984443	0.0
0.5012772183476327	0.21095164785023038	0.0
0.5027780483426855	0.2119871944606075	0.0
0.5042788783377383	0.21302339809514337	0.0
0.5057797083327911	0.21406024121830386	0.0
0.5072805383278439	0.21509770629379804	0.0
0.5087813683228967	0.2161357757848808	0.0
0.5102821983179494	0.21717443215467028	0.0
0.5117830283130023	0.2182136578664668	0.0
0.513283858308055	0.21925343538407177	0.0
0.5147846883031079	0.2202937471720976	0.0
0.5162855182981606	0.2213345756963036	0.0
0.5177863482932135	0.22237590342387958	0.0
0.5192871782882662	0.22341771282378559	0.0
0.520788008283319	0.22445998636707393	0.0
0.5222888382783718	0.22550270652718776	0.0
0.5237896682734245	0.2265458557802848	0.0
0.5252904982684774	0.22758941660555754	0.0
0.5267913282635301	0.22863337148553628	0.0
0.528292158258583	0.2296777029064271	0.0
0.5297929882536357	0.230722393358408	0.0
0.5312938182486886	0.23176742533594644	0.0
0.5327946482437413	0.23281278133812955	0.0
0.5342954782387941	0.23385844386896365	0.0
0.5357963082338469	0.23490439543769673	0.0
0.5372971382288997	0.2359506185591383	0.0
0.5387979682239525	0.23699709575396158	0.0
0.5402987982190053	0.23804380954902266	0.0
0.5417996282140581	0.239090742477692	0.0
0.5433004582091109	0.24013787708014125	0.0
0.5448012882041637	0.24118519590367576	0.0
0.5463021181992165	0.24223268150304114	0.0
0.5478029481942692	0.24328031644074372	0.0
0.5493037781893221	0.2443280832873586	0.0
0.5508046081843748	0.2453759646218397	0.0
0.5523054381794277	0.24642394303184836	0.0
0.5538062681744804	0.2474720011140447	0.0
0.5553070981695333	0.2485201214744124	0.0
0.556807928164586	0.24956828672858142	0.0
0.5583087581596388	0.25061647950210636	0.0
0.5598095881546916	0.2516646824308279	0.0
0.5613104181497444	0.2527128781611343	0.0
0.5628112481447972	0.2537610493502987	0.0
0.56431207813985	0.25480917866680014	0.0
0.5658129081349028	0.2558572487906044	0.0
0.5673137381299556	0.2569052424135	0.0
0.5688145681250084	0.2579531422393945	0.0
0.5703153981200612	0.25900093098463095	0.0
0.5718162281151139	0.2600485913782887	0.0
0.5733170581101668	0.2610961061625004	0.0
0.5748178881052195	0.2621434580927629	0.0
0.5763187181002724	0.2631906299382307	0.0
0.5778195480953251	0.2642376044820387	0.0
0.579320378090378	0.26528436452161525	0.0
0.5808212080854307	0.26633089286895373	0.0
0.5823220380804836	0.2673771723509665	0.0
0.5838228680755363	0.26842318580975055	0.0
0.585323698070589	0.26946891610292917	0.0
0.5868245280656419	0.2705143461039178	0.0
0.5883253580606946	0.2715594587022602	0.0
0.5898261880557475	0.27260423680392604	0.0
0.5913270180508002	0.27364866333159227	0.0
0.5928278480458531	0.27469272122498095	0.0
0.5943286780409058	0.2757363934411447	0.0
0.5958295080359586	0.27677966295476	0.0
0.5973303380310114	0.27782251275844977	0.0
0.5988311680260642	0.27886492586306494	0.0
0.600331998021117	0.279906885297994	0.0
0.6018328280161698	0.28094837411145923	0.0
0.6033336580112226	0.28198937537083407	0.0
0.6048344880062754	0.28302987216291337	0.0
0.6063353180013282	0.28406984759422743	0.0
0.607836147996381	0.28510928479134595	0.0
0.6093369779914337	0.2861481669011527	0.0
0.6108378079864866	0.2871864770911707	0.0
0.6123386379815393	0.2882241985498375	0.0
0.6138394679765922	0.28926131448680414	0.0
0.6153402979716449	0.2902978081332363	0.0
0.6168411279666978	0.29133366274210026	0.0
0.6183419579617505	0.2923688615884669	0.0
0.6198427879568033	0.29340338796979026	0.0
0.6213436179518561	0.29443722520620114	0.0
0.6228444479469089	0.2954703566408214	0.0
0.6243452779419617	0.2965027656400144	0.0
0.6258461079370145	0.29753443559371373	0.0
0.6273469379320673	0.2985653499156923	0.0
0.62884776792712	0.29959549204384606	0.0
0.6303485979221729	0.3006248454404936	0.0
0.6318494279172256	0.301653393592657	0.0
0.6333502579122784	0.302681120012357	0.0
0.6348510879073312	0.3037080082368608	0.0
0.636351917902384	0.3047340418290299	0.0
0.6378527478974368	0.3057592043775496	0.0
0.6393535778924896	0.30678347949724505	0.0
0.6408544078875424	0.3078068508293312	0.0
0.6423552378825952	0.3088293020417276	0.0
0.643856067877648	0.30985081682931176	0.0
0.6453568978727008	0.3108713789142187	0.0
0.6468577278677535	0.3118909720461056	0.0
0.6483585578628064	0.3129095800024345	0.0
0.6498593878578591	0.3139271865887468	0.0
0.651360217852912	0.3149437756389482	0.0
0.6528610478479647	0.31595933101556467	0.0
0.6543618778430176	0.3169738366100412	0.0
0.6558627078380703	0.31798727634299884	0.0
0.6573635378331231	0.3189996341644994	0.0
0.6588643678281759	0.3200108940543351	0.0
0.6603651978232287	0.3210210400222953	0.0
0.6618660278182815	0.3220300561084227	0.0
0.6633668578133343	0.32303792638329326	0.0
0.6648676878083871	0.32404463494828845	0.0
0.6663685178034399	0.32505016593585073	0.0
0.6678693477984927	0.3260545035097421	0.0
0.6693701777935455	0.32705763186532966	0.0
0.6708710077885982	0.32805953522983694	0.0
0.6723718377836511	0.3290601978626073	0.0
0.6738726677787038	0.3300596040553642	0.0
0.6753734977737567	0.3310577381324776	0.0
0.6768743277688094	0.3320545844512133	0.0
0.6783751577638623	0.3330501274019962	0.0
0.679875987758915	0.3340443514086722	0.0
0.6813768177539679	0.33503724092875936	0.0
0.6828776477490206	0.3360287804537113	0.0
0.6843784777440733	0.3370189545091477	0.0
0.6858793077391262	0.3380077476551412	0.0
0.6873801377341789	0.33899514448644485	0.0
0.6888809677292318	0.33998112963274635	0.0
0.6903817977242845	0.34096568775892944	0.0
0.6918826277193374	0.3419488035653154	0.0
0.6933834577143901	0.3429304617878932	0.0
0.6948842877094429	0.34391064719860825	0.0
0.6963851177044957	0.34488934460556686	0.0
0.6978859476995485	0.34586653885330515	0.0
0.6993867776946013	0.34684221482300925	0.0
0.7008876076896541	0.3478163574327881	0.0
0.7023884376847069	0.3487889516378812	0.0
0.7038892676797597	0.3497599824309264	0.0
0.7053900976748125	0.3507294348421857	0.0
0.7068909276698653	0.351697293939777	0.0
0.708391757664918	0.352663544829929	0.0
0.7098925876599709	0.3536281726571938	0.0
0.7113934176550236	0.3545911626046915	0.0
0.7128942476500765	0.35555249989434784	0.0
0.7143950776451292	0.3565121697871265	0.0
0.7158959076401821	0.3574701575832473	0.0
0.7173967376352348	0.3584264486224113	0.0
0.7188975676302876	0.3593810282840672	0.0
0.7203983976253404	0.3603338819875879	0.0
0.7218992276203932	0.36128499519252943	0.0
0.723400057615446	0.3622343533988471	0.0
0.7249008876104988	0.36318194214710803	0.0
0.7264017176055516	0.36412774701873896	0.0
0.7279025476006044	0.3650717536362176	0.0
0.7294033775956572	0.3660139476633082	0.0
0.73090420759071	0.3669543148052856	0.0
0.7324050375857627	0.3678928408091463	0.0
0.7339058675808156	0.36882951146380816	0.0
0.7354066975758683	0.36976431260035303	0.0
0.7369075275709212	0.3706972300922328	0.0
0.7384083575659739	0.37162824985547016	0.0
0.7399091875610267	0.3725573578488872	0.0
0.7414100175560795	0.373484540074287	0.0
0.7429108475511323	0.374409782576702	0.0
0.7444116775461851	0.3753330714445739	0.0
0.7459125075412378	0.37625439280997486	0.0
0.7474133375362907	0.3771737328487984	0.0
0.7489141675313434	0.37809107778097123	0.0
0.7504149975263963	0.3790064138706664	0.0
0.751915827521449	0.3799197274264931	0.0
0.7534166575165019	0.38083100480169346	0.0
0.7549174875115546	0.3817402323943642	0.0
0.7564183175066074	0.3826473966476274	0.0
0.7579191475016602	0.3835524840498273	0.0
0.759419977496713	0.3844554811347756	0.0
0.7609208074917658	0.3853563744818703	0.0
0.7624216374868186	0.38625515071636024	0.0
0.7639224674818714	0.3871517965094767	0.0
0.7654232974769242	0.3880462985786788	0.0
0.766924127471977	0.38893864368780723	0.0
0.7684249574670298	0.3898288186472824	0.0
0.7699257874620825	0.39071681031429917	0.0
0.7714266174571354	0.3916026055930018	0.0
0.7729274474521881	0.39248619143468455	0.0
0.774428277447241	0.39336755483795005	0.0
0.7759291074422937	0.39424668284894027	0.0
0.7774299374373466	0.3951235625614478	0.0
0.7789307674323993	0.39599818111716467	0.0
0.7804315974274522	0.39687052570582315	0.0
0.7819324274225049	0.39774058356538866	0.0
0.7834332574175576	0.3986083419822281	0.0
0.7849340874126105	0.39947378829128666	0.0
0.7864349174076632	0.4003369098762775	0.0
0.7879357474027161	0.40119769416983175	0.0
0.7894365773977688	0.4020561286536901	0.0
0.7909374073928217	0.4029122008588705	0.0
0.7924382373878744	0.40376589836582516	0.0
0.7939390673829272	0.40461720880464436	0.0
0.79543989737798	0.40546611985517367	0.0
0.7969407273730328	0.4063126192472229	0.0
0.7984415573680856	0.40715669476072514	0.0
0.7999423873631384	0.4079983342258756	0.0
0.8014432173581912	0.40883752552332514	0.0
0.802944047353244	0.40967425658433265	0.0
0.8044448773482968	0.4105085153909166	0.0
0.8059457073433496	0.4113402899760356	0.0
0.8074465373384023	0.412169568423738	0.0
0.8089473673334552	0.4129963388693126	0.0
0.8104481973285079	0.4138205894994485	0.0
0.8119490273235608	0.41464230855240997	0.0
0.8134498573186135	0.41546148431816526	0.0
0.8149506873136664	0.4162781051385648	0.0
0.8164515173087191	0.41709215940747135	0.0
0.817952347303772	0.4179036355709286	0.0
0.8194531772988247	0.4187125221273051	0.0
0.8209540072938775	0.41951880762745014	0.0
0.8224548372889303	0.42032248067483613	0.0
0.8239556672839831	0.42112352992571317	0.0
0.8254564972790359	0.42192194408925193	0.0
0.8269573272740887	0.4227177119276826	0.0
0.8284581572691415	0.42351082225646786	0.0
0.8299589872641943	0.42430126394439976	0.0
0.831459817259247	0.42508902591379016	0.0
0.8329606472542999	0.4258740971405851	0.0
0.8344614772493526	0.42665646665451534	0.0
0.8359623072444055	0.42743612353923843	0.0
0.8374631372394582	0.4282130569324737	0.0
0.838963967234511	0.42898725602613713	0.0
0.8404647972295638	0.42975871006649413	0.0
0.8419656272246167	0.43052740835427067	0.0
0.8434664572196694	0.43129334024481913	0.0
0.8449672872147221	0.43205649514822103	0.0
0.846468117209775	0.43281686252945417	0.0
0.8479689472048277	0.43357443190849865	0.0
0.8494697771998806	0.43432919286048643	0.0
0.8509706071949333	0.43508113501580675	0.0
0.8524714371899862	0.4358302480602856	0.0
0.8539722671850389	0.4365765217352527	0.0
0.8554730971800917	0.4373199458377227	0.0
0.8569739271751445	0.43806051022048736	0.0
0.8584747571701973	0.4387982047922689	0.0
0.8599755871652501	0.4395330195178303	0.0
0.8614764171603029	0.4402649444181002	0.0
0.8629772471553557	0.44099396957029974	0.0
0.8644780771504085	0.4417200851080709	0.0
0.8659789071454613	0.4424432812215924	0.0
0.8674797371405141	0.443163548157709	0.0
0.8689805671355668	0.4438808762200368	0.0
0.8704813971306197	0.44459525576910625	0.0
0.8719822271256724	0.4453066772224649	0.0
0.8734830571207253	0.4460151310548073	0.0
0.874983887115778	0.446720607798072	0.0
0.8764847171108309	0.4474230980415892	0.0
0.8779855471058836	0.4481225924321675	0.0
0.8794863771009365	0.44881908167423135	0.0
0.8809872070959892	0.44951255652993577	0.0
0.882488037091042	0.45020300781924794	0.0
0.8839888670860948	0.45089042642009597	0.0
0.8854896970811476	0.4515748032684725	0.0
0.8869905270762004	0.4522561293585599	0.0
0.8884913570712532	0.45293439574278976	0.0
0.889992187066306	0.4536095935320202	0.0
0.8914930170613588	0.4542817138955941	0.0
0.8929938470564115	0.4549507480614877	0.0
0.8944946770514643	0.45561668731637367	0.0
0.8959955070465171	0.4562795230057767	0.0
0.89749633704157	0.45693924653414814	0.0
0.8989971670366227	0.4575958493649848	0.0
0.9004979970316755	0.45824932302093274	0.0
0.9019988270267283	0.45889965908388713	0.0
0.9034996570217811	0.45954684919510225	0.0
0.9050004870168339	0.4601908850552932	0.0
0.9065013170118866	0.46083175842473195	0.0
0.9080021470069395	0.4614694611233647	0.0
0.9095029770019922	0.46210398503090866	0.0
0.9110038069970451	0.4627353220869229	0.0
0.9125046369920978	0.46336346429095643	0.0
0.9140054669871507	0.46398840370262956	0.0
0.9155062969822034	0.4646101324417087	0.0
0.9170071269772563	0.46522864268824904	0.0
0.918507956972309	0.4658439266826305	0.0
0.9200087869673618	0.4664559767257277	0.0
0.9215096169624146	0.46706478517895805	0.0
0.9230104469574674	0.46767034446438854	0.0
0.9245112769525202	0.4682726470648241	0.0
0.926012106947573	0.4688716855239212	0.0
0.9275129369426258	0.46946745244626065	0.0
0.9290137669376786	0.47005994049746136	0.0
0.9305145969327313	0.47064914240424116	0.0
0.9320154269277842	0.47123505095454965	0.0
0.9335162569228369	0.4718176589976401	0.0
0.9350170869178898	0.4723969594441409	0.0
0.9365179169129425	0.4729729452661756	0.0
0.9380187469079954	0.47354560949744845	0.0
0.9395195769030481	0.4741149452333123	0.0
0.941020406898101	0.4746809456308719	0.0
0.9425212368931537	0.47524360390907383	0.0
0.9440220668882064	0.47580291334879515	0.0
0.9455228968832593	0.4763588672929076	0.0
0.947023726878312	0.4769114591464041	0.0
0.9485245568733649	0.47746068237644057	0.0
0.9500253868684176	0.47800653051245123	0.0
0.9515262168634705	0.47854899714621907	0.0
0.9530270468585232	0.47908807593195907	0.0
0.954527876853576	0.47962376058639966	0.0
0.9560287068486288	0.4801560448888973	0.0
0.9575295368436816	0.48068492268145546	0.0
0.9590303668387344	0.4812103878688588	0.0
0.9605311968337872	0.4817324344187428	0.0
0.96203202682884	0.48225105636165017	0.0
0.9635328568238928	0.48276624779113797	0.0
0.9650336868189456	0.4832780028638391	0.0
0.9665345168139984	0.48378631579954356	0.0
0.9680353468090511	0.48429118088128575	0.0
0.969536176804104	0.48479259245542	0.0
0.9710370067991567	0.48529054493166796	0.0
0.9725378367942096	0.48578503278325447	0.0
0.9740386667892623	0.48627605054690876	0.0
0.9755394967843152	0.4867635928229942	0.0
0.9770403267793679	0.487247654275565	0.0
0.9785411567744208	0.48772822963244145	0.0
0.9800419867694735	0.4882053136852608	0.0
0.9815428167645263	0.48867890128957486	0.0
0.9830436467595791	0.4891489873649382	0.0
0.9845444767546319	0.48961556689491903	0.0
0.9860453067496847	0.49007863492721987	0.0
0.9875461367447375	0.49053818657374054	0.0
0.9890469667397903	0.49099421701062806	0.0
0.9905477967348431	0.4914467214783591	0.0
0.9920486267298958	0.49189569528179455	0.0
0.9935494567249487	0.49234113379025873	0.0
0.9950502867200014	0.49278303243761207	0.0
0.9965511167150543	0.4932213867222941	0.0
0.998051946710107	0.49365619220740303	0.0
0.9995527767051599	0.49408744452076725	0.0
1.0010536067002127	0.4945151393549832	0.0
1.0025544366952654	0.4949392724674994	0.0
1.0040552666903182	0.4953598396806792	0.0
1.005556096685371	0.49577683688184604	0.0
1.0070569266804237	0.4961902600233497	0.0
1.0085577566754766	0.49660010512264346	0.0
1.0100585866705294	0.49700636826232075	0.0
1.0115594166655821	0.49740904559018495	0.0
1.0130602466606349	0.4978081333192948	0.0
1.0145610766556878	0.49820362772804877	0.0
1.0160619066507406	0.4985955251602036	0.0
1.0175627366457933	0.49898382202496416	0.0
1.019063566640846	0.49936851479702077	0.0
1.0205643966358988	0.4997496000165998	0.0
1.0220652266309518	0.5001270742895388	0.0
1.0235660566260045	0.5005009342872965	0.0
1.0250668866210573	0.5008711767470441	0.0
1.02656771661611	0.5012377984717152	0.0
1.028068546611163	0.5016007963300305	0.0
1.0295693766062157	0.5019601672565426	0.0
1.0310702066012685	0.5023159082517404	0.0
1.0325710365963212	0.5026680163820431	0.0
1.034071866591374	0.5030164887798431	0.0
1.035572696586427	0.503361322643568	0.0
1.0370735265814797	0.5037025152377606	0.0
1.0385743565765324	0.5040400638930718	0.0
1.0400751865715852	0.5043739660063132	0.0
1.041576016566638	0.504704219040534	0.0
1.0430768465616909	0.5050308205249978	0.0
1.0445776765567436	0.5053537680553002	0.0
1.0460785065517963	0.5056730592933338	0.0
1.047579336546849	0.5059886919674013	0.0
1.049080166541902	0.5063006638721982	0.0
1.0505809965369548	0.5066089728688664	0.0
1.0520818265320075	0.5069136168850328	0.0
1.0535826565270603	0.5072145939148245	0.0
1.055083486522113	0.5075119020189557	0.0
1.056584316517166	0.5078055393247054	0.0
1.0580851465122187	0.5080955040259667	0.0
1.0595859765072715	0.5083817943832951	0.0
1.0610868065023242	0.5086644087239126	0.0
1.0625876364973772	0.5089433454417481	0.0
1.06408846649243	0.5092186029974628	0.0
1.0655892964874827	0.5094901799184931	0.0
1.0670901264825354	0.5097580747990551	0.0
1.0685909564775882	0.5100222863001945	0.0
1.0700917864726411	0.5102828131497551	0.0
1.0715926164676939	0.5105396541424915	0.0
1.0730934464627466	0.5107928081400067	0.0
1.0745942764577994	0.5110422740708138	0.0
1.0760951064528523	0.5112880509303526	0.0
1.077595936447905	0.5115301377809998	0.0
1.0790967664429578	0.5117685337520954	0.0
1.0805975964380106	0.5120032380399481	0.0
1.0820984264330633	0.5122342499078538	0.0
1.0835992564281163	0.512461568686114	0.0
1.085100086423169	0.5126851937720582	0.0
1.0866009164182218	0.5129051246300239	0.0
1.0881017464132745	0.5131213607913941	0.0
1.0896025764083275	0.5133339018546007	0.0
1.0911034064033802	0.5135427474851407	0.0
1.092604236398433	0.5137478974155443	0.0
1.0941050663934857	0.5139493514454535	0.0
1.0956058963885384	0.5141471094415437	0.0
1.0971067263835914	0.5143411713375862	0.0
1.0986075563786442	0.5145315371344182	0.0
1.100108386373697	0.5147182068999595	0.0
1.1016092163687496	0.5149011807692107	0.0
1.1031100463638024	0.5150804589442468	0.0
1.1046108763588554	0.5152560416942052	0.0
1.106111706353908	0.5154279293552932	0.0
1.1076125363489608	0.5155961223308112	0.0
1.1091133663440136	0.5157606210910685	0.0
1.1106141963390666	0.5159214261734383	0.0
1.1121150263341193	0.5160785381823297	0.0
1.113615856329172	0.5162319577892059	0.0
1.1151166863242248	0.5163816857324968	0.0
1.1166175163192775	0.5165277228176735	0.0
1.1181183463143305	0.5166700699171535	0.0
1.1196191763093832	0.5168087279703417	0.0
1.121120006304436	0.5169436979835893	0.0
1.1226208362994887	0.5170749810302006	0.0
1.1241216662945417	0.517202578250344	0.0
1.1256224962895944	0.517326490851112	0.0
1.1271233262846472	0.5174467201064482	0.0
1.1286241562797	0.5175632673571312	0.0
1.1301249862747527	0.5176761340107446	0.0
1.1316258162698056	0.517785321541685	0.0
1.1331266462648584	0.5178908314910792	0.0
1.1346274762599111	0.5179926654667848	0.0
1.1361283062549639	0.5180908251433698	0.0
1.1376291362500168	0.5181853122620217	0.0
1.1391299662450696	0.5182761286305897	0.0
1.1406307962401223	0.5183632761234678	0.0
1.142131626235175	0.5184467566816544	0.0
1.1436324562302278	0.5185265723126027	0.0
1.1451332862252808	0.5186027250902554	0.0
1.1466341162203335	0.5186752171549918	0.0
1.1481349462153863	0.518744050713542	0.0
1.149635776210439	0.518809228038992	0.0
1.151136606205492	0.5188707514707055	0.0
1.1526374362005447	0.5189286234142826	0.0
1.1541382661955975	0.5189828463415084	0.0
1.1556390961906502	0.5190334227903219	0.0
1.157139926185703	0.5190803553647229	0.0
1.158640756180756	0.5191236467347435	0.0
1.1601415861758086	0.5191632996363782	0.0
1.1616424161708614	0.5191993168715492	0.0
1.1631432461659141	0.5192317013080124	0.0
1.164644076160967	0.5192604558793202	0.0
1.1661449061560198	0.5192855835847432	0.0
1.1676457361510726	0.5193070874892388	0.0
1.1691465661461253	0.5193249707233343	0.0
1.170647396141178	0.5193392364830832	0.0
1.172148226136231	0.5193498880300111	0.0
1.1736490561312838	0.5193569286910171	0.0
1.1751498861263365	0.5193603618583255	0.0
1.1766507161213893	0.5193601909893939	0.0
1.178151546116442	0.5193564196068292	0.0
1.179652376111495	0.519349051298353	0.0
1.1811532061065477	0.5193380897166603	0.0
1.1826540361016005	0.5193235385793957	0.0
1.1841548660966532	0.5193054016690359	0.0
1.1856556960917062	0.5192836828327975	0.0
1.187156526086759	0.5192583859826068	0.0
1.1886573560818117	0.5192295150949432	0.0
1.1901581860768644	0.5191970742107768	0.0
1.1916590160719172	0.5191610674355248	0.0
1.1931598460669701	0.519121498938865	0.0
1.1946606760620229	0.5190783729547144	0.0
1.1961615060570756	0.5190316937811095	0.0
1.1976623360521284	0.5189814657801165	0.0
1.1991631660471813	0.5189276933777028	0.0
1.200663996042234	0.5188703810637018	0.0
1.2021648260372868	0.5188095333916214	0.0
1.2036656560323395	0.5187451549786171	0.0
1.2051664860273923	0.5186772505053534	0.0
1.2066673160224453	0.518605824715869	0.0
1.208168146017498	0.5185308824175453	0.0
1.2096689760125507	0.5184524284808941	0.0
1.2111698060076035	0.5183704678395297	0.0
1.2126706360026565	0.5182850054900435	0.0
1.2141714659977092	0.5181960464918323	0.0
1.215672295992762	0.5181035959670259	0.0
1.2171731259878147	0.5180076591003582	0.0
1.2186739559828674	0.5179082411390578	0.0
1.2201747859779204	0.5178053473927066	0.0
1.2216756159729731	0.5176989832331286	0.0
1.2231764459680259	0.5175891540942548	0.0
1.2246772759630786	0.5174758654720006	0.0
1.2261781059581316	0.5173591229241579	0.0
1.2276789359531843	0.517238932070221	0.0
1.229179765948237	0.517115298591294	0.0
1.2306805959432898	0.516988228229913	0.0
1.2321814259383426	0.5168577267899856	0.0
1.2336822559333955	0.5167238001365665	0.0
1.2351830859284483	0.5165864541957845	0.0
1.236683915923501	0.5164456949546591	0.0
1.2381847459185538	0.516301528460981	0.0
1.2396855759136065	0.5161539608231966	0.0
1.2411864059086595	0.5160029982101755	0.0
1.2426872359037122	0.5158486468511613	0.0
1.244188065898765	0.515690913035571	0.0
1.2456888958938177	0.515529803112865	0.0
1.2471897258888707	0.5153653234923908	0.0
1.2486905558839234	0.5151974806431939	0.0
1.2501913858789762	0.5150262810939342	0.0
1.251692215874029	0.5148517314326797	0.0
1.2531930458690816	0.5146738383067624	0.0
1.2546938758641346	0.5144926084226072	0.0
1.2561947058591874	0.5143080485456075	0.0
1.25769553585424	0.5141201654999292	0.0
1.2591963658492928	0.5139289661683569	0.0
1.2606971958443458	0.5137344574921336	0.0
1.2621980258393986	0.5135366464707677	0.0
1.2636988558344513	0.5133355401619332	0.0
1.265199685829504	0.5131311456812142	0.0
1.2667005158245568	0.5129234702020038	0.0
1.2682013458196097	0.5127125209552876	0.0
1.2697021758146625	0.5124983052294876	0.0
1.2712030058097152	0.5122808303702828	0.0
1.272703835804768	0.5120601037804547	0.0
1.274204665799821	0.5118361329196699	0.0
1.2757054957948737	0.5116089253043274	0.0
1.2772063257899264	0.5113784885073851	0.0
1.2787071557849792	0.5111448301581346	0.0
1.280207985780032	0.5109079579420749	0.0
1.2817088157750849	0.5106678796006916	0.0
1.2832096457701376	0.5104246029312631	0.0
1.2847104757651904	0.5101781357867281	0.0
1.2862113057602431	0.509928486075433	0.0
1.287712135755296	0.5096756617609636	0.0
1.2892129657503488	0.5094196708619626	0.0
1.2907137957454016	0.50916052145194	0.0
1.2922146257404543	0.5088982216590627	0.0
1.293715455735507	0.5086327796659659	0.0
1.29521628573056	0.5083642037095736	0.0
1.2967171157256128	0.5080925020808538	0.0
1.2982179457206655	0.5078176831246967	0.0
1.2997187757157183	0.5075397552396086	0.0
1.3012196057107712	0.507258726877641	0.0
1.302720435705824	0.5069746065440625	0.0
1.3042212657008767	0.5066874027972432	0.0
1.3057220956959295	0.506397124248393	0.0
1.3072229256909822	0.5061037795614036	0.0
1.3087237556860352	0.5058073774526047	0.0
1.310224585681088	0.5055079266905669	0.0
1.3117254156761406	0.5052054360958975	0.0
1.3132262456711934	0.5048999145410242	0.0
1.3147270756662461	0.504591370949992	0.0
1.316227905661299	0.5042798142982391	0.0
1.3177287356563518	0.5039652536123963	0.0
1.3192295656514046	0.5036476979700452	0.0
1.3207303956464573	0.50332715649954	0.0
1.3222312256415103	0.5030036383797643	0.0
1.323732055636563	0.5026771528399148	0.0
1.3252328856316158	0.5023477091593082	0.0
1.3267337156266685	0.5020153166671141	0.0
1.3282345456217213	0.5016799847421844	0.0
1.3297353756167742	0.5013417228128166	0.0
1.331236205611827	0.5010005403564872	0.0
1.3327370356068797	0.5006564468997043	0.0
1.3342378656019325	0.5003094520177053	0.0
1.3357386955969854	0.49995956533429714	0.0
1.3372395255920382	0.4996067965215953	0.0
1.338740355587091	0.49925115529980363	0.0
1.3402411855821437	0.4988926514369824	0.0
1.3417420155771964	0.49853129474882685	0.0
1.3432428455722494	0.4981670950984363	0.0
1.3447436755673021	0.4978000623960789	0.0
1.3462445055623549	0.49743020659895915	0.0
1.3477453355574076	0.4970575377110106	0.0
1.3492461655524606	0.49668206578260354	0.0
1.3507469955475133	0.49630380091038856	0.0
1.352247825542566	0.49592275323700946	0.0
1.3537486555376188	0.49553893295088147	0.0
1.3552494855326715	0.4951523502859551	0.0
1.3567503155277245	0.49476301552149116	0.0
1.3582511455227773	0.4943709389817915	0.0
1.35975197551783	0.4939761310360147	0.0
1.3612528055128827	0.4935786020979008	0.0
1.3627536355079357	0.4931783626255128	0.0
1.3642544655029885	0.4927754231210543	0.0
1.3657552954980412	0.49236979413058324	0.0
1.367256125493094	0.49196148624378644	0.0
1.3687569554881467	0.4915505100937387	0.0
1.3702577854831997	0.4911368763566615	0.0
1.3717586154782524	0.4907205957516831	0.0
1.3732594454733051	0.49030167904057664	0.0
1.3747602754683579	0.48988013702755734	0.0
1.3762611054634106	0.4894559805589815	0.0
1.3777619354584636	0.48902922052316317	0.0
1.3792627654535163	0.4885998678500757	0.0
1.380763595448569	0.48816793351114074	0.0
1.3822644254436218	0.4877334285189736	0.0
1.3837652554386748	0.4872963639271228	0.0
1.3852660854337275	0.48685675082985436	0.0
1.3867669154287803	0.48641460036187045	0.0
1.388267745423833	0.4859699236980876	0.0
1.3897685754188858	0.48552273205336827	0.0
1.3912694054139387	0.48507303668228924	0.0
1.3927702354089915	0.48462084887888424	0.0
1.3942710654040442	0.48416617997639966	0.0
1.395771895399097	0.4837090413470421	0.0
1.39727272539415	0.48324944440172357	0.0
1.3987735553892027	0.4827874005898308	0.0
1.4002743853842554	0.4823229213989495	0.0
1.4017752153793082	0.4818560183546293	0.0
1.403276045374361	0.48138670302013653	0.0
1.4047768753694139	0.4809149869961861	0.0
1.4062777053644666	0.4804408819207093	0.0
1.4077785353595194	0.4799643994685926	0.0
1.409279365354572	0.47948555135142373	0.0
1.410780195349625	0.4790043493172501	0.0
1.4122810253446778	0.4785208051503151	0.0
1.4137818553397306	0.47803493067080405	0.0
1.4152826853347833	0.47754673773461853	0.0
1.416783515329836	0.4770562382330848	0.0
1.418284345324889	0.47656344409273527	0.0
1.4197851753199418	0.4760683672750266	0.0
1.4212860053149945	0.4755710197761084	0.0
1.4227868353100472	0.4750714136265628	0.0
1.4242876653051002	0.47456956089114444	0.0
1.425788495300153	0.4740654736685456	0.0
1.4272893252952057	0.473559164091126	0.0
1.4287901552902584	0.4730506443246712	0.0
1.4302909852853112	0.4725399265681208	0.0
1.4317918152803641	0.4720270230533196	0.0
1.4332926452754169	0.47151194604479924	0.0
1.4347934752704696	0.47099470783946956	0.0
1.4362943052655224	0.4704753207664106	0.0
1.4377951352605751	0.46995379718658065	0.0
1.439295965255628	0.46943014949260636	0.0
1.4407967952506808	0.4689043901084858	0.0
1.4422976252457336	0.46837653148936603	0.0
1.4437984552407863	0.46784658612126917	0.0
1.4452992852358393	0.46731456652085224	0.0
1.446800115230892	0.46678048523514654	0.0
1.4483009452259448	0.4662443548413032	0.0
1.4498017752209975	0.4657061879463511	0.0
1.4513026052160503	0.46516599718692936	0.0
1.4528034352111032	0.4646237952290411	0.0
1.454304265206156	0.46407959476780036	0.0
1.4558050952012087	0.46353340852717534	0.0
1.4573059251962615	0.462985249259731	0.0
1.4588067551913144	0.46243512974640333	0.0
1.4603075851863672	0.46188306279620006	0.0
1.46180841518142	0.4613290612459906	0.0
1.4633092451764727	0.4607731379602391	0.0
1.4648100751715254	0.4602153058307347	0.0
1.4663109051665784	0.4596555777763601	0.0
1.467811735161631	0.45909396674284014	0.0
1.4693125651566838	0.4585304857024722	0.0
1.4708133951517366	0.4579651476538908	0.0
1.4723142251467896	0.45739796562180973	0.0
1.4738150551418423	0.45682895265677564	0.0
1.475315885136895	0.4562581218348893	0.0
1.4768167151319478	0.45568548625760047	0.0
1.4783175451270005	0.4551110590514275	0.0
1.4798183751220535	0.45453485336769905	0.0
1.4813192051171062	0.4539568823823306	0.0
1.482820035112159	0.4533771592955445	0.0
1.4843208651072117	0.4527956973316504	0.0
1.4858216951022647	0.45221250973875493	0.0
1.4873225250973174	0.45162760978856525	0.0
1.4888233550923702	0.45104101077607944	0.0
1.490324185087423	0.4504527260193917	0.0
1.4918250150824757	0.44986276885938864	0.0
1.4933258450775286	0.4492711526595603	0.0
1.4948266750725814	0.4486778908057019	0.0
1.4963275050676341	0.4480829967056791	0.0
1.4978283350626869	0.4474864837891893	0.0
1.4993291650577398	0.4468883655075118	0.0
1.5008299950527926	0.4462886553332384	0.0
1.5023308250478453	0.44568736676006254	0.0
1.503831655042898	0.44508451330249765	0.0
1.5053324850379508	0.44448010849564296	0.0
1.5068333150330038	0.44387416589493306	0.0
1.5083341450280565	0.4432666990759009	0.0
1.5098349750231093	0.4426577216339243	0.0
1.511335805018162	0.44204724718395944	0.0
1.5128366350132147	0.4414352893603308	0.0
1.5143374650082677	0.4408218618164636	0.0
1.5158382950033205	0.440206978224637	0.0
1.5173391249983732	0.4395906522757492	0.0
1.518839954993426	0.43897289767905795	0.0
1.520340784988479	0.4383537281619336	0.0
1.5218416149835317	0.4377331574696482	0.0
1.5233424449785844	0.4371111993650768	0.0
1.5248432749736371	0.43648786762850217	0.0
1.5263441049686899	0.43586317605732466	0.0
1.5278449349637429	0.43523713846586565	0.0
1.5293457649587956	0.43460976868509577	0.0
1.5308465949538483	0.43398108056237766	0.0
1.532347424948901	0.433351087961258	0.0
1.533848254943954	0.43271980476119976	0.0
1.5353490849390068	0.4320872448573321	0.0
1.5368499149340595	0.43145342216024335	0.0
1.5383507449291123	0.43081835059569956	0.0
1.539851574924165	0.4301820441044149	0.0
1.541352404919218	0.429544516641816	0.0
1.5428532349142707	0.4289057821777982	0.0
1.5443540649093235	0.4282658546964745	0.0
1.5458548949043762	0.4276247481959324	0.0
1.5473557248994292	0.42698247668801365	0.0
1.548856554894482	0.42633905419805385	0.0
1.5503573848895347	0.42569449476463694	0.0
1.5518582148845874	0.4250488124393661	0.0
1.5533590448796402	0.42440202128663324	0.0
1.5548598748746931	0.42375413538334433	0.0
1.5563607048697459	0.42310516881870625	0.0
1.5578615348647986	0.4224551356939756	0.0
1.5593623648598514	0.42180405012223315	0.0
1.5608631948549043	0.42115192622811776	0.0
1.562364024849957	0.42049877814760167	0.0
1.5638648548450098	0.4198446200277653	0.0
1.5653656848400626	0.41918946602651336	0.0
1.5668665148351153	0.41853333031239176	0.0
1.5683673448301683	0.41787622706430705	0.0
1.569868174825221	0.417218170471296	0.0
1.5713690048202738	0.41655917473230236	0.0
1.5728698348153265	0.41589925405591727	0.0
1.5743706648103792	0.41523842266014704	0.0
1.5758714948054322	0.41457669477219067	0.0
1.577372324800485	0.41391408462817797	0.0
1.5788731547955377	0.4132506064729334	0.0
1.5803739847905904	0.4125862745597587	0.0
1.5818748147856434	0.4119211031501597	0.0
1.5833756447806961	0.4112551065136496	0.0
1.584876474775749	0.41058829892748455	0.0
1.5863773047708016	0.40992069467642195	0.0
1.5878781347658544	0.40925230805249874	0.0
1.5893789647609073	0.4085831533547869	0.0
1.59087979475596	0.4079132448891509	0.0
1.5923806247510128	0.40724259696800796	0.0
1.5938814547460656	0.4065712239101123	0.0
1.5953822847411185	0.4058991400402933	0.0
1.5968831147361713	0.40522635968922427	0.0
1.598383944731224	0.40455289719317916	0.0
1.5998847747262768	0.40387876689382296	0.0
1.6013856047213295	0.40320398313793776	0.0
1.6028864347163825	0.4025285602772013	0.0
1.6043872647114352	0.4018525126679615	0.0
1.605888094706488	0.4011758546709716	0.0
1.6073889247015407	0.40049860065118353	0.0
1.6088897546965937	0.39982076497748686	0.0
1.6103905846916464	0.3991423620224888	0.0
1.6118914146866992	0.39846340616225523	0.0
1.613392244681752	0.3977839117760983	0.0
1.6148930746768047	0.39710389324632445	0.0
1.6163939046718576	0.39642336495797914	0.0
1.6178947346669104	0.39574234129868174	0.0
1.619395564661963	0.39506083665829017	0.0
1.6208963946570158	0.3943788654287193	0.0
1.6223972246520688	0.39369644200371023	0.0
1.6238980546471216	0.393013580778571	0.0
1.6253988846421743	0.3923302961499351	0.0
1.626899714637227	0.3916466025155474	0.0
1.6284005446322798	0.39096251427400985	0.0
1.6299013746273328	0.3902780458245418	0.0
1.6314022046223855	0.38959321156675375	0.0
1.6329030346174382	0.3889080259004049	0.0
1.634403864612491	0.3882225032251706	0.0
1.635904694607544	0.3875366579403847	0.0
1.6374055246025967	0.3868505044448299	0.0
1.6389063545976494	0.3861640571364742	0.0
1.6404071845927022	0.3854773304122486	0.0
1.641908014587755	0.38479033866781903	0.0
1.643408844582808	0.384103096297314	0.0
1.6449096745778606	0.38341561769311844	0.0
1.6464105045729134	0.3827279172456176	0.0
1.6479113345679661	0.3820400093429704	0.0
1.6494121645630189	0.3813519083708641	0.0
1.6509129945580718	0.3806636287122741	0.0
1.6524138245531246	0.3799751847472355	0.0
1.6539146545481773	0.3792865908525926	0.0
1.65541548454323	0.378597861401759	0.0
1.656916314538283	0.3779090107644987	0.0
1.6584171445333358	0.3772200533066595	0.0
1.6599179745283885	0.3765310033899522	0.0
1.6614188045234413	0.37584187537170605	0.0
1.662919634518494	0.3751526836046348	0.0
1.664420464513547	0.3744634424365867	0.0
1.6659212945085997	0.37377416621030196	0.0
1.6674221245036525	0.3730848692632012	0.0
1.6689229544987052	0.3723955659271097	0.0
1.6704237844937582	0.3717062705280404	0.0
1.671924614488811	0.37101699738594124	0.0
1.6734254444838637	0.3703277608144766	0.0
1.6749262744789164	0.36963857512075005	0.0
1.6764271044739691	0.3689494546051011	0.0
1.677927934469022	0.3682604135608333	0.0
1.6794287644640749	0.3675714662740063	0.0
1.6809295944591276	0.3668826270231591	0.0
1.6824304244541803	0.36619391007910423	0.0
1.6839312544492333	0.36550532970466104	0.0
1.685432084444286	0.36481690015441787	0.0
1.6869329144393388	0.36412863567451226	0.0
1.6884337444343915	0.363440550502361	0.0
1.6899345744294443	0.36275265886643365	0.0
1.6914354044244972	0.3620649749860057	0.0
1.69293623441955	0.36137751307093463	0.0
1.6944370644146027	0.3606902873213795	0.0
1.6959378944096555	0.3600033119275956	0.0
1.6974387244047084	0.35931660106967683	0.0
1.6989395543997612	0.3586301689173203	0.0
1.700440384394814	0.3579440296295599	0.0
1.7019412143898667	0.3572581973545683	0.0
1.7034420443849194	0.35657268622937005	0.0
1.7049428743799724	0.35588751037962496	0.0
1.7064437043750251	0.3552026839193839	0.0
1.7079445343700779	0.354518220950818	0.0
1.7094453643651306	0.3538341355640173	0.0
1.7109461943601834	0.3531504418367201	0.0
1.7124470243552363	0.3524671538340802	0.0
1.713947854350289	0.35178428560841835	0.0
1.7154486843453418	0.35110185119897724	0.0
1.7169495143403946	0.3504198646316894	0.0
1.7184503443354475	0.3497383399189201	0.0
1.7199511743305003	0.3490572910592251	0.0
1.721452004325553	0.3483767320371218	0.0
1.7229528343206058	0.3476966768228234	0.0
1.7244536643156585	0.3470171393720134	0.0
1.7259544943107115	0.34633813362558974	0.0
1.7274553243057642	0.3456596735094269	0.0
1.728956154300817	0.3449817729341257	0.0
1.7304569842958697	0.3443044457947809	0.0
1.7319578142909227	0.34362770597071945	0.0
1.7334586442859754	0.34295156732527027	0.0
1.7349594742810281	0.3422760437055211	0.0
1.736460304276081	0.34160114894206123	0.0
1.7379611342711336	0.3409268968487447	0.0
1.7394619642661866	0.34025330122245057	0.0
1.7409627942612393	0.3395803758428341	0.0
1.742463624256292	0.3389081344720681	0.0
1.7439644542513448	0.3382365908546416	0.0
1.7454652842463978	0.33756575871704686	0.0
1.7469661142414505	0.33689565176760256	0.0
1.7484669442365033	0.33622628369616736	0.0
1.749967774231556	0.33555766817391564	0.0
1.7514686042266088	0.3348898188530819	0.0
1.7529694342216617	0.3342227493667271	0.0
1.7544702642167145	0.3335564733284782	0.0
1.7559710942117672	0.3328910043323056	0.0
1.75747192420682	0.33222635595225547	0.0
1.758972754201873	0.3315625417422242	0.0
1.7604735841969257	0.3308995752357088	0.0
1.7619744141919784	0.3302374699455576	0.0
1.7634752441870312	0.3295762393637304	0.0
1.764976074182084	0.3289158969610545	0.0
1.7664769041771369	0.32825645618698535	0.0
1.7679777341721896	0.3275979304693589	0.0
1.7694785641672424	0.3269403332141381	0.0
1.770979394162295	0.3262836778051974	0.0
1.7724802241573479	0.3256279776040445	0.0
1.7739810541524008	0.3249732459495994	0.0
1.7754818841474536	0.3243194961579556	0.0
1.7769827141425063	0.32366674152211494	0.0
1.778483544137559	0.3230149953117661	0.0
1.779984374132612	0.3223642707730438	0.0
1.7814852041276648	0.32171458112826495	0.0
1.7829860341227175	0.3210659395756991	0.0
1.7844868641177702	0.3204183592893356	0.0
1.785987694112823	0.3197718534186239	0.0
1.787488524107876	0.3191264350882552	0.0
1.7889893541029287	0.3184821173978952	0.0
1.7904901840979814	0.31783891342196524	0.0
1.7919910140930342	0.31719683620939443	0.0
1.7934918440880872	0.3165558987833707	0.0
1.79499267408314	0.3159161141411144	0.0
1.7964935040781926	0.3152774952536339	0.0
1.7979943340732454	0.31464005506547776	0.0
1.7994951640682981	0.3140038064945005	0.0
1.800995994063351	0.3133687624316425	0.0
1.8024968240584038	0.3127349357406647	0.0
1.8039976540534566	0.31210233925792114	0.0
1.8054984840485093	0.3114709857921224	0.0
1.8069993140435623	0.3108408881241059	0.0
1.808500144038615	0.31021205900657856	0.0
1.8100009740336678	0.3095845111639053	0.0
1.8115018040287205	0.3089582572918504	0.0
1.8130026340237733	0.3083333100573546	0.0
1.8145034640188262	0.3077096820982955	0.0
1.816004294013879	0.30708738602326136	0.0
1.8175051240089317	0.3064664344112997	0.0
1.8190059540039845	0.3058468398117109	0.0
1.8205067839990374	0.3052286147437894	0.0
1.8220076139940902	0.30461177169658343	0.0
1.823508443989143	0.3039963231286987	0.0
1.8250092739841957	0.3033822814680415	0.0
1.8265101039792484	0.3027696591115813	0.0
1.8280109339743014	0.30215846842514127	0.0
1.829511763969354	0.30154872174316016	0.0
1.8310125939644069	0.30094043136845056	0.0
1.8325134239594596	0.3003336095719853	0.0
1.8340142539545126	0.29972826859265966	0.0
1.8355150839495653	0.29912442063706546	0.0
1.837015913944618	0.29852207787926777	0.0
1.8385167439396708	0.2979212524605673	0.0
1.8400175739347235	0.2973219564892887	0.0
1.8415184039297765	0.2967242020405501	0.0
1.8430192339248292	0.29612800115603516	0.0
1.844520063919882	0.2955333658437611	0.0
1.8460208939149347	0.2949403080778749	0.0
1.8475217239099875	0.2943488397984131	0.0
1.8490225539050404	0.29375897291109077	0.0
1.8505233839000932	0.2931707192870749	0.0
1.852024213895146	0.29258409076275804	0.0
1.8535250438901987	0.29199909913955496	0.0
1.8550258738852516	0.29141575618365995	0.0
1.8565267038803044	0.29083407362585295	0.0
1.8580275338753571	0.29025406316126495	0.0
1.8595283638704099	0.28967573644917116	0.0
1.8610291938654626	0.28909910511275944	0.0
1.8625300238605156	0.28852418073894015	0.0
1.8640308538555683	0.28795097487810073	0.0
1.865531683850621	0.2873794990439178	0.0
1.8670325138456738	0.2868097647131334	0.0
1.8685333438407268	0.28624178332534467	0.0
1.8700341738357795	0.28567556628278923	0.0
1.8715350038308323	0.28511112495014296	0.0
1.873035833825885	0.28454847065429556	0.0
1.8745366638209378	0.28398761468416583	0.0
1.8760374938159907	0.28342856829046903	0.0
1.8775383238110435	0.28287134268551983	0.0
1.8790391538060962	0.28231594904303364	0.0
1.880539983801149	0.28176239849791096	0.0
1.882040813796202	0.2812107021460437	0.0
1.8835416437912547	0.28066087104409704	0.0
1.8850424737863074	0.2801129162093158	0.0
1.8865433037813601	0.27956684861934505	0.0
1.888044133776413	0.2790226792119844	0.0
1.8895449637714659	0.27848041888502384	0.0
1.8910457937665186	0.2779400784960306	0.0
1.8925466237615713	0.27740166886216466	0.0
1.894047453756624	0.2768652007599679	0.0
1.895548283751677	0.2763306849251762	0.0
1.8970491137467298	0.2757981320525283	0.0
1.8985499437417825	0.27526755279556314	0.0
1.9000507737368353	0.27473895776643165	0.0
1.901551603731888	0.2742123575357212	0.0
1.903052433726941	0.273687762632243	0.0
1.9045532637219937	0.27316518354285385	0.0
1.9060540937170465	0.27264463071226747	0.0
1.9075549237120992	0.2721261145428657	0.0
1.909055753707152	0.2716096453945198	0.0
1.910556583702205	0.271095233584397	0.0
1.9120574136972577	0.27058288938678876	0.0
1.9135582436923104	0.2700726230329102	0.0
1.9150590736873632	0.26956444471073965	0.0
1.9165599036824161	0.26905836456482857	0.0
1.9180607336774689	0.26855439269611875	0.0
1.9195615636725216	0.268052539161773	0.0
1.9210623936675744	0.2675528139749952	0.0
1.922563223662627	0.2670552271048585	0.0
1.92406405365768	0.26655978847612355	0.0
1.9255648836527328	0.26606650796906844	0.0
1.9270657136477856	0.26557539541933467	0.0
1.9285665436428383	0.2650864606177169	0.0
1.9300673736378913	0.2645997133100341	0.0
1.931568203632944	0.26411516319694406	0.0
1.9330690336279968	0.2636328199337676	0.0
1.9345698636230495	0.2631526931303486	0.0
1.9360706936181022	0.2626747923508592	0.0
1.9375715236131552	0.2621991271136634	0.0
1.939072353608208	0.2617257068911313	0.0
1.9405731836032607	0.26125454110949625	0.0
1.9420740135983134	0.2607856391486943	0.0
1.9435748435933664	0.26031901034219257	0.0
1.9450756735884192	0.25985466397685003	0.0
1.946576503583472	0.2593926092927469	0.0
1.9480773335785246	0.25893285548303246	0.0
1.9495781635735774	0.2584754116937913	0.0
1.9510789935686303	0.25802028702385843	0.0
1.952579823563683	0.25756749052469025	0.0
1.9540806535587358	0.25711703120021456	0.0
1.9555814835537886	0.2566689180066832	0.0
1.9570823135488415	0.256223159852512	0.0
1.9585831435438943	0.2557797655981503	0.0
1.960083973538947	0.25533874405593115	0.0
1.9615848035339998	0.25490010398992474	0.0
1.9630856335290525	0.25446385411580236	0.0
1.9645864635241055	0.2540300031006985	0.0
1.9660872935191582	0.253598559563056	0.0
1.967588123514211	0.2531695320725153	0.0
1.9690889535092637	0.25274292914975544	0.0
1.9705897835043167	0.25231875926635944	0.0
1.9720906134993694	0.25189703084470705	0.0
1.9735914434944222	0.2514777522578022	0.0
1.975092273489475	0.25106093182917627	0.0
1.9765931034845277	0.2506465778327381	0.0
1.9780939334795806	0.2502346984926538	0.0
1.9795947634746334	0.24982530198321715	0.0
1.9810955934696861	0.24941839642872346	0.0
1.9825964234647389	0.2490139899033559	0.0
1.9840972534597916	0.24861209043103888	0.0
1.9855980834548446	0.24821270598533843	0.0
1.9870989134498973	0.24781584448932956	0.0
1.98859974344495	0.24742151381548036	0.0
1.9901005734400028	0.24702972178552798	0.0
1.9916014034350558	0.246640476170385	0.0
1.9931022334301085	0.2462537846899933	0.0
1.9946030634251612	0.24586965501322622	0.0
1.996103893420214	0.2454880947577754	0.0
1.9976047234152667	0.24510911149003947	0.0
1.9991055534103197	0.24473271272500907	0.0
2.0006063834053722	0.24435890592615764	0.0
2.0021072134004254	0.2439876985053436	0.0
2.003608043395478	0.24361909782269914	0.0
2.005108873390531	0.24325311118651333	0.0
2.0066097033855836	0.24288974585314752	0.0
2.0081105333806364	0.24252900902692542	0.0
2.009611363375689	0.24217090786003032	0.0
2.011112193370742	0.2418154494524043	0.0
2.0126130233657946	0.2414626408516472	0.0
2.0141138533608474	0.24111248905293847	0.0
2.0156146833559005	0.2407650009989161	0.0
2.0171155133509533	0.24042018357959885	0.0
2.018616343346006	0.2400780436322804	0.0
2.020117173341059	0.2397385879414476	0.0
2.0216180033361115	0.23940182323868878	0.0
2.0231188333311643	0.23906775620260134	0.0
2.024619663326217	0.23873639345869707	0.0
2.0261204933212698	0.23840774157932842	0.0
2.0276213233163225	0.2380818070835953	0.0
2.0291221533113757	0.23775859643725725	0.0
2.0306229833064284	0.23743811605266482	0.0
2.032123813301481	0.2371203722886542	0.0
2.033624643296534	0.2368053714504895	0.0
2.0351254732915867	0.2364931197897673	0.0
2.0366263032866394	0.2361836235043473	0.0
2.038127133281692	0.2358768887382713	0.0
2.039627963276745	0.23557292158169105	0.0
2.0411287932717976	0.2352717280707853	0.0
2.042629623266851	0.23497331418769218	0.0
2.0441304532619036	0.23467768586044227	0.0
2.0456312832569563	0.23438484896287454	0.0
2.047132113252009	0.2340948093145795	0.0
2.048632943247062	0.2338075726808257	0.0
2.0501337732421145	0.2335231447724878	0.0
2.0516346032371673	0.2332415312459836	0.0
2.05313543323222	0.2329627377032089	0.0
2.0546362632272728	0.23268676969147362	0.0
2.056137093222326	0.23241363270344315	0.0
2.0576379232173787	0.23214333217706618	0.0
2.0591387532124314	0.23187587349552521	0.0
2.060639583207484	0.2316112619871679	0.0
2.062140413202537	0.2313495029254574	0.0
2.0636412431975897	0.2310906015289075	0.0
2.0651420731926424	0.23083456296103133	0.0
2.066642903187695	0.23058139233029054	0.0
2.068143733182748	0.23033109469003138	0.0
2.069644563177801	0.23008367503842636	0.0
2.071145393172854	0.2298391383184527	0.0
2.0726462231679066	0.22959748941781585	0.0
2.0741470531629593	0.22935873316889294	0.0
2.075647883158012	0.22912287434870962	0.0
2.077148713153065	0.22888991767888536	0.0
2.0786495431481176	0.2286598678255683	0.0
2.0801503731431703	0.2284327293994199	0.0
2.081651203138223	0.22820850695554423	0.0
2.083152033133276	0.2279872049934582	0.0
2.084652863128329	0.22776882795705225	0.0
2.0861536931233817	0.22755338023453572	0.0
2.0876545231184345	0.22734086615841526	0.0
2.089155353113487	0.22713129000543708	0.0
2.09065618310854	0.22692465599656444	0.0
2.0921570131035927	0.22672096829693367	0.0
2.0936578430986454	0.22652023101581018	0.0
2.095158673093698	0.2263224482065713	0.0
2.096659503088751	0.22612762386665852	0.0
2.098160333083804	0.22593576193755505	0.0
2.099661163078857	0.22574686630473284	0.0
2.1011619930739096	0.22556094079765102	0.0
2.1026628230689623	0.22537798918970034	0.0
2.104163653064015	0.22519801519818905	0.0
2.105664483059068	0.22502102248431113	0.0
2.1071653130541206	0.22484701465311754	0.0
2.1086661430491733	0.22467599525348797	0.0
2.110166973044226	0.22450796777810395	0.0
2.1116678030392793	0.2243429356634368	0.0
2.113168633034332	0.22418090228970142	0.0
2.1146694630293847	0.22402187098086035	0.0
2.1161702930244375	0.22386584500458162	0.0
2.1176711230194902	0.2237128275722187	0.0
2.119171953014543	0.2235628218388143	0.0
2.1206727830095957	0.22341583090304656	0.0
2.1221736130046485	0.2232718578072337	0.0
2.123674442999701	0.22313090553730805	0.0
2.1251752729947544	0.22299297702280296	0.0
2.126676102989807	0.22285807513683392	0.0
2.12817693298486	0.22272620269608784	0.0
2.1296777629799126	0.22259736246080247	0.0
2.1311785929749654	0.22247155713475908	0.0
2.132679422970018	0.22234878936527158	0.0
2.134180252965071	0.2222290617431649	0.0
2.1356810829601236	0.2221123768027711	0.0
2.1371819129551763	0.2219987370219308	0.0
2.1386827429502295	0.22188814482195546	0.0
2.1401835729452823	0.22178060256764315	0.0
2.141684402940335	0.2216761125672614	0.0
2.1431852329353878	0.22157467707254652	0.0
2.1446860629304405	0.22147629827869691	0.0
2.1461868929254933	0.22138097832435108	0.0
2.147687722920546	0.22128871929161156	0.0
2.1491885529155987	0.22119952320601552	0.0
2.1506893829106515	0.2211133920365487	0.0
2.1521902129057047	0.22103032769563616	0.0
2.1536910429007574	0.22095033203914116	0.0
2.15519187289581	0.220873406866367	0.0
2.156692702890863	0.22079955392005224	0.0
2.1581935328859156	0.220728774886381	0.0
2.1596943628809684	0.22066107139497473	0.0
2.161195192876021	0.22059644501889158	0.0
2.162696022871074	0.22053489727465447	0.0
2.1641968528661266	0.22047642962221692	0.0
2.16569768286118	0.22042104346499855	0.0
2.1671985128562326	0.2203687401498827	0.0
2.1686993428512853	0.2203195209672012	0.0
2.170200172846338	0.2202733871507783	0.0
2.171701002841391	0.22023033987790638	0.0
2.1732018328364435	0.22019038026937268	0.0
2.1747026628314963	0.22015350938945769	0.0
2.176203492826549	0.22011972824594928	0.0
2.1777043228216018	0.22008903779015285	0.0
2.179205152816655	0.2200614389168997	0.0
2.1807059828117077	0.2200369324645636	0.0
2.1822068128067604	0.2200155192150678	0.0
2.183707642801813	0.21999719989389915	0.0
2.185208472796866	0.21998197517012255	0.0
2.1867093027919187	0.21996984565639371	0.0
2.1882101327869714	0.21996081190898256	0.0
2.189710962782024	0.2199548744277772	0.0
2.191211792777077	0.2199520336563041	0.0
2.19271262277213	0.21995228998174815	0.0
2.194213452767183	0.21995564373496695	0.0
2.1957142827622356	0.21996209519051482	0.0
2.1972151127572883	0.2199716445666529	0.0
2.198715942752341	0.21998429202537514	0.0
2.200216772747394	0.22000003767243093	0.0
2.2017176027424465	0.22001888155733487	0.0
2.2032184327374993	0.22004082367339958	0.0
2.204719262732552	0.2200658639577586	0.0
2.2062200927276048	0.22009400229138013	0.0
2.207720922722658	0.22012523849909815	0.0
2.2092217527177107	0.22015957234963143	0.0
2.2107225827127635	0.22019700355561803	0.0
2.212223412707816	0.22023753177362965	0.0
2.213724242702869	0.2202811566042059	0.0
2.2152250726979217	0.2203278775918823	0.0
2.2167259026929744	0.22037769422520154	0.0
2.218226732688027	0.22043060593676406	0.0
2.21972756268308	0.2204866121032498	0.0
2.221228392678133	0.22054571204543988	0.0
2.222729222673186	0.22060790502825445	0.0
2.2242300526682386	0.22067319026078347	0.0
2.2257308826632913	0.22074156689631225	0.0
2.227231712658344	0.22081303403236807	0.0
2.228732542653397	0.220887590710728	0.0
2.2302333726484496	0.2209652359174896	0.0
2.2317342026435023	0.22104596858306613	0.0
2.233235032638555	0.22112978758224286	0.0
2.2347358626336082	0.22121669173421987	0.0
2.236236692628661	0.2213066798026228	0.0
2.2377375226237137	0.22139975049556637	0.0
2.2392383526187665	0.22149590246567716	0.0
2.240739182613819	0.22159513431013475	0.0
2.242240012608872	0.22169744457071447	0.0
2.2437408426039247	0.22180283173382495	0.0
2.2452416725989774	0.2219112942305446	0.0
2.24674250259403	0.22202283043667173	0.0
2.2482433325890834	0.22213743867275798	0.0
2.249744162584136	0.22225511720415303	0.0
2.251244992579189	0.22237586424105416	0.0
2.2527458225742416	0.22249967793854564	0.0
2.2542466525692944	0.22262655639663648	0.0
2.255747482564347	0.22275649766031652	0.0
2.2572483125594	0.22288949971960217	0.0
2.2587491425544526	0.22302556050957872	0.0
2.2602499725495053	0.22316467791044428	0.0
2.2617508025445585	0.22330684974757306	0.0
2.2632516325396113	0.22345207379153945	0.0
2.264752462534664	0.22360034775819507	0.0
2.2662532925297167	0.22375166930870236	0.0
2.2677541225247695	0.22390603604959325	0.0
2.2692549525198222	0.22406344553281426	0.0
2.270755782514875	0.2242238952557909	0.0
2.2722566125099277	0.22438738266146416	0.0
2.2737574425049805	0.22455390513835807	0.0
2.2752582725000337	0.2247234600206365	0.0
2.2767591024950864	0.22489604458814605	0.0
2.278259932490139	0.22507165606648433	0.0
2.279760762485192	0.22525029162705212	0.0
2.2812615924802446	0.22543194838711283	0.0
2.2827624224752974	0.22561662340985061	0.0
2.28426325247035	0.2258043137044345	0.0
2.285764082465403	0.22599501622606644	0.0
2.2872649124604556	0.22618872787606092	0.0
2.288765742455509	0.2263854455018921	0.0
2.2902665724505615	0.22658516589726052	0.0
2.2917674024456143	0.22678788580216097	0.0
2.293268232440667	0.2269936019029482	0.0
2.2947690624357198	0.22720231083238857	0.0
2.2962698924307725	0.22741400916974538	0.0
2.2977707224258253	0.22762869344083306	0.0
2.299271552420878	0.22784636011808623	0.0
2.3007723824159307	0.2280670056206329	0.0
2.302273212410984	0.22829062631436153	0.0
2.3037740424060367	0.2285172185119947	0.0
2.3052748724010894	0.22874677847315292	0.0
2.306775702396142	0.2289793024044334	0.0
2.308276532391195	0.22921478645947774	0.0
2.3097773623862476	0.22945322673905597	0.0
2.3112781923813004	0.22969461929112822	0.0
2.312779022376353	0.22993896011092352	0.0
2.314279852371406	0.23018624514102773	0.0
2.315780682366459	0.23043647027144887	0.0
2.317281512361512	0.23068963133969536	0.0
2.3187823423565646	0.230945724130861	0.0
2.3202831723516173	0.23120474437770563	0.0
2.32178400234667	0.2314666877607291	0.0
2.323284832341723	0.23173154990826078	0.0
2.3247856623367755	0.23199932639652868	0.0
2.3262864923318283	0.23227001274977171	0.0
2.327787322326881	0.23254360444028938	0.0
2.329288152321934	0.23282009688855462	0.0
2.330788982316987	0.23309948546328957	0.0
2.3322898123120397	0.23338176548154535	0.0
2.3337906423070924	0.23366693220880558	0.0
2.335291472302145	0.23395498085906968	0.0
2.336792302297198	0.23424590659493902	0.0
2.3382931322922507	0.2345397045277128	0.0
2.3397939622873034	0.23483636971748367	0.0
2.341294792282356	0.2351358971732181	0.0
2.342795622277409	0.23543828185286836	0.0
2.344296452272462	0.23574351866346055	0.0
2.345797282267515	0.2360516024611805	0.0
2.3472981122625676	0.23636252805149013	0.0
2.3487989422576203	0.23667629018920286	0.0
2.350299772252673	0.23699288357860857	0.0
2.351800602247726	0.23731230287354693	0.0
2.3533014322427785	0.2376345426775439	0.0
2.3548022622378313	0.2379595975438713	0.0
2.356303092232884	0.2382874619756853	0.0
2.357803922227937	0.23861813042611163	0.0
2.35930475222299	0.2389515972983594	0.0
2.3608055822180427	0.2392878569458233	0.0
2.3623064122130955	0.23962690367219525	0.0
2.363807242208148	0.23996873173156805	0.0
2.365308072203201	0.24031333532854884	0.0
2.3668089021982537	0.24066070861836758	0.0
2.3683097321933064	0.2410108457069902	0.0
2.369810562188359	0.24136374065123012	0.0
2.3713113921834124	0.2417193874588618	0.0
2.372812222178465	0.24207778008873926	0.0
2.374313052173518	0.24243891245090055	0.0
2.3758138821685706	0.242802778406703	0.0
2.3773147121636233	0.24316937176893091	0.0
2.378815542158676	0.2435386863019128	0.0
2.380316372153729	0.24391071572164322	0.0
2.3818172021487816	0.2442854536959027	0.0
2.3833180321438343	0.24466289384439144	0.0
2.3848188621388875	0.24504302973883907	0.0
2.3863196921339402	0.2454258549031254	0.0
2.387820522128993	0.245811362813429	0.0
2.3893213521240457	0.24619954689832865	0.0
2.3908221821190985	0.2465904005389537	0.0
2.392323012114151	0.24698391706909176	0.0
2.393823842109204	0.24738008977532824	0.0
2.3953246721042567	0.24777891189718368	0.0
2.3968255020993094	0.24818037662723474	0.0
2.3983263320943626	0.2485844771112553	0.0
2.3998271620894154	0.24899120644834394	0.0
2.401327992084468	0.24940055769107072	0.0
2.402828822079521	0.249812523845601	0.0
2.4043296520745736	0.2502270978718424	0.0
2.4058304820696264	0.25064427268357936	0.0
2.407331312064679	0.25106404114860825	0.0
2.408832142059732	0.25148639608889395	0.0
2.4103329720547846	0.2519113302806951	0.0
2.4118338020498378	0.2523388364547156	0.0
2.4133346320448905	0.25276890729624635	0.0
2.4148354620399433	0.2532015354453172	0.0
2.416336292034996	0.2536367134968356	0.0
2.4178371220300487	0.2540744340007359	0.0
2.4193379520251015	0.25451468946212286	0.0
2.4208387820201542	0.25495747234143895	0.0
2.422339612015207	0.25540277505459497	0.0
2.4238404420102597	0.2558505899731381	0.0
2.425341272005313	0.25630090942439504	0.0
2.4268421020003657	0.2567537256916296	0.0
2.4283429319954184	0.25720903101420034	0.0
2.429843761990471	0.2576668175877051	0.0
2.431344591985524	0.2581270775641499	0.0
2.4328454219805766	0.2585898030521194	0.0
2.4343462519756294	0.2590549861169063	0.0
2.435847081970682	0.2595226187806928	0.0
2.437347911965735	0.2599926930227132	0.0
2.438848741960788	0.2604652007794005	0.0
2.440349571955841	0.260940133944577	0.0
2.4418504019508935	0.26141748436959017	0.0
2.4433512319459463	0.2618972438634953	0.0
2.444852061940999	0.2623794041932235	0.0
2.4463528919360518	0.26286395708374577	0.0
2.4478537219311045	0.26335089421823543	0.0
2.4493545519261573	0.2638402072382507	0.0
2.45085538192121	0.2643318877439023	0.0
2.452356211916263	0.26482592729402843	0.0
2.453857041911316	0.26532231740634993	0.0
2.4553578719063687	0.2658210495576792	0.0
2.4568587019014214	0.26632211518405746	0.0
2.458359531896474	0.26682550568095265	0.0
2.459860361891527	0.2673312124034475	0.0
2.4613611918865796	0.26783922666638915	0.0
2.4628620218816324	0.26834953974459197	0.0
2.464362851876685	0.26886214287300736	0.0
2.4658636818717383	0.26937702724690693	0.0
2.467364511866791	0.26989418402207144	0.0
2.468865341861844	0.27041360431496414	0.0
2.4703661718568966	0.2709352792029212	0.0
2.4718670018519493	0.2714591997243453	0.0
2.473367831847002	0.27198535687886755	0.0
2.474868661842055	0.2725137416275599	0.0
2.4763694918371075	0.2730443448931142	0.0
2.4778703218321603	0.27357715756003176	0.0
2.479371151827213	0.27411217047481273	0.0
2.480871981822266	0.27464937444614745	0.0
2.482372811817319	0.27518876024510375	0.0
2.4838736418123717	0.2757303186053332	0.0
2.4853744718074244	0.27627404022326146	0.0
2.486875301802477	0.27681991575826304	0.0
2.48837613179753	0.2773679358328869	0.0
2.4898769617925827	0.2779180910330414	0.0
2.4913777917876354	0.27847037190817125	0.0
2.492878621782688	0.27902476897148953	0.0
2.4943794517777413	0.27958127270016003	0.0
2.495880281772794	0.28013987353549485	0.0
2.497381111767847	0.280700561883162	0.0
2.4988819417628996	0.2812633281133859	0.0
2.5003827717579523	0.2818281625611423	0.0
2.501883601753005	0.2823950555263756	0.0
2.503384431748058	0.28296399727419114	0.0
2.5048852617431105	0.2835349780350734	0.0
2.5063860917381633	0.28410798800506826	0.0
2.5078869217332165	0.2846830173460107	0.0
2.5093877517282692	0.28526005618573314	0.0
2.510888581723322	0.28583909461825757	0.0
2.5123894117183747	0.2864201227040174	0.0
2.5138902417134275	0.28700313047005716	0.0
2.51539107170848	0.2875881079102575	0.0
2.516891901703533	0.288175044985536	0.0
2.5183927316985857	0.28876393162405223	0.0
2.5198935616936384	0.28935475772143593	0.0
2.5213943916886916	0.2899475131409901	0.0
2.5228952216837444	0.2905421877139099	0.0
2.524396051678797	0.2911387712394862	0.0
2.52589688167385	0.2917372534853392	0.0
2.5273977116689026	0.2923376241876219	0.0
2.5288985416639553	0.29293987305124203	0.0
2.530399371659008	0.2935439897500647	0.0
2.531900201654061	0.2941499639271525	0.0
2.5334010316491136	0.2947577851949731	0.0
2.5349018616441668	0.2953674431356099	0.0
2.5364026916392195	0.2959789273010011	0.0
2.5379035216342722	0.29659222721314105	0.0
2.539404351629325	0.29720733236430363	0.0
2.5409051816243777	0.29782423221728027	0.0
2.5424060116194305	0.29844291620558455	0.0
2.543906841614483	0.2990633737336753	0.0
2.545407671609536	0.29968559417718504	0.0
2.5469085016045887	0.300309566883147	0.0
2.548409331599642	0.30093528117021007	0.0
2.5499101615946946	0.3015627263288704	0.0
2.5514109915897474	0.3021918916216901	0.0
2.5529118215848	0.30282276628352217	0.0
2.554412651579853	0.3034553395217427	0.0
2.5559134815749056	0.30408960051647593	0.0
2.5574143115699584	0.3047255384208164	0.0
2.558915141565011	0.3053631423610503	0.0
2.560415971560064	0.306002401436901	0.0
2.561916801555117	0.30664330472173934	0.0
2.5634176315501698	0.3072858412628273	0.0
2.5649184615452225	0.30793000008152793	0.0
2.5664192915402753	0.3085757701735464	0.0
2.567920121535328	0.30922314050916105	0.0
2.5694209515303807	0.309872100033446	0.0
2.5709217815254335	0.31052263766650234	0.0
2.5724226115204862	0.31117474230369174	0.0
2.573923441515539	0.311828402815862	0.0
2.575424271510592	0.31248360804958564	0.0
2.576925101505645	0.31314034682738945	0.0
2.5784259315006977	0.3137986079479714	0.0
2.5799267614957504	0.31445838018644673	0.0
2.581427591490803	0.31511965229458705	0.0
2.582928421485856	0.31578241300103355	0.0
2.5844292514809086	0.31644665101152697	0.0
2.5859300814759614	0.31711235500917595	0.0
2.587430911471014	0.31777951365463736	0.0
2.5889317414660673	0.318448115586395	0.0
2.59043257146112	0.3191181494209665	0.0
2.591933401456173	0.3197896037531422	0.0
2.5934342314512255	0.32046246715622145	0.0
2.5949350614462783	0.3211367281822561	0.0
2.596435891441331	0.3218123753622551	0.0
2.5979367214363838	0.32248939720644765	0.0
2.5994375514314365	0.32316778220449865	0.0
2.6009383814264893	0.3238475188257554	0.0
2.6024392114215424	0.32452859551947577	0.0
2.603940041416595	0.3252110007150627	0.0
2.605440871411648	0.3258947228222895	0.0
2.6069417014067007	0.326579750231551	0.0
2.6084425314017534	0.32726607131409036	0.0
2.609943361396806	0.3279536744222275	0.0
2.611444191391859	0.32864254788959907	0.0
2.6129450213869116	0.32933268003140903	0.0
2.6144458513819644	0.3300240591446166	0.0
2.615946681377017	0.330716673508228	0.0
2.6174475113720703	0.3314105113834817	0.0
2.618948341367123	0.33210556101412303	0.0
2.620449171362176	0.3328018106266069	0.0
2.6219500013572286	0.33349924843035683	0.0
2.6234508313522813	0.33419786261798445	0.0
2.624951661347334	0.33489764136551814	0.0
2.626452491342387	0.33559857283265426	0.0
2.6279533213374395	0.336300645162978	0.0
2.6294541513324923	0.3370038464842114	0.0
2.6309549813275455	0.3377081649084244	0.0
2.632455811322598	0.3384135885322927	0.0
2.633956641317651	0.3391201054373218	0.0
2.6354574713127037	0.33982770369007526	0.0
2.6369583013077564	0.34053637134241554	0.0
2.638459131302809	0.3412460964317338	0.0
2.639959961297862	0.3419568669811707	0.0
2.6414607912929147	0.3426686709998891	0.0
2.6429616212879674	0.3433814964832571	0.0
2.6444624512830206	0.3440953314131171	0.0
2.6459632812780733	0.3448101637579941	0.0
2.647464111273126	0.3455259814733517	0.0
2.648964941268179	0.34624277250179814	0.0
2.6504657712632316	0.34696052477333794	0.0
2.6519666012582843	0.34767922620559594	0.0
2.653467431253337	0.34839886470404624	0.0
2.65496826124839	0.3491194281622518	0.0
2.6564690912434425	0.3498409044620939	0.0
2.6579699212384957	0.3505632814739896	0.0
2.6594707512335485	0.35128654705714024	0.0
2.6609715812286012	0.35201068905974764	0.0
2.662472411223654	0.3527356953192549	0.0
2.6639732412187067	0.35346155366257254	0.0
2.6654740712137595	0.3541882519062967	0.0
2.666974901208812	0.35491577785696216	0.0
2.668475731203865	0.3556441193112561	0.0
2.6699765611989177	0.35637326405623937	0.0
2.671477391193971	0.3571031998695911	0.0
2.6729782211890236	0.3578339145198371	0.0
2.6744790511840764	0.35856539576655805	0.0
2.675979881179129	0.35929763136062914	0.0
2.677480711174182	0.36003060904445877	0.0
2.6789815411692346	0.3607643165522014	0.0
2.6804823711642873	0.3614987416099736	0.0
2.68198320115934	0.3622338719361155	0.0
2.683484031154393	0.3629696952413737	0.0
2.684984861149446	0.3637061992291658	0.0
2.6864856911444988	0.36444337159577483	0.0
2.6879865211395515	0.365181200030601	0.0
2.6894873511346042	0.3659196722163671	0.0
2.690988181129657	0.3666587758293408	0.0
2.6924890111247097	0.3673984985395813	0.0
2.6939898411197625	0.3681388280111318	0.0
2.695490671114815	0.36887975190227507	0.0
2.696991501109868	0.369621257865732	0.0
2.698492331104921	0.37036333354889134	0.0
2.699993161099974	0.37110596659404593	0.0
2.7014939910950266	0.3718491446385864	0.0
2.7029948210900794	0.3725928553152458	0.0
2.704495651085132	0.3733370862523132	0.0
2.705996481080185	0.3740818250738469	0.0
2.7074973110752376	0.37482705939991634	0.0
2.7089981410702904	0.37557277684679924	0.0
2.710498971065343	0.3763189650272008	0.0
2.7119998010603963	0.3770656115505065	0.0
2.713500631055449	0.3778127040229534	0.0
2.7150014610505018	0.3785602300478844	0.0
2.7165022910455545	0.37930817722595833	0.0
2.7180031210406073	0.3800565331553523	0.0
2.71950395103566	0.3808052854319977	0.0
2.7210047810307127	0.38155442164978604	0.0
2.7225056110257655	0.382303929400788	0.0
2.7240064410208182	0.3830537962754784	0.0
2.7255072710158714	0.38380400986294383	0.0
2.727008101010924	0.38455455775110026	0.0
2.728508931005977	0.3853054275269004	0.0
2.7300097610010297	0.3860566067765649	0.0
2.7315105909960824	0.3868080830857828	0.0
2.733011420991135	0.38755984403993304	0.0
2.734512250986188	0.38831187722428934	0.0
2.7360130809812406	0.38906417022425027	0.0
2.7375139109762934	0.3898167106255278	0.0
2.7390147409713466	0.39056948601439645	0.0
2.7405155709663993	0.3913224839778575	0.0
2.742016400961452	0.3920756921038879	0.0
2.743517230956505	0.39282909798164967	0.0
2.7450180609515575	0.3935826892016669	0.0
2.7465188909466103	0.3943364533561027	0.0
2.748019720941663	0.3950903780388797	0.0
2.7495205509367158	0.39584445084596065	0.0
2.7510213809317685	0.39659865937555205	0.0
2.7525222109268213	0.3973529912282797	0.0
2.7540230409218744	0.39810743400740756	0.0
2.755523870916927	0.3988619753190686	0.0
2.75702470091198	0.3996166027724636	0.0
2.7585255309070327	0.4003713039800534	0.0
2.7600263609020854	0.4011260665577814	0.0
2.761527190897138	0.4018808781252809	0.0
2.763028020892191	0.4026357263060778	0.0
2.7645288508872436	0.40339059872778393	0.0
2.7660296808822964	0.40414548302233705	0.0
2.7675305108773496	0.4049003668261786	0.0
2.7690313408724023	0.40565523778046975	0.0
2.770532170867455	0.40641008353129215	0.0
2.772033000862508	0.40716489172984877	0.0
2.7735338308575606	0.40791965003268893	0.0
2.7750346608526133	0.40867434610189496	0.0
2.776535490847666	0.40942896760529685	0.0
2.778036320842719	0.41018350221665756	0.0
2.7795371508377715	0.41093793761588976	0.0
2.7810379808328247	0.41169226148927074	0.0
2.7825388108278775	0.4124464615296192	0.0
2.78403964082293	0.413200525436518	0.0
2.785540470817983	0.41395444091650696	0.0
2.7870413008130357	0.4147081956832899	0.0
2.7885421308080884	0.41546177745794366	0.0
2.790042960803141	0.4162151739690915	0.0
2.791543790798194	0.4169683729531356	0.0
2.7930446207932467	0.4177213621544417	0.0
2.7945454507883	0.41847412932554007	0.0
2.7960462807833526	0.419226662227342	0.0
2.7975471107784053	0.41997894862931345	0.0
2.799047940773458	0.42073097630969397	0.0
2.800548770768511	0.4214827330556969	0.0
2.8020496007635636	0.4222342066637006	0.0
2.8035504307586163	0.4229853849394487	0.0
2.805051260753669	0.4237362556982608	0.0
2.806552090748722	0.42448680676520456	0.0
2.808052920743775	0.4252370259753141	0.0
2.8095537507388277	0.42598690117380117	0.0
2.8110545807338805	0.4267364202162163	0.0
2.8125554107289332	0.42748557096869005	0.0
2.814056240723986	0.4282343413080795	0.0
2.8155570707190387	0.4289827191222299	0.0
2.8170579007140915	0.4297306923101068	0.0
2.818558730709144	0.4304782487820417	0.0
2.820059560704197	0.4312253764599043	0.0
2.82156039069925	0.431972063277306	0.0
2.823061220694303	0.43271829717979104	0.0
2.8245620506893556	0.4334640661250428	0.0
2.8260628806844084	0.4342093580830768	0.0
2.827563710679461	0.43495416103640777	0.0
2.829064540674514	0.43569846298031906	0.0
2.8305653706695666	0.4364422519229802	0.0
2.8320662006646193	0.4371855158856846	0.0
2.833567030659672	0.43792824290302323	0.0
2.8350678606547253	0.4386704210231013	0.0
2.836568690649778	0.4394120383077193	0.0
2.8380695206448308	0.4401530828325611	0.0
2.8395703506398835	0.4408935426874226	0.0
2.8410711806349362	0.4416334059763604	0.0
2.842572010629989	0.44237266081791254	0.0
2.8440728406250417	0.44311129534529625	0.0
2.8455736706200945	0.4438492977065914	0.0
2.847074500615147	0.4445866560649373	0.0
2.8485753306102004	0.4453233585987236	0.0
2.850076160605253	0.44605939350179663	0.0
2.851576990600306	0.44679474898362775	0.0
2.8530778205953586	0.4475294132695412	0.0
2.8545786505904114	0.4482633746008801	0.0
2.856079480585464	0.4489966212352122	0.0
2.857580310580517	0.4497291414465243	0.0
2.8590811405755696	0.450460923525398	0.0
2.8605819705706224	0.4511919557792295	0.0
2.8620828005656755	0.45192222653241737	0.0
2.8635836305607283	0.45265172412652305	0.0
2.865084460555781	0.45338043692051155	0.0
2.8665852905508338	0.45410835329090665	0.0
2.8680861205458865	0.4548354616320028	0.0
2.8695869505409393	0.45556175035605634	0.0
2.871087780535992	0.4562872078934676	0.0
2.8725886105310448	0.4570118226929867	0.0
2.8740894405260975	0.4577355832218925	0.0
2.8755902705211502	0.4584584779661985	0.0
2.8770911005162034	0.4591804954308294	0.0
2.878591930511256	0.459901624139827	0.0
2.880092760506309	0.4606218526365504	0.0
2.8815935905013617	0.4613411694838259	0.0
2.8830944204964144	0.4620595632641976	0.0
2.884595250491467	0.46277702258006315	0.0
2.88609608048652	0.463493536053913	0.0
2.8875969104815726	0.464209092328481	0.0
2.8890977404766254	0.4649236800669716	0.0
2.8905985704716786	0.465637287953231	0.0
2.8920994004667313	0.46634990469193605	0.0
2.893600230461784	0.4670615190088051	0.0
2.895101060456837	0.46777211965077153	0.0
2.8966018904518895	0.4684816953861776	0.0
2.8981027204469423	0.46919023500497153	0.0
2.899603550441995	0.46989772731889323	0.0
2.9011043804370478	0.4706041611616677	0.0
2.9026052104321005	0.47130952538919096	0.0
2.9041060404271537	0.47201380887974753	0.0
2.9056068704222064	0.47271700053415006	0.0
2.907107700417259	0.47341908927597876	0.0
2.908608530412312	0.47412006405175033	0.0
2.9101093604073647	0.4748199138311078	0.0
2.9116101904024174	0.47551862760701646	0.0
2.91311102039747	0.476216194395955	0.0
2.914611850392523	0.4769126032381064	0.0
2.9161126803875757	0.4776078431975252	0.0
2.917613510382629	0.4783019033623672	0.0
2.9191143403776816	0.4789947728450697	0.0
2.9206151703727343	0.4796864407825047	0.0
2.922116000367787	0.48037689633622294	0.0
2.92361683036284	0.48106612869259124	0.0
2.9251176603578926	0.48175412706303855	0.0
2.9266184903529453	0.4824408806841773	0.0
2.928119320347998	0.48312637881807524	0.0
2.929620150343051	0.483810610752372	0.0
2.931120980338104	0.48449356580049957	0.0
2.9326218103331567	0.4851752333018758	0.0
2.9341226403282095	0.4858556026220913	0.0
2.935623470323262	0.48653466315308314	0.0
2.937124300318315	0.4872124043133455	0.0
2.9386251303133677	0.4878888155481007	0.0
2.9401259603084204	0.48856388632950737	0.0
2.941626790303473	0.48923760615681	0.0
2.943127620298526	0.48990996455658825	0.0
2.944628450293579	0.490580951082895	0.0
2.946129280288632	0.4912505553174586	0.0
2.9476301102836846	0.49191876686987107	0.0
2.9491309402787373	0.49258557537778513	0.0
2.95063177027379	0.4932509705071035	0.0
2.952132600268843	0.4939149419521381	0.0
2.9536334302638956	0.4945774794358281	0.0
2.9551342602589483	0.4952385727099085	0.0
2.956635090254001	0.4958982115551225	0.0
2.9581359202490543	0.4965563857813639	0.0
2.959636750244107	0.49721308522791313	0.0
2.9611375802391597	0.4978682997635964	0.0
2.9626384102342125	0.4985220192869603	0.0
2.9641392402292652	0.4991742337264947	0.0
2.965640070224318	0.4998249330407916	0.0
2.9671409002193707	0.5004741072187258	0.0
2.9686417302144235	0.5011217462796534	0.0
2.970142560209476	0.501767840273623	0.0
2.9716433902045294	0.5024123792814802	0.0
2.973144220199582	0.5030553534151527	0.0
2.974645050194635	0.503696752817764	0.0
2.9761458801896876	0.5043365676638363	0.0
2.9776467101847404	0.5049747881594832	0.0
2.979147540179793	0.5056114045425951	0.0
2.980648370174846	0.5062464070829897	0.0
2.9821492001698986	0.5068797860826554	0.0
2.9836500301649513	0.5075115318758674	0.0
2.9851508601600045	0.5081416348294236	0.0
2.9866516901550573	0.5087700853427871	0.0
2.98815252015011	0.5093968738482934	0.0
2.9896533501451628	0.5100219908113068	0.0
2.9911541801402155	0.510645426730462	0.0
2.9926550101352682	0.5112671721377502	0.0
2.994155840130321	0.5118872175987723	0.0
2.9956566701253737	0.5125055537128895	0.0
2.9971575001204265	0.5131221711134096	0.0
2.9986583301154797	0.5137370604677766	0.0
3.0001591601105324	0.5143502124777367	0.0
