0.0	-0.0	-0.0030016827250278766
0.0015008299950527925	-0.0	-0.006003229592200892
0.003001659990105585	-0.0	-0.009004708462728332
0.004502489985158378	-0.0	-0.012006023986857614
0.00600331998021117	-0.0	-0.015007121219633834
0.0075041499752639615	-0.0	-0.01800794468141847
0.009004979970316756	-0.0	-0.02100843866092363
0.010505809965369548	-0.0	-0.0240085476640119
0.01200663996042234	-0.0	-0.02700821636417081
0.01350746995547513	-0.0	-0.030007388438680893
0.015008299950527923	-0.0	-0.033006006587922875
0.016509129945580715	-0.0	-0.03600401381205687
0.01800995994063351	-0.0	-0.039001352340582496
0.019510789935686303	-0.0	-0.04199796316286335
0.021011619930739096	-0.0	-0.04499378688149028
0.022512449925791888	-0.0	-0.047988762461049266
0.02401327992084468	-0.0	-0.050982824956936644
0.02551410991589747	-0.0	-0.05397590521987021
0.02701493991095026	-0.0	-0.0569679311325115
0.028515769906003054	-0.0	-0.059958831930764275
0.030016599901055846	-0.0	-0.06294854323111716
0.03151742989610864	-0.0	-0.06593700501474298
0.03301825989116143	-0.0	-0.06892415795032829
0.03451908988621422	-0.0	-0.07190994275423584
0.03601991988126702	-0.0	-0.07489430020522544
0.037520749876319814	-0.0	-0.07787717116387205
0.03902157987137261	-0.0	-0.08085849646474877
0.0405224098664254	-0.0	-0.08383821706633507
0.04202323986147819	-0.0	-0.0868162740125873
0.043524069856530984	-0.0	-0.08979260835630169
0.045024899851583776	-0.0	-0.09276716123552943
0.04652572984663657	-0.0	-0.09573987392990782
0.04802655984168936	-0.0	-0.09871068774037868
0.04952738983674215	-0.0	-0.10167954399296096
0.05102821983179494	-0.0	-0.10464638413898547
0.05252904982684774	-0.0	-0.10761114967006184
0.05402987982190052	-0.0	-0.11057378221483641
0.05553070981695332	-0.0	-0.11353422348269807
0.05703153981200611	-0.0	-0.11649241519394686
0.05853236980705891	-0.0	-0.11944829918010264
0.06003319980211169	-0.0	-0.12240181731880802
0.06153402979716449	-0.0	-0.12535291167363907
0.06303485979221728	-0.0	-0.12830152437519235
0.06453568978727008	-0.0	-0.1312475975238089
0.06603651978232286	-0.0	-0.1341910733942235
0.06753734977737566	-0.0	-0.13713189437483178
0.06903817977242845	-0.0	-0.14007000295171193
0.07053900976748124	-0.0	-0.14300534167988596
0.07203983976253404	-0.0	-0.14593785319648683
0.07354066975758683	-0.0	-0.14886748025981691
0.07504149975263963	-0.0	-0.1517941657186486
0.07654232974769241	-0.0	-0.1547178525289056
0.07804315974274521	-0.0	-0.1576384837620219
0.079543989737798	-0.0	-0.16055600259551014
0.0810448197328508	-0.0	-0.16347035229679824
0.08254564972790358	-0.0	-0.16638147625574098
0.08404647972295638	-0.0	-0.16928931799627095
0.08554730971800917	-0.0	-0.17219382112110296
0.08704813971306197	-0.0	-0.17509492936832408
0.08854896970811475	-0.0	-0.17799258658465217
0.09004979970316755	-0.0	-0.18088673672277272
0.09155062969822034	-0.0	-0.1837773238867219
0.09305145969327314	-0.0	-0.1866642922519947
0.09455228968832592	-0.0	-0.18954758617143863
0.09605311968337872	-0.0	-0.1924271501538752
0.0975539496784315	-0.0	-0.19530292877240937
0.0990547796734843	-0.0	-0.19817486673015522
0.10055560966853709	-0.0	-0.20104290885542767
0.10205643966358988	-0.0	-0.2039070001055523
0.10355726965864268	-0.0	-0.20676708565441332
0.10505809965369547	-0.0	-0.20962311075227305
0.10655892964874826	-0.0	-0.21247502074589278
0.10805975964380105	-0.0	-0.2153227611703345
0.10956058963885383	-0.0	-0.2181662776964763
0.11106141963390664	-0.0	-0.2210055161423305
0.11256224962895943	-0.0	-0.22384042244707864
0.11406307962401221	-0.0	-0.22667094270924215
0.115563909619065	-0.0	-0.22949702315827636
0.11706473961411781	-0.0	-0.23231861015416358
0.1185655696091706	-0.0	-0.23513565025672672
0.12006639960422338	-0.0	-0.23794809018146684
0.1215672295992762	-0.0	-0.24075587674892798
0.12306805959432898	-0.0	-0.2435589569368858
0.12456888958938177	-0.0	-0.24635727787198847
0.12606971958443455	-0.0	-0.2491507868733274
0.12757054957948735	-0.0	-0.2519394314334628
0.12907137957454015	-0.0	-0.25472315913124566
0.13057220956959295	-0.0	-0.2575019177342712
0.13207303956464572	-0.0	-0.26027565519536566
0.13357386955969852	-0.0	-0.26304431959129837
0.13507469955475132	-0.0	-0.26580785919438893
0.1365755295498041	-0.0	-0.2685662224568614
0.1380763595448569	-0.0	-0.2713193579697521
0.1395771895399097	-0.0	-0.27406721447015875
0.1410780195349625	-0.0	-0.2768097408783756
0.14257884953001526	-0.0	-0.27954688627714364
0.1440796795250681	-0.0	-0.2822785999638023
0.14558050952012086	-0.0	-0.2850048314000979
0.14708133951517366	-0.0	-0.287725530181374
0.14858216951022643	-0.0	-0.2904406460826195
0.15008299950527926	-0.0	-0.2931501290557323
0.15158382950033203	-0.0	-0.29585392925337534
0.15308465949538483	-0.0	-0.2985519969820035
0.1545854894904376	-0.0	-0.3012442827453231
0.15608631948549043	-0.0	-0.3039307372220628
0.1575871494805432	-0.0	-0.3066113112402307
0.159087979475596	-0.0	-0.309285955831781
0.16058880947064877	-0.0	-0.3119546222300249
0.1620896394657016	-0.0	-0.31461726183286576
0.16359046946075437	-0.0	-0.31727382623316513
0.16509129945580717	-0.0	-0.31992426718575057
0.16659212945085994	-0.0	-0.3225685366319748
0.16809295944591277	-0.0	-0.3252065867206506
0.16959378944096554	-0.0	-0.3278383697712115
0.17109461943601834	-0.0	-0.330463838302081
0.17259544943107114	-0.0	-0.3330829450364424
0.17409627942612393	-0.0	-0.33569564287398096
0.1755971094211767	-0.0	-0.33830188486946805
0.1770979394162295	-0.0	-0.34090162431975496
0.1785987694112823	-0.0	-0.3434948146861739
0.1800995994063351	-0.0	-0.34608140962235234
0.18160042940138788	-0.0	-0.3486613630319498
0.18310125939644067	-0.0	-0.3512346289356523
0.18460208939149347	-0.0	-0.35380116158043246
0.18610291938654627	-0.0	-0.3563609154142128
0.18760374938159904	-0.0	-0.3589138450625274
0.18910457937665184	-0.0	-0.36145990536269773
0.19060540937170464	-0.0	-0.3639990513664587
0.19210623936675744	-0.0	-0.36653123831647194
0.1936070693618102	-0.0	-0.36905642163807767
0.195107899356863	-0.0	-0.37157455695738145
0.1966087293519158	-0.0	-0.3740856001019199
0.1981095593469686	-0.0	-0.37658950713809125
0.19961038934202138	-0.0	-0.3790862342613416
0.20111121933707418	-0.0	-0.3815757379001346
0.20261204933212695	-0.0	-0.3840579747603735
0.20411287932717975	-0.0	-0.3865329016693156
0.20561370932223258	-0.0	-0.389000475650286
0.20711453931728535	-0.0	-0.39146065396018276
0.20861536931233815	-0.0	-0.39391339406018283
0.21011619930739095	-0.0	-0.3963586536233614
0.21161702930244372	-0.0	-0.39879639047906396
0.21311785929749652	-0.0	-0.4012265627252349
0.2146186892925493	-0.0	-0.40364912866927605
0.2161195192876021	-0.0	-0.4060640467645399
0.21762034928265492	-0.0	-0.4084712757271712
0.21912117927770766	-0.0	-0.410870774439904
0.2206220092727605	-0.0	-0.41326250200295583
0.2221228392678133	-0.0	-0.4156464177552211
0.22362366926286606	-0.0	-0.41802248122337693
0.22512449925791886	-0.0	-0.42039065213941523
0.22662532925297169	-0.0	-0.4227508904263656
0.22812615924802443	-0.0	-0.42510315623365486
0.22962698924307726	-0.0	-0.4274474099620362
0.23112781923813	-0.0	-0.4297836121814782
0.23262864923318283	-0.0	-0.4321117236644902
0.23412947922823563	-0.0	-0.4344317054048375
0.2356303092232884	-0.0	-0.43674351860688915
0.2371311392183412	-0.0	-0.4390471247004129
0.238631969213394	-0.0	-0.44134248529534
0.24013279920844677	-0.0	-0.443629562230107
0.2416336292034996	-0.0	-0.44590831755427235
0.2431344591985524	-0.0	-0.4481787135088019
0.24463528919360517	-0.0	-0.4504407125823632
0.24613611918865796	-0.0	-0.45269427747726054
0.24763694918371074	-0.0	-0.4549393710780331
0.24913777917876354	-0.0	-0.4571759564837075
0.25063860917381636	-0.0	-0.45940399702858425
0.2521394391688691	-0.0	-0.46162345626977364
0.2536402691639219	-0.0	-0.4638342979296804
0.2551410991589747	-0.0	-0.4660364859639494
0.2566419291540275	-0.0	-0.46822998457333803
0.2581427591490803	-0.0	-0.4704147581485316
0.25964358914413305	-0.0	-0.4725907712989566
0.2611444191391859	-0.0	-0.47475798884264586
0.2626452491342387	-0.0	-0.47691637579684415
0.26414607912929144	-0.0	-0.47906589741207284
0.26564690912434424	-0.0	-0.4812065191715385
0.26714773911939704	-0.0	-0.48333820675614303
0.26864856911444984	-0.0	-0.48546092604307806
0.27014939910950264	-0.0	-0.4875746431467698
0.27165022910455544	-0.0	-0.4896793243814108
0.2731510590996082	-0.0	-0.4917749362800829
0.27465188909466104	-0.0	-0.4938614455890974
0.2761527190897138	-0.0	-0.49593881928756184
0.2776535490847666	-0.0	-0.4980070245615997
0.2791543790798194	-0.0	-0.5000660287675115
0.2806552090748722	-0.0	-0.5021157995232437
0.282156039069925	-0.0	-0.504156304669885
0.2836568690649778	-0.0	-0.5061875122498073
0.2851576990600305	-0.0	-0.5082093905065174
0.2866585290550834	-0.0	-0.5102219079099195
0.2881593590501362	-0.0	-0.5122250331473643
0.2896601890451889	-0.0	-0.5142187350900647
0.2911610190402417	-0.0	-0.5162029828490937
0.2926618490352945	-0.0	-0.5181777457759401
0.2941626790303473	-0.0	-0.520142993393342
0.2956635090254001	-0.0	-0.5220986954577215
0.29716433902045286	-0.0	-0.5240448219415781
0.2986651690155057	-0.0	-0.5259813430206921
0.3001659990105585	-0.0	-0.5279082290983136
0.30166682900561126	-0.0	-0.5298254507858181
0.30316765900066406	-0.0	-0.5317329789221991
0.30466848899571686	-0.0	-0.5336307845275384
0.30616931899076966	-0.0	-0.5355188388715426
0.30767014898582246	-0.0	-0.5373971134321551
0.3091709789808752	-0.0	-0.5392655798659663
0.31067180897592805	-0.0	-0.541124210081189
0.31217263897098085	-0.0	-0.5429729761914985
0.3136734689660336	-0.0	-0.5448118505228015
0.3151742989610864	-0.0	-0.5466408056250714
0.3166751289561392	-0.0	-0.5484598142415759
0.318175958951192	-0.0	-0.550268849326852
0.3196767889462448	-0.0	-0.552067884079699
0.32117761894129754	-0.0	-0.5538568919037123
0.3226784489363504	-0.0	-0.5556358463901602
0.3241792789314032	-0.0	-0.5574047213604799
0.32568010892645594	-0.0	-0.5591634908550721
0.32718093892150873	-0.0	-0.5609121291363701
0.32868176891656153	-0.0	-0.5626506106559215
0.33018259891161433	-0.0	-0.5643789100791695
0.33168342890666713	-0.0	-0.5660970022958096
0.3331842589017199	-0.0	-0.567804862410616
0.3346850888967727	-0.0	-0.5695024657521346
0.33618591889182553	-0.0	-0.5711897878368046
0.3376867488868783	-0.0	-0.5728668043913366
0.3391875788819311	-0.0	-0.5745334913798231
0.3406884088769839	-0.0	-0.5761898249772197
0.34218923887203667	-0.0	-0.5778357815586183
0.34369006886708947	-0.0	-0.5794713377224749
0.34519089886214227	-0.0	-0.5810964702561014
0.346691728857195	-0.0	-0.5827111561755738
0.34819255885224787	-0.0	-0.5843153727276188
0.3496933888473006	-0.0	-0.5859090973498531
0.3511942188423534	-0.0	-0.5874923076879078
0.3526950488374062	-0.0	-0.5890649815999415
0.354195878832459	-0.0	-0.5906270971686233
0.3556967088275118	-0.0	-0.5921786326920715
0.3571975388225646	-0.0	-0.593719566671463
0.35869836881761735	-0.0	-0.5952498778067795
0.3601991988126702	-0.0	-0.5967695450175206
0.361700028807723	-0.0	-0.5982785474612706
0.36320085880277575	-0.0	-0.5997768644758148
0.36470168879782855	-0.0	-0.601264475628849
0.36620251879288135	-0.0	-0.6027413606939758
0.36770334878793415	-0.0	-0.6042074996300285
0.36920417878298695	-0.0	-0.6056628726563024
0.3707050087780397	-0.0	-0.607107460185165
0.37220583877309255	-0.0	-0.608541242821353
0.37370666876814534	-0.0	-0.6099642013945208
0.3752074987631981	-0.0	-0.6113763169391565
0.3767083287582509	-0.0	-0.6127775707187348
0.3782091587533037	-0.0	-0.61416794418762
0.3797099887483565	-0.0	-0.6155474190151077
0.3812108187434093	-0.0	-0.6169159770861642
0.38271164873846203	-0.0	-0.6182736005118947
0.3842124787335149	-0.0	-0.6196202715897074
0.3857133087285677	-0.0	-0.6209559728338652
0.3872141387236204	-0.0	-0.6222806869877281
0.38871496871867317	-0.0	-0.6235943969731554
0.390215798713726	-0.0	-0.6248970859761304
0.3917166287087788	-0.0	-0.6261887373426417
0.3932174587038316	-0.0	-0.6274693346187038
0.3947182886988844	-0.0	-0.6287388616202249
0.3962191186939372	-0.0	-0.6299973023416493
0.39771994868898997	-0.0	-0.6312446409562903
0.39922077868404277	-0.0	-0.6324808619011414
0.40072160867909556	-0.0	-0.6337059498156626
0.40222243867414836	-0.0	-0.6349198895162597
0.4037232686692012	-0.0	-0.636122666055759
0.4052240986642539	-0.0	-0.6373142646908222
0.4067249286593067	-0.0	-0.6384946709029548
0.4082257586543595	-0.0	-0.6396638703746121
0.40972658864941236	-0.0	-0.6408218489654915
0.41122741864446516	-0.0	-0.6419685927961961
0.41272824863951796	-0.0	-0.6431040881836191
0.4142290786345707	-0.0	-0.6442283216259265
0.4157299086296235	-0.0	-0.6453412798859262
0.4172307386246763	-0.0	-0.6464429498959375
0.4187315686197291	-0.0	-0.6475333187999193
0.4202323986147819	-0.0	-0.6486123739648243
0.42173322860983464	-0.0	-0.6496801029649546
0.42323405860488744	-0.0	-0.6507364935792613
0.42473488859994024	-0.0	-0.6517815338067676
0.42623571859499304	-0.0	-0.6528152118578036
0.42773654859004584	-0.0	-0.6538375161334408
0.4292373785850986	-0.0	-0.6548484352828966
0.4307382085801514	-0.0	-0.6558479581413958
0.4322390385752042	-0.0	-0.6568360737383817
0.43373986857025704	-0.0	-0.6578127713372032
0.43524069856530984	-0.0	-0.6587780404172131
0.43674152856036264	-0.0	-0.6597318706684789
0.4382423585554153	-0.0	-0.6606742519626003
0.4397431885504682	-0.0	-0.661605174380634
0.441244018545521	-0.0	-0.6625246282639143
0.4427448485405738	-0.0	-0.6634326041546883
0.4442456785356266	-0.0	-0.6643290927660092
0.4457465085306793	-0.0	-0.6652140850313354
0.4472473385257321	-0.0	-0.666087572121138
0.4487481685207849	-0.0	-0.6669495453981832
0.4502489985158377	-0.0	-0.6677999964339545
0.4517498285108905	-0.0	-0.6686389170128327
0.45325065850594337	-0.0	-0.6694662991451148
0.45475148850099606	-0.0	-0.6702821350411236
0.45625231849604886	-0.0	-0.6710864171036245
0.45775314849110166	-0.0	-0.6718791379935896
0.4592539784861545	-0.0	-0.6726602905358058
0.4607548084812073	-0.0	-0.673429867780237
0.46225563847626	-0.0	-0.6741878630020605
0.46375646847131285	-0.0	-0.674934269668527
0.46525729846636565	-0.0	-0.6756690814805341
0.46675812846141845	-0.0	-0.6763922923268358
0.46825895845647125	-0.0	-0.6771038963152232
0.46975978845152405	-0.0	-0.6778038877679008
0.4712606184465768	-0.0	-0.6784922612135345
0.4727614484416296	-0.0	-0.679169011401528
0.4742622784366824	-0.0	-0.6798341332803123
0.4757631084317352	-0.0	-0.6804876220178359
0.477263938426788	-0.0	-0.6811294729961278
0.47876476842184074	-0.0	-0.6817596817938398
0.48026559841689354	-0.0	-0.6823782442167979
0.48176642841194633	-0.0	-0.6829851562673763
0.4832672584069992	-0.0	-0.6835804141766032
0.484768088402052	-0.0	-0.6841640143841868
0.4862689183971048	-0.0	-0.6847359535161021
0.4877697483921575	-0.0	-0.6852962284314525
0.48927057838721033	-0.0	-0.6858448362061225
0.49077140838226313	-0.0	-0.6863817741111394
0.49227223837731593	-0.0	-0.686907039635939
0.49377306837236873	-0.0	-0.6874206304798579
0.4952738983674215	-0.0	-0.687922544570479
0.49677472836247427	-0.0	-0.6884127800297153
0.49827555835752707	-0.0	-0.6888913351796159
0.49977638835257987	-0.0	-0.6893582085654093
0.5012772183476327	-0.0	-0.6898133989471075
0.5027780483426855	-0.0	-0.6902569052994687
0.5042788783377382	-0.0	-0.6906887268089276
0.5057797083327911	-0.0	-0.6911088628612785
0.5072805383278438	-0.0	-0.6915173130411577
0.5087813683228967	-0.0	-0.691914077170917
0.5102821983179494	-0.0	-0.69229915529986
0.5117830283130022	-0.0	-0.6926725476489466
0.513283858308055	-0.0	-0.6930342546448587
0.5147846883031078	-0.0	-0.6933842769754799
0.5162855182981606	-0.0	-0.6937226154993517
0.5177863482932135	-0.0	-0.6940492712772232
0.5192871782882661	-0.0	-0.6943642456267552
0.520788008283319	-0.0	-0.6946675400459572
0.5222888382783718	-0.0	-0.694959156234528
0.5237896682734245	-0.0	-0.695239096107172
0.5252904982684774	-0.0	-0.6955073618170858
0.5267913282635301	-0.0	-0.6957639557063949
0.5282921582585829	-0.0	-0.6960088803094465
0.5297929882536357	-0.0	-0.6962421384154649
0.5312938182486885	-0.0	-0.6964637330013461
0.5327946482437413	-0.0	-0.6966736672368363
0.5342954782387941	-0.0	-0.6968719445131227
0.5357963082338468	-0.0	-0.6970585684473459
0.5372971382288997	-0.0	-0.6972335428542679
0.5387979682239524	-0.0	-0.6973968717577747
0.5402987982190053	-0.0	-0.6975485594000498
0.5417996282140581	-0.0	-0.6976886102192333
0.5433004582091109	-0.0	-0.6978170288602229
0.5448012882041636	-0.0	-0.6979338201830321
0.5463021181992164	-0.0	-0.6980389892641592
0.5478029481942692	-0.0	-0.6981325413982148
0.5493037781893221	-0.0	-0.6982144820600469
0.5508046081843748	-0.0	-0.6982848169490513
0.5523054381794276	-0.0	-0.6983435519885433
0.5538062681744804	-0.0	-0.6983906932777846
0.5553070981695332	-0.0	-0.698426247138144
0.556807928164586	-0.0	-0.6984502201043312
0.5583087581596388	-0.0	-0.6984626189106745
0.5598095881546916	-0.0	-0.698463450509725
0.5613104181497444	-0.0	-0.698452722065267
0.5628112481447971	-0.0	-0.6984304409267217
0.56431207813985	-0.0	-0.6983966146581831
0.5658129081349027	-0.0	-0.6983512510391203
0.5673137381299556	-0.0	-0.6982943580582376
0.5688145681250083	-0.0	-0.6982259438993824
0.570315398120061	-0.0	-0.6981460169456881
0.5718162281151139	-0.0	-0.698054585815969
0.5733170581101668	-0.0	-0.6979516593217784
0.5748178881052195	-0.0	-0.6978372464532059
0.5763187181002724	-0.0	-0.6977113564188228
0.5778195480953251	-0.0	-0.6975739986592199
0.5793203780903778	-0.0	-0.6974251827989982
0.5808212080854307	-0.0	-0.6972649186560524
0.5823220380804834	-0.0	-0.6970932162675362
0.5838228680755363	-0.0	-0.6969100858771381
0.585323698070589	-0.0	-0.696715537933233
0.5868245280656418	-0.0	-0.6965095830650988
0.5883253580606946	-0.0	-0.6962922321173145
0.5898261880557474	-0.0	-0.6960634961552713
0.5913270180508002	-0.0	-0.6958233864196788
0.592827848045853	-0.0	-0.6955719143667325
0.5943286780409057	-0.0	-0.6953090916516549
0.5958295080359586	-0.0	-0.6950349301215198
0.5973303380310114	-0.0	-0.6947494418429928
0.5988311680260642	-0.0	-0.6944526390671192
0.600331998021117	-0.0	-0.6941445342445264
0.6018328280161698	-0.0	-0.6938251400556045
0.6033336580112225	-0.0	-0.6934944693477029
0.6048344880062754	-0.0	-0.6931525351625006
0.6063353180013281	-0.0	-0.6927993507603066
0.607836147996381	-0.0	-0.6924349295879181
0.6093369779914337	-0.0	-0.6920592853089127
0.6108378079864865	-0.0	-0.6916724317646279
0.6123386379815393	-0.0	-0.6912743829878821
0.6138394679765921	-0.0	-0.6908651532250941
0.6153402979716449	-0.0	-0.6904447569072841
0.6168411279666978	-0.0	-0.6900132086669037
0.6183419579617504	-0.0	-0.6895705233425696
0.6198427879568033	-0.0	-0.6891167159569829
0.6213436179518561	-0.0	-0.6886518017046119
0.6228444479469089	-0.0	-0.6881757959998497
0.6243452779419617	-0.0	-0.6876887144503829
0.6258461079370145	-0.0	-0.6871905728501649
0.6273469379320672	-0.0	-0.6866813871908813
0.62884776792712	-0.0	-0.6861611736396468
0.6303485979221728	-0.0	-0.6856299485706292
0.6318494279172256	-0.0	-0.6850877285491818
0.6333502579122784	-0.0	-0.6845345303264436
0.6348510879073311	-0.0	-0.6839703708329405
0.636351917902384	-0.0	-0.6833952672098019
0.6378527478974367	-0.0	-0.6828092367771375
0.6393535778924896	-0.0	-0.6822122970240501
0.6408544078875424	-0.0	-0.6816044656465847
0.6423552378825951	-0.0	-0.680985760537631
0.6438560678776479	-0.0	-0.6803561997727205
0.6453568978727008	-0.0	-0.6797158015778845
0.6468577278677535	-0.0	-0.6790645843928279
0.6483585578628064	-0.0	-0.6784025668658622
0.6498593878578591	-0.0	-0.6777297677878837
0.6513602178529119	-0.0	-0.6770462061403087
0.6528610478479647	-0.0	-0.6763519011139735
0.6543618778430175	-0.0	-0.6756468720600899
0.6558627078380703	-0.0	-0.6749311385009346
0.6573635378331231	-0.0	-0.6742047201561465
0.6588643678281758	-0.0	-0.6734676369367725
0.6603651978232287	-0.0	-0.6727199089146043
0.6618660278182814	-0.0	-0.6719615563427072
0.6633668578133343	-0.0	-0.6711925996630016
0.6648676878083871	-0.0	-0.6704130594822221
0.6663685178034398	-0.0	-0.6696229565899298
0.6678693477984926	-0.0	-0.6688223119590672
0.6693701777935454	-0.0	-0.6680111467368592
0.6708710077885982	-0.0	-0.6671894822348642
0.6723718377836511	-0.0	-0.6663573399334488
0.6738726677787038	-0.0	-0.665514741513412
0.6753734977737565	-0.0	-0.664661708814227
0.6768743277688094	-0.0	-0.6637982638494276
0.6783751577638621	-0.0	-0.6629244287924795
0.679875987758915	-0.0	-0.6620402259916853
0.6813768177539677	-0.0	-0.6611456779893448
0.6828776477490205	-0.0	-0.6602408074706748
0.6843784777440733	-0.0	-0.6593256373101553
0.6858793077391261	-0.0	-0.6584001905256268
0.6873801377341789	-0.0	-0.6574644903131338
0.6888809677292317	-0.0	-0.656518560051177
0.6903817977242845	-0.0	-0.6555624232633205
0.6918826277193373	-0.0	-0.6545961036547707
0.69338345771439	-0.0	-0.6536196250841197
0.6948842877094429	-0.0	-0.6526330115680045
0.6963851177044957	-0.0	-0.6516362873061474
0.6978859476995485	-0.0	-0.6506294766588318
0.6993867776946012	-0.0	-0.6496126041191975
0.7008876076896541	-0.0	-0.6485856943596238
0.7023884376847068	-0.0	-0.6475487722184872
0.7038892676797597	-0.0	-0.6465018626887326
0.7053900976748124	-0.0	-0.6454449909374029
0.7068909276698653	-0.0	-0.6443781822710186
0.708391757664918	-0.0	-0.6433014621277371
0.7098925876599708	-0.0	-0.6422148561480342
0.7113934176550236	-0.0	-0.6411183901310229
0.7128942476500764	-0.0	-0.6400120899861115
0.7143950776451292	-0.0	-0.6388959817938836
0.715895907640182	-0.0	-0.637770091800995
0.7173967376352347	-0.0	-0.6366344464058212
0.7188975676302876	-0.0	-0.6354890721606041
0.7203983976253404	-0.0	-0.6343339957513302
0.7218992276203932	-0.0	-0.6331692440174079
0.723400057615446	-0.0	-0.6319948439610626
0.7249008876104988	-0.0	-0.6308108227144914
0.7264017176055515	-0.0	-0.6296172075759263
0.7279025476006044	-0.0	-0.6284140259909922
0.7294033775956571	-0.0	-0.6272013055335106
0.73090420759071	-0.0	-0.6259790739283584
0.7324050375857627	-0.0	-0.6247473590596038
0.7339058675808154	-0.0	-0.6235061889405107
0.7354066975758683	-0.0	-0.622255591726706
0.736907527570921	-0.0	-0.6209955957304191
0.7384083575659739	-0.0	-0.6197262293925944
0.7399091875610266	-0.0	-0.6184475212780084
0.7414100175560794	-0.0	-0.6171595001247957
0.7429108475511322	-0.0	-0.6158621948079794
0.7444116775461851	-0.0	-0.614555634318907
0.7459125075412378	-0.0	-0.6132398477935078
0.7474133375362907	-0.0	-0.6119148644958711
0.7489141675313434	-0.0	-0.6105807138613355
0.7504149975263962	-0.0	-0.6092374254238103
0.751915827521449	-0.0	-0.6078850288445877
0.7534166575165018	-0.0	-0.606523553964051
0.7549174875115546	-0.0	-0.6051530307215234
0.7564183175066074	-0.0	-0.6037734891826017
0.7579191475016601	-0.0	-0.602384959567821
0.759419977496713	-0.0	-0.6009874722164817
0.7609208074917657	-0.0	-0.5995810575875373
0.7624216374868186	-0.0	-0.5981657462803432
0.7639224674818714	-0.0	-0.5967415690207137
0.7654232974769241	-0.0	-0.5953085566548557
0.7669241274719769	-0.0	-0.5938667401690824
0.7684249574670298	-0.0	-0.5924161506644409
0.7699257874620825	-0.0	-0.590956819366957
0.7714266174571354	-0.0	-0.5894887776246028
0.772927447452188	-0.0	-0.588012056919502
0.7744282774472409	-0.0	-0.5865266888500653
0.7759291074422937	-0.0	-0.5850327051161218
0.7774299374373463	-0.0	-0.583530137577395
0.7789307674323993	-0.0	-0.5820190182012037
0.780431597427452	-0.0	-0.5804993790443753
0.7819324274225049	-0.0	-0.5789712523096134
0.7834332574175576	-0.0	-0.5774346703176474
0.7849340874126104	-0.0	-0.5758896655017208
0.7864349174076632	-0.0	-0.5743362704098848
0.787935747402716	-0.0	-0.5727745177011143
0.7894365773977688	-0.0	-0.5712044401543334
0.7909374073928216	-0.0	-0.5696260706640869
0.7924382373878744	-0.0	-0.5680394422268931
0.7939390673829272	-0.0	-0.5664445879694271
0.7954398973779799	-0.0	-0.564841541135465
0.7969407273730328	-0.0	-0.5632303350535202
0.7984415573680855	-0.0	-0.5616110031655075
0.7999423873631384	-0.0	-0.5599835790490845
0.8014432173581911	-0.0	-0.5583480963638346
0.8029440473532439	-0.0	-0.5567045888815599
0.8044448773482967	-0.0	-0.5550530905096566
0.8059457073433495	-0.0	-0.5533936352165862
0.8074465373384024	-0.0	-0.5517262571013006
0.8089473673334551	-0.0	-0.5500509903925018
0.8104481973285078	-0.0	-0.5483678693762954
0.8119490273235607	-0.0	-0.5466769284625087
0.8134498573186134	-0.0	-0.5449782021806217
0.8149506873136664	-0.0	-0.543271725131906
0.816451517308719	-0.0	-0.5415575320393946
0.8179523473037718	-0.0	-0.5398356577283522
0.8194531772988247	-0.0	-0.5381061371218371
0.8209540072938774	-0.0	-0.5363690052343395
0.8224548372889303	-0.0	-0.5346242971833953
0.8239556672839831	-0.0	-0.5328720481881434
0.8254564972790359	-0.0	-0.5311122935576011
0.8269573272740887	-0.0	-0.5293450687135963
0.8284581572691414	-0.0	-0.5275704091671318
0.8299589872641943	-0.0	-0.5257883505074016
0.831459817259247	-0.0	-0.5239989284540151
0.8329606472542999	-0.0	-0.5222021788016288
0.8344614772493526	-0.0	-0.5203981374267879
0.8359623072444053	-0.0	-0.5185868403083067
0.8374631372394582	-0.0	-0.5167683235139905
0.8389639672345109	-0.0	-0.5149426232268954
0.8404647972295638	-0.0	-0.5131097756981711
0.8419656272246165	-0.0	-0.5112698172671807
0.8434664572196693	-0.0	-0.5094227843799211
0.8449672872147221	-0.0	-0.5075687135713426
0.8464681172097749	-0.0	-0.5057076414430461
0.8479689472048277	-0.0	-0.5038396046982729
0.8494697771998805	-0.0	-0.5019646401441604
0.8509706071949332	-0.0	-0.5000827846573817
0.8524714371899861	-0.0	-0.49819407520278663
0.8539722671850388	-0.0	-0.49629854882504304
0.8554730971800917	-0.0	-0.4943962426644671
0.8569739271751444	-0.0	-0.49248719394596413
0.8584747571701972	-0.0	-0.49057143997240793
0.85997558716525	-0.0	-0.48864901813307393
0.8614764171603028	-0.0	-0.4867199659092981
0.8629772471553557	-0.0	-0.4847843208526177
0.8644780771504084	-0.0	-0.4828421206004537
0.8659789071454613	-0.0	-0.4808934028771464
0.8674797371405141	-0.0	-0.4789382054792717
0.8689805671355667	-0.0	-0.4769765662755302
0.8704813971306197	-0.0	-0.4750085232292349
0.8719822271256723	-0.0	-0.47303411440267623
0.8734830571207253	-0.0	-0.47105337790914936
0.874983887115778	-0.0	-0.4690663519327058
0.8764847171108306	-0.0	-0.46707307474405724
0.8779855471058836	-0.0	-0.46507358470934207
0.8794863771009364	-0.0	-0.46306792025158433
0.8809872070959892	-0.0	-0.4610561198738481
0.882488037091042	-0.0	-0.45903822216019874
0.8839888670860947	-0.0	-0.4570142657708949
0.8854896970811476	-0.0	-0.45498428943561964
0.8869905270762003	-0.0	-0.4529483319589548
0.8884913570712532	-0.0	-0.45090643222319166
0.8899921870663059	-0.0	-0.4488586291695419
0.8914930170613586	-0.0	-0.4468049618312776
0.8929938470564115	-0.0	-0.4447454693009981
0.8944946770514642	-0.0	-0.4426801907555589
0.8959955070465171	-0.0	-0.4406091654365059
0.8974963370415698	-0.0	-0.438532432647116
0.8989971670366227	-0.0	-0.43645003177688296
0.9004979970316754	-0.0	-0.43436200228365235
0.9019988270267282	-0.0	-0.4322683836761637
0.903499657021781	-0.0	-0.43016921554989124
0.9050004870168338	-0.0	-0.42806453757661306
0.9065013170118867	-0.0	-0.4259543894712712
0.9080021470069394	-0.0	-0.4238388110302159
0.9095029770019921	-0.0	-0.42171784213534846
0.911003806997045	-0.0	-0.4195915227060378
0.9125046369920977	-0.0	-0.41745989272708267
0.9140054669871507	-0.0	-0.41532299227671127
0.9155062969822033	-0.0	-0.4131808614824921
0.9170071269772561	-0.0	-0.4110335405263276
0.918507956972309	-0.0	-0.40888106968273574
0.9200087869673617	-0.0	-0.40672348927231994
0.9215096169624146	-0.0	-0.40456083967208906
0.9230104469574674	-0.0	-0.40239316134149566
0.92451127695252	-0.0	-0.40022049479136734
0.926012106947573	-0.0	-0.39804288060972354
0.9275129369426257	-0.0	-0.3958603594245295
0.9290137669376786	-0.0	-0.39367297193324907
0.9305145969327313	-0.0	-0.3914807589017349
0.932015426927784	-0.0	-0.3892837611543162
0.9335162569228369	-0.0	-0.38708201958326705
0.9350170869178897	-0.0	-0.3848755751228419
0.9365179169129425	-0.0	-0.38266446877827304
0.9380187469079952	-0.0	-0.3804487416144899
0.9395195769030481	-0.0	-0.37822843474465273
0.9410204068981008	-0.0	-0.3760035893644029
0.9425212368931536	-0.0	-0.37377424671927717
0.9440220668882064	-0.0	-0.3715404480936854
0.9455228968832592	-0.0	-0.36930223484109237
0.947023726878312	-0.0	-0.36705964838194616
0.9485245568733648	-0.0	-0.3648127301811161
0.9500253868684175	-0.0	-0.36256152175836037
0.9515262168634704	-0.0	-0.36030606470596854
0.9530270468585231	-0.0	-0.3580464006491854
0.954527876853576	-0.0	-0.35578257127339674
0.9560287068486287	-0.0	-0.3535146183427336
0.9575295368436815	-0.0	-0.3512425836489562
0.9590303668387343	-0.0	-0.34896650904766424
0.9605311968337871	-0.0	-0.3466864364462393
0.96203202682884	-0.0	-0.34440240779870346
0.9635328568238927	-0.0	-0.3421144651277266
0.9650336868189454	-0.0	-0.3398226504919669
0.9665345168139984	-0.0	-0.33752700600293706
0.968035346809051	-0.0	-0.3352275738350274
0.969536176804104	-0.0	-0.3329243962198472
0.9710370067991567	-0.0	-0.33061751541160483
0.9725378367942096	-0.0	-0.32830697373663315
0.9740386667892623	-0.0	-0.3259928135633563
0.975539496784315	-0.0	-0.3236750773078745
0.9770403267793679	-0.0	-0.32135380744236025
0.9785411567744207	-0.0	-0.31902904647597313
0.9800419867694735	-0.0	-0.3167008369921793
0.9815428167645263	-0.0	-0.3143692216037759
0.983043646759579	-0.0	-0.31203424295588633
0.9845444767546319	-0.0	-0.309695943748486
0.9860453067496846	-0.0	-0.3073543667493472
0.9875461367447375	-0.0	-0.305009554749914
0.9890469667397902	-0.0	-0.30266155060328764
0.990547796734843	-0.0	-0.3003103972030702
0.9920486267298958	-0.0	-0.29795613746753397
0.9935494567249485	-0.0	-0.29559881438245256
0.9950502867200014	-0.0	-0.29323847097924144
0.9965511167150541	-0.0	-0.29087515030825345
0.9980519467101069	-0.0	-0.28850889548334796
0.9995527767051597	-0.0	-0.28613974966358247
1.0010536067002125	-0.0	-0.28376775602961485
1.0025544366952654	-0.0	-0.281392957824796
1.0040552666903182	-0.0	-0.2790153983296855
1.005556096685371	-0.0	-0.2766351208513629
1.0070569266804237	-0.0	-0.27425216874347386
1.0085577566754764	-0.0	-0.2718665854048256
1.0100585866705294	-0.0	-0.2694784142745409
1.0115594166655821	-0.0	-0.26708769882166505
1.0130602466606349	-0.0	-0.2646944825613661
1.0145610766556876	-0.0	-0.26229880904247016
1.0160619066507404	-0.0	-0.2599007218464999
1.0175627366457933	-0.0	-0.2575002646019515
1.019063566640846	-0.0	-0.2550974809567762
1.0205643966358988	-0.0	-0.25269241461982417
1.0220652266309516	-0.0	-0.25028510932221193
1.0235660566260043	-0.0	-0.2478756088193934
1.0250668866210573	-0.0	-0.24546395690787795
1.02656771661611	-0.0	-0.24305019742502704
1.0280685466111628	-0.0	-0.24063437423120815
1.0295693766062155	-0.0	-0.23821653122277697
1.0310702066012682	-0.0	-0.23579671234407984
1.0325710365963212	-0.0	-0.23337496154771115
1.034071866591374	-0.0	-0.23095132281672406
1.035572696586427	-0.0	-0.2285258401756342
1.0370735265814794	-0.0	-0.2260985576725363
1.0385743565765322	-0.0	-0.22366951939356622
1.0400751865715852	-0.0	-0.22123876945779672
1.041576016566638	-0.0	-0.21880635198461493
1.0430768465616909	-0.0	-0.21637231114012256
1.0445776765567436	-0.0	-0.21393669111945607
1.0460785065517963	-0.0	-0.21149953613025346
1.047579336546849	-0.0	-0.2090608904186378
1.0490801665419018	-0.0	-0.2066207982503536
1.0505809965369548	-0.0	-0.2041793039233611
1.0520818265320075	-0.0	-0.2017364517536332
1.0535826565270603	-0.0	-0.19929228606635252
1.055083486522113	-0.0	-0.1968468512245579
1.0565843165171658	-0.0	-0.19440019162023037
1.0580851465122187	-0.0	-0.1919523516424106
1.0595859765072715	-0.0	-0.18950337571189255
1.0610868065023242	-0.0	-0.18705330828120498
1.062587636497377	-0.0	-0.1846021938075555
1.0640884664924297	-0.0	-0.18215007676940073
1.0655892964874827	-0.0	-0.17969700165756947
1.0670901264825354	-0.0	-0.17724301299251702
1.0685909564775882	-0.0	-0.17478815530699693
1.070091786472641	-0.0	-0.17233247314193678
1.0715926164676937	-0.0	-0.16987601106430303
1.0730934464627466	-0.0	-0.16741881364219022
1.0745942764577994	-0.0	-0.1649609254547705
1.0760951064528521	-0.0	-0.16250239110414796
1.0775959364479049	-0.0	-0.16004325522251556
1.0790967664429576	-0.0	-0.15758356242899133
1.0805975964380106	-0.0	-0.1551233573396789
1.0820984264330633	-0.0	-0.15266268460779842
1.0835992564281163	-0.0	-0.15020158888475746
1.0851000864231688	-0.0	-0.14774011481909732
1.0866009164182218	-0.0	-0.14527830709229606
1.0881017464132745	-0.0	-0.14281621038057962
1.0896025764083273	-0.0	-0.14035386935895341
1.0911034064033802	-0.0	-0.13789132871335244
1.0926042363984327	-0.0	-0.1354286331278254
1.0941050663934857	-0.0	-0.13296582729564926
1.0956058963885384	-0.0	-0.130502955902759
1.0971067263835912	-0.0	-0.12804006365748533
1.0986075563786442	-0.0	-0.12557719525491748
1.100108386373697	-0.0	-0.1231143953753685
1.1016092163687496	-0.0	-0.12065170873090471
1.1031100463638024	-0.0	-0.11818918001524689
1.1046108763588551	-0.0	-0.11572685391248072
1.106111706353908	-0.0	-0.1132647751219675
1.1076125363489608	-0.0	-0.11080298831405225
1.1091133663440136	-0.0	-0.10834153816399927
1.1106141963390663	-0.0	-0.10588046935387845
1.112115026334119	-0.0	-0.10341982655066898
1.113615856329172	-0.0	-0.10095965440816422
1.1151166863242248	-0.0	-0.09849999757028202
1.1166175163192775	-0.0	-0.09604090067372775
1.1181183463143303	-0.0	-0.09358240835073135
1.1196191763093832	-0.0	-0.09112456521508477
1.121120006304436	-0.0	-0.088667415870538
1.1226208362994887	-0.0	-0.08621100491157581
1.1241216662945415	-0.0	-0.08375537690836397
1.1256224962895942	-0.0	-0.08130057642923749
1.1271233262846472	-0.0	-0.07884664801638154
1.1286241562797	-0.0	-0.07639363618731097
1.1301249862747527	-0.0	-0.07394158545844955
1.1316258162698054	-0.0	-0.07149054032915153
1.1331266462648582	-0.0	-0.06904054524902374
1.1346274762599111	-0.0	-0.06659164467519979
1.1361283062549639	-0.0	-0.06414388304659727
1.1376291362500166	-0.0	-0.06169730475164652
1.1391299662450696	-0.0	-0.059251954167885215
1.140630796240122	-0.0	-0.05680787565711311
1.142131626235175	-0.0	-0.054365113546103266
1.1436324562302278	-0.0	-0.05192371212972751
1.1451332862252805	-0.0	-0.04948371569738358
1.1466341162203335	-0.0	-0.04704516848800049
1.1481349462153863	-0.0	-0.04460811470117165
1.149635776210439	-0.0	-0.04217259852986976
1.1511366062054917	-0.0	-0.039738664120574925
1.1526374362005447	-0.0	-0.037306355601070325
1.1541382661955975	-0.0	-0.03487571704635875
1.1556390961906502	-0.0	-0.032446792494696425
1.157139926185703	-0.0	-0.030019625971819498
1.1586407561807557	-0.0	-0.027594261453698136
1.1601415861758086	-0.0	-0.025170742872103094
1.1616424161708614	-0.0	-0.02274911411271936
1.1631432461659141	-0.0	-0.020329419040796614
1.1646440761609669	-0.0	-0.0179117014751659
1.1661449061560196	-0.0	-0.015496005182395675
1.1676457361510726	-0.0	-0.013082373886168003
1.1691465661461253	-0.0	-0.01067085126470797
1.170647396141178	-0.0	-0.008261480967871647
1.1721482261362308	-0.0	-0.0058543065849489566
1.1736490561312836	-0.0	-0.0034493716466054685
1.1751498861263365	-0.0	-0.001046719654527467
1.1766507161213893	0.0	0.0013536059511820675
1.178151546116442	0.0	0.00375156178438414
1.1796523761114948	0.0	0.006147104503028223
1.1811532061065475	0.0	0.008540190812943417
1.1826540361016005	0.0	0.010930777489364869
1.1841548660966532	0.0	0.013318821364228751
1.185655696091706	0.0	0.015704279318294028
1.187156526086759	0.0	0.01808710827949655
1.1886573560818114	0.0	0.020467265251817364
1.1901581860768644	0.0	0.022844707300802333
1.1916590160719172	0.0	0.025219391537546768
1.1931598460669701	0.0	0.027591275147415814
1.1946606760620229	0.0	0.029960315377764776
1.1961615060570754	0.0	0.03232646953444384
1.1976623360521284	0.0	0.034689694995612724
1.199163166047181	0.0	0.037049949204195326
1.200663996042234	0.0	0.03940718966405158
1.2021648260372868	0.0	0.041761373961929193
1.2036656560323395	0.0	0.04411245974641811
1.2051664860273923	0.0	0.046460404730650516
1.206667316022445	0.0	0.04880516671195944
1.208168146017498	0.0	0.051146703560597716
1.2096689760125507	0.0	0.05348497321152688
1.2111698060076035	0.0	0.05581993367628997
1.2126706360026562	0.0	0.05815154304791235
1.214171465997709	0.0	0.060479759490896665
1.215672295992762	0.0	0.06280454126175065
1.2171731259878147	0.0	0.06512584669010531
1.2186739559828674	0.0	0.0674436341773463
1.2201747859779202	0.0	0.06975786221673498
1.221675615972973	0.0	0.07206848938980207
1.2231764459680259	0.0	0.07437547435218166
1.2246772759630786	0.0	0.07667877583908535
1.2261781059581316	0.0	0.07897835268832656
1.2276789359531841	0.0	0.08127416382417577
1.2291797659482369	0.0	0.08356616824535817
1.2306805959432898	0.0	0.08585432504227124
1.2321814259383426	0.0	0.08813859341042934
1.2336822559333955	0.0	0.09041893262947374
1.235183085928448	0.0	0.09269530206272872
1.2366839159235008	0.0	0.09496766118377668
1.2381847459185538	0.0	0.09723596955226874
1.2396855759136065	0.0	0.09950018681795622
1.2411864059086595	0.0	0.10176027273628077
1.2426872359037122	0.0	0.10401618715794392
1.2441880658987647	0.0	0.10626789003343806
1.2456888958938177	0.0	0.10851534141796569
1.2471897258888704	0.0	0.1107585014604173
1.2486905558839234	0.0	0.1129973304109167
1.2501913858789762	0.0	0.11523178863929603
1.251692215874029	0.0	0.11746183659945883
1.2531930458690816	0.0	0.11968743486279769
1.2546938758641344	0.0	0.12190854410114338
1.2561947058591874	0.0	0.12412512508604348
1.25769553585424	0.0	0.12633713871624377
1.2591963658492928	0.0	0.1285445459919453
1.2606971958443456	0.0	0.13074730802170248
1.2621980258393983	0.0	0.1329453860247161
1.2636988558344513	0.0	0.13513874133270146
1.265199685829504	0.0	0.13732733539079428
1.2667005158245568	0.0	0.1395111297536858
1.2682013458196095	0.0	0.14169008610417147
1.2697021758146623	0.0	0.14386416623475026
1.2712030058097152	0.0	0.14603333204540514
1.272703835804768	0.0	0.1481975455667201
1.2742046657998207	0.0	0.15035676895279715
1.2757054957948735	0.0	0.15251096445867568
1.2772063257899262	0.0	0.1546600944740462
1.2787071557849792	0.0	0.15680412151200612
1.280207985780032	0.0	0.1589430081886802
1.2817088157750849	0.0	0.1610767172669759
1.2832096457701374	0.0	0.16320521163248644
1.2847104757651902	0.0	0.16532845427806733
1.2862113057602431	0.0	0.16744640833926971
1.2877121357552959	0.0	0.16955903706891193
1.2892129657503488	0.0	0.17166630385536963
1.2907137957454016	0.0	0.17376817221562205
1.292214625740454	0.0	0.17586460578650479
1.293715455735507	0.0	0.1779555683443312
1.2952162857305598	0.0	0.18004102379159584
1.2967171157256128	0.0	0.18212093617217576
1.2982179457206655	0.0	0.18419526965485314
1.2997187757157183	0.0	0.18626398853827134
1.301219605710771	0.0	0.18832705726619212
1.3027204357058237	0.0	0.19038444040996375
1.3042212657008767	0.0	0.1924361026795987
1.3057220956959295	0.0	0.19448200892334822
1.3072229256909822	0.0	0.1965221241188439
1.308723755686035	0.0	0.19855641339832292
1.3102245856810877	0.0	0.20058484202617693
1.3117254156761406	0.0	0.20260737538511883
1.3132262456711934	0.0	0.20462397902552348
1.3147270756662461	0.0	0.2066346186468232
1.3162279056612989	0.0	0.20863926006612438
1.3177287356563516	0.0	0.21063786924959083
1.3192295656514046	0.0	0.21263041230436225
1.3207303956464573	0.0	0.21461685549419965
1.32223122564151	0.0	0.21659716521727465
1.3237320556365628	0.0	0.21857130801746905
1.3252328856316156	0.0	0.22053925059351062
1.3267337156266685	0.0	0.2225009597799247
1.3282345456217213	0.0	0.2244564025592586
1.3297353756167742	0.0	0.226405546073085
1.3312362056118268	0.0	0.22834835760419286
1.3327370356068795	0.0	0.23028480457486747
1.3342378656019325	0.0	0.23221485458028976
1.3357386955969852	0.0	0.23413847535443416
1.3372395255920382	0.0	0.23605563477199212
1.3387403555870907	0.0	0.23796630087346762
1.3402411855821437	0.0	0.2398704418466837
1.3417420155771964	0.0	0.24176802601962563
1.3432428455722492	0.0	0.2436590218947461
1.3447436755673021	0.0	0.2455433981261444
1.3462445055623549	0.0	0.2474211235067319
1.3477453355574076	0.0	0.24929216699316128
1.3492461655524604	0.0	0.2511564977014252
1.350746995547513	0.0	0.2530140848982749
1.352247825542566	0.0	0.2548648979955619
1.3537486555376188	0.0	0.2567089065824899
1.3552494855326715	0.0	0.2585460804012409
1.3567503155277243	0.0	0.26037638934542134
1.358251145522777	0.0	0.26219980346365035
1.35975197551783	0.0	0.26401629296484824
1.3612528055128827	0.0	0.2658258282310716
1.3627536355079355	0.0	0.26762837977309145
1.3642544655029882	0.0	0.26942391828779744
1.365755295498041	0.0	0.27121241464099854
1.367256125493094	0.0	0.2729938398322487
1.3687569554881467	0.0	0.27476816502573076
1.3702577854831994	0.0	0.2765353615603171
1.3717586154782522	0.0	0.2782954009388803
1.3732594454733051	0.0	0.2800482548080982
1.3747602754683579	0.0	0.28179389498730395
1.3762611054634106	0.0	0.2835322934614213
1.3777619354584634	0.0	0.2852634223778206
1.3792627654535161	0.0	0.28698725404040126
1.380763595448569	0.0	0.28870376091280936
1.3822644254436218	0.0	0.2904129156336763
1.3837652554386746	0.0	0.2921146910126242
1.3852660854337275	0.0	0.29380906000574364
1.38676691542878	0.0	0.29549599574359264
1.388267745423833	0.0	0.29717547152701734
1.3897685754188858	0.0	0.2988474608053295
1.3912694054139385	0.0	0.3005119371962055
1.3927702354089915	0.0	0.3021688745034033
1.3942710654040442	0.0	0.3038182466865808
1.395771895399097	0.0	0.3054600278493493
1.3972727253941497	0.0	0.30709419228972346
1.3987735553892024	0.0	0.3087207144784102
1.4002743853842554	0.0	0.31033956901919557
1.4017752153793082	0.0	0.31195073068892754
1.403276045374361	0.0	0.313554174469473
1.4047768753694136	0.0	0.31514987547866263
1.4062777053644664	0.0	0.31673780899677434
1.4077785353595194	0.0	0.3183179504860615
1.409279365354572	0.0	0.3198902755730368
1.4107801953496248	0.0	0.32145476005224466
1.4122810253446776	0.0	0.32301137988711215
1.4137818553397306	0.0	0.32456011120221834
1.4152826853347833	0.0	0.3261009302891386
1.416783515329836	0.0	0.32763381363148464
1.4182843453248888	0.0	0.3291587378604461
1.4197851753199415	0.0	0.3306756797717307
1.4212860053149945	0.0	0.33218461633011354
1.4227868353100472	0.0	0.3336855246841581
1.4242876653051	0.0	0.3351783821449484
1.4257884953001527	0.0	0.33666316618620035
1.4272893252952055	0.0	0.33813985446490014
1.4287901552902584	0.0	0.33960842478354075
1.4302909852853112	0.0	0.3410688551166786
1.431791815280364	0.0	0.3425211236359366
1.4332926452754169	0.0	0.3439652086692816
1.4347934752704694	0.0	0.3454010886825678
1.4362943052655224	0.0	0.34682874234082434
1.4377951352605751	0.0	0.3482481484854711
1.4392959652556279	0.0	0.34965928610772523
1.4407967952506808	0.0	0.351062134371977
1.4422976252457334	0.0	0.35245667262266894
1.4437984552407863	0.0	0.3538428803552986
1.445299285235839	0.0	0.3552207372340241
1.446800115230892	0.0	0.3565902231145959
1.4483009452259448	0.0	0.357951318007555
1.4498017752209975	0.0	0.35930400208925495
1.4513026052160503	0.0	0.3606482557153253
1.452803435211103	0.0	0.3619840593961489
1.454304265206156	0.0	0.3633113938123227
1.4558050952012087	0.0	0.36463023982542075
1.4573059251962615	0.0	0.36594057845972294
1.4588067551913142	0.0	0.36724239090757793
1.460307585186367	0.0	0.36853565852444686
1.46180841518142	0.0	0.3698203628386309
1.4633092451764727	0.0	0.37109648555030983
1.4648100751715254	0.0	0.3723640085218141
1.4663109051665781	0.0	0.37362291378546647
1.4678117351616309	0.0	0.3748731835447283
1.4693125651566838	0.0	0.3761148001704269
1.4708133951517366	0.0	0.37734774619472694
1.4723142251467893	0.0	0.37857200432008087
1.473815055141842	0.0	0.3797875574283281
1.4753158851368948	0.0	0.3809943885538792
1.4768167151319478	0.0	0.38219248089732716
1.4783175451270005	0.0	0.3833818178413519
1.4798183751220533	0.0	0.3845623829179127
1.481319205117106	0.0	0.38573415984360787
1.4828200351121588	0.0	0.3868971325080976
1.4843208651072117	0.0	0.3880512849282773
1.4858216951022645	0.0	0.38919660131355954
1.4873225250973174	0.0	0.390333066052004
1.4888233550923702	0.0	0.3914606636735154
1.4903241850874227	0.0	0.39257937889825933
1.4918250150824757	0.0	0.3936891966018577
1.4933258450775284	0.0	0.39479010181446383
1.4948266750725814	0.0	0.39588207974905787
1.4963275050676341	0.0	0.3969651157752595
1.4978283350626869	0.0	0.3980391954383027
1.4993291650577396	0.0	0.3991043044341063
1.5008299950527924	0.0	0.40016042862699086
1.5023308250478453	0.0	0.4012075540602938
1.503831655042898	0.0	0.4022456669224894
1.5053324850379508	0.0	0.4032747535823635
1.5068333150330036	0.0	0.4042948005719252
1.5083341450280563	0.0	0.4053057945807484
1.5098349750231093	0.0	0.4063077224677701
1.511335805018162	0.0	0.40730057125307956
1.5128366350132147	0.0	0.408284328119065
1.5143374650082675	0.0	0.4092589804233217
1.5158382950033202	0.0	0.4102245156824151
1.5173391249983732	0.0	0.4111809215685146
1.518839954993426	0.0	0.41212818592507655
1.5203407849884787	0.0	0.4130662967509393
1.5218416149835314	0.0	0.4139952422225158
1.5233424449785842	0.0	0.41491501066993675
1.5248432749736371	0.0	0.4158255905833384
1.5263441049686899	0.0	0.41672697062569725
1.5278449349637429	0.0	0.41761913961847896
1.5293457649587954	0.0	0.4185020865432287
1.5308465949538481	0.0	0.4193758005333231
1.532347424948901	0.0	0.42024027090529836
1.5338482549439538	0.0	0.4210954871440554
1.5353490849390068	0.0	0.4219414388630987
1.5368499149340595	0.0	0.42277811585613334
1.538350744929112	0.0	0.4236055080892236
1.539851574924165	0.0	0.42442360566961307
1.5413524049192178	0.0	0.4252323988794197
1.5428532349142707	0.0	0.4260318781644658
1.5443540649093235	0.0	0.42682203412499425
1.545854894904376	0.0	0.427602857514189
1.547355724899429	0.0	0.4283743392658044
1.5488565548944817	0.0	0.4291364704571414
1.5503573848895347	0.0	0.42988924233996806
1.5518582148845874	0.0	0.43063264632731607
1.5533590448796402	0.0	0.43136667397165773
1.5548598748746927	0.0	0.43209131700163433
1.5563607048697456	0.0	0.432806567305486
1.5578615348647986	0.0	0.43351241694229553
1.5593623648598514	0.0	0.4342088581207951
1.560863194854904	0.0	0.43489588319666617
1.5623640248499568	0.0	0.4355734846965807
1.5638648548450098	0.0	0.43624165530999054
1.5653656848400623	0.0	0.4369003878908655
1.5668665148351153	0.0	0.4375496754385342
1.568367344830168	0.0	0.43818951111824866
1.5698681748252208	0.0	0.4388198882636998
1.5713690048202735	0.0	0.4394408003717648
1.5728698348153265	0.0	0.44005224107761526
1.5743706648103795	0.0	0.44065420415889656
1.575871494805432	0.0	0.44124668360541125
1.5773723248004847	0.0	0.4418296735482522
1.5788731547955377	0.0	0.44240316825081466
1.5803739847905902	0.0	0.4429671621463379
1.5818748147856432	0.0	0.44352164984744824
1.5833756447806961	0.0	0.44406662611531134
1.584876474775749	0.0	0.44460208585212446
1.5863773047708014	0.0	0.44512802414498254
1.5878781347658544	0.0	0.44564443622256666
1.5893789647609073	0.0	0.44615131747156633
1.5908797947559599	0.0	0.4466486634505864
1.5923806247510128	0.0	0.44713646986340555
1.5938814547460656	0.0	0.44761473257543555
1.595382284741118	0.0	0.4480834476197501
1.596883114736171	0.0	0.44854261118081057
1.598383944731224	0.0	0.4489922195992373
1.5998847747262768	0.0	0.44943226937972475
1.6013856047213293	0.0	0.44986275717458246
1.6028864347163823	0.0	0.45028367979275974
1.6043872647114352	0.0	0.45069503422414625
1.6058880947064877	0.0	0.4510968176049889
1.6073889247015407	0.0	0.4514890272227744
1.6088897546965935	0.0	0.4518716605292487
1.6103905846916464	0.0	0.4522447151151545
1.611891414686699	0.0	0.4526081887629013
1.613392244681752	0.0	0.4529620794082094
1.6148930746768049	0.0	0.45330638512953164
1.6163939046718574	0.0	0.4536411041535281
1.6178947346669101	0.0	0.45396623488550547
1.619395564661963	0.0	0.4542817758870036
1.6208963946570156	0.0	0.45458772586721435
1.6223972246520686	0.0	0.4548840837110176
1.6238980546471213	0.0	0.4551708484503533
1.6253988846421743	0.0	0.45544801927450435
1.6268997146372268	0.0	0.45571559552092294
1.6284005446322798	0.0	0.4559735767052279
1.6299013746273328	0.0	0.4562219624892843
1.6314022046223853	0.0	0.45646075270931386
1.632903034617438	0.0	0.4566899473433093
1.634403864612491	0.0	0.4569095465156948
1.6359046946075435	0.0	0.4571195505475173
1.6374055246025965	0.0	0.4573199598927917
1.6389063545976494	0.0	0.45751077515751265
1.6404071845927022	0.0	0.4576919971191831
1.6419080145877547	0.0	0.45786362672929287
1.6434088445828077	0.0	0.4580256650686381
1.6449096745778606	0.0	0.4581781133848262
1.6464105045729132	0.0	0.4583209730946061
1.6479113345679661	0.0	0.4584542457579401
1.6494121645630189	0.0	0.4585779331057443
1.6509129945580718	0.0	0.458692037036005
1.6524138245531244	0.0	0.4587965596010921
1.6539146545481773	0.0	0.4588915029917067
1.65541548454323	0.0	0.4589768695720189
1.6569163145382828	0.0	0.4590526618768195
1.6584171445333356	0.0	0.45911888258840344
1.6599179745283885	0.0	0.459175534549996
1.661418804523441	0.0	0.45922262076164716
1.662919634518494	0.0	0.4592601443785302
1.6644204645135467	0.0	0.4592881087320983
1.6659212945085997	0.0	0.459306517303565
1.6674221245036522	0.0	0.45931537372882314
1.6689229544987052	0.0	0.4593146818209703
1.6704237844937582	0.0	0.45930444553557775
1.6719246144888107	0.0	0.45928466899983633
1.6734254444838634	0.0	0.45925535649239857
1.6749262744789164	0.0	0.45921651245207046
1.676427104473969	0.0	0.459168141488242
1.6779279344690219	0.0	0.459110248358029
1.6794287644640746	0.0	0.45904283798635725
1.6809295944591276	0.0	0.4589659154509458
1.6824304244541801	0.0	0.4588794860093441
1.683931254449233	0.0	0.45878355505680424
1.685432084444286	0.0	0.4586781281591622
1.6869329144393386	0.0	0.4585632110619366
1.6884337444343913	0.0	0.45843880964276357
1.6899345744294443	0.0	0.45830492995467137
1.6914354044244972	0.0	0.45816157819305114
1.6929362344195498	0.0	0.458008760740781
1.6944370644146027	0.0	0.4578464841405227
1.6959378944096555	0.0	0.4576747550588444
1.697438724404708	0.0	0.45749358037069876
1.698939554399761	0.0	0.4573029671056071
1.700440384394814	0.0	0.4571029224297944
1.7019412143898665	0.0	0.4568934536843602
1.7034420443849194	0.0	0.45667456837318354
1.7049428743799722	0.0	0.4564462741591136
1.7064437043750251	0.0	0.4562085788746956
1.7079445343700776	0.0	0.4559614904977228
1.7094453643651306	0.0	0.45570501719521356
1.7109461943601834	0.0	0.4554391672736643
1.712447024355236	0.0	0.4551639491972467
1.7139478543502888	0.0	0.45487937161595504
1.7154486843453418	0.0	0.45458544331800393
1.7169495143403943	0.0	0.4542821732837184
1.7184503443354473	0.0	0.45396957063508325
1.7199511743305	0.0	0.45364764464865215
1.721452004325553	0.0	0.453316404778701
1.7229528343206055	0.0	0.4529758606310413
1.7244536643156585	0.0	0.4526260219875055
1.7259544943107115	0.0	0.4522668987879345
1.727455324305764	0.0	0.4518985011327666
1.7289561543008167	0.0	0.4515208392866621
1.7304569842958697	0.0	0.45113392365975113
1.7319578142909227	0.0	0.45073776486022915
1.7334586442859752	0.0	0.4503323736387652
1.7349594742810281	0.0	0.44991776089915453
1.736460304276081	0.0	0.44949393773452856
1.7379611342711334	0.0	0.44906091536699244
1.7394619642661864	0.0	0.4486187051967434
1.7409627942612393	0.0	0.44816731881449867
1.7424636242562919	0.0	0.44770676794102154
1.7439644542513446	0.0	0.4472370644644044
1.7454652842463976	0.0	0.4467582204379975
1.7469661142414505	0.0	0.4462702480882129
1.748466944236503	0.0	0.44577315979211085
1.749967774231556	0.0	0.4452669680833172
1.7514686042266088	0.0	0.44475168567332835
1.7529694342216613	0.0	0.4442273254356064
1.7544702642167143	0.0	0.4436939004132358
1.7559710942117672	0.0	0.4431514237884461
1.75747192420682	0.0	0.4425999089204492
1.7589727542018727	0.0	0.44203936932779714
1.7604735841969255	0.0	0.44146981870280655
1.7619744141919784	0.0	0.44089127089436003
1.763475244187031	0.0	0.4403037398952933
1.764976074182084	0.0	0.43970723989110744
1.7664769041771367	0.0	0.43910178520341536
1.7679777341721894	0.0	0.4384873903265222
1.7694785641672421	0.0	0.4378640699358212
1.770979394162295	0.0	0.43723183883712186
1.772480224157348	0.0	0.4365907120091846
1.7739810541524006	0.0	0.43594070461041545
1.7754818841474533	0.0	0.4352818319367753
1.7769827141425063	0.0	0.4346141094541057
1.7784835441375588	0.0	0.43393755279376545
1.7799843741326118	0.0	0.4332521777387594
1.7814852041276648	0.0	0.43255800025466046
1.7829860341227173	0.0	0.43185503644962603
1.78448686411777	0.0	0.43114330259019185
1.785987694112823	0.0	0.43042281511946945
1.787488524107876	0.0	0.42969359063166207
1.7889893541029285	0.0	0.4289556458707332
1.7904901840979814	0.0	0.4282089977626223
1.7919910140930342	0.0	0.4274536633953455
1.7934918440880867	0.0	0.42668965999066405
1.7949926740831397	0.0	0.42591700494610113
1.7964935040781926	0.0	0.4251357158143033
1.7979943340732454	0.0	0.4243458103105859
1.7994951640682981	0.0	0.4235473063202932
1.8009959940633509	0.0	0.42274022186103494
1.8024968240584038	0.0	0.42192457511686227
1.8039976540534564	0.0	0.421100384465379
1.8054984840485093	0.0	0.4202676684109065
1.806999314043562	0.0	0.41942644560619474
1.8085001440386146	0.0	0.4185767348852667
1.8100009740336676	0.0	0.41771855521248763
1.8115018040287205	0.0	0.41685192573393964
1.8130026340237735	0.0	0.4159768657752766
1.814503464018826	0.0	0.4150933947586514
1.8160042940138788	0.0	0.41420153227347206
1.8175051240089317	0.0	0.41330129811220484
1.8190059540039842	0.0	0.41239271219621576
1.8205067839990372	0.0	0.4114757945894556
1.82200761399409	0.0	0.4105505655199123
1.8235084439891427	0.0	0.4096170453822371
1.8250092739841954	0.0	0.40867525471969485
1.8265101039792484	0.0	0.40772521422553254
1.8280109339743014	0.0	0.4067669447429794
1.8295117639693539	0.0	0.40580046724712315
1.8310125939644066	0.0	0.4048258029055316
1.8325134239594596	0.0	0.403842973055432
1.8340142539545121	0.0	0.40285199912315295
1.835515083949565	0.0	0.4018529027087881
1.837015913944618	0.0	0.40084570559363
1.8385167439396708	0.0	0.3998304296841722
1.8400175739347233	0.0	0.3988070970433632
1.8415184039297763	0.0	0.39777572987170595
1.8430192339248292	0.0	0.39673635054161877
1.8445200639198818	0.0	0.3956889815759831
1.8460208939149347	0.0	0.3946336456028342
1.8475217239099875	0.0	0.3935703654476069
1.84902255390504	0.0	0.39249916407436314
1.850523383900093	0.0	0.391420064577248
1.852024213895146	0.0	0.3903330902008695
1.8535250438901987	0.0	0.38923826433619324
1.8550258738852514	0.0	0.3881356105361137
1.8565267038803042	0.0	0.38702515247865216
1.8580275338753571	0.0	0.3859069139949561
1.8595283638704097	0.0	0.38478091907447715
1.8610291938654626	0.0	0.3836471918299816
1.8625300238605154	0.0	0.3825057565207779
1.864030853855568	0.0	0.38135663755845
1.8655316838506208	0.0	0.38019985948296364
1.8670325138456738	0.0	0.379035446977461
1.8685333438407268	0.0	0.37786342487957886
1.8700341738357793	0.0	0.3766838181679854
1.871535003830832	0.0	0.37549665194777015
1.873035833825885	0.0	0.3743019514545497
1.8745366638209375	0.0	0.37309974208823676
1.8760374938159905	0.0	0.371890049390552
1.8775383238110435	0.0	0.3706728989990494
1.8790391538060962	0.0	0.3694483167228286
1.8805399838011487	0.0	0.3682163284982611
1.8820408137962017	0.0	0.366976960394132
1.8835416437912547	0.0	0.36573023864478
1.8850424737863072	0.0	0.3644761895669138
1.88654330378136	0.0	0.36321483961712675
1.888044133776413	0.0	0.36194621542278105
1.8895449637714654	0.0	0.36067034373558915
1.8910457937665184	0.0	0.3593872514310958
1.8925466237615713	0.0	0.35809696549184905
1.894047453756624	0.0	0.35679951305134083
1.8955482837516766	0.0	0.3554949213818751
1.8970491137467296	0.0	0.35418321787629636
1.8985499437417825	0.0	0.3528644300524281
1.900050773736835	0.0	0.3515385855589538
1.901551603731888	0.0	0.35020571217271645
1.9030524337269408	0.0	0.3488658377804107
1.9045532637219937	0.0	0.3475189904142377
1.9060540937170463	0.0	0.3461651982371848
1.9075549237120992	0.0	0.34480448951820664
1.909055753707152	0.0	0.3434368926378848
1.9105565837022047	0.0	0.34206243612648696
1.9120574136972575	0.0	0.3406811486375215
1.9135582436923104	0.0	0.33929305892432465
1.915059073687363	0.0	0.33789819586717174
1.916559903682416	0.0	0.33649658846528835
1.9180607336774687	0.0	0.3350882658440995
1.9195615636725216	0.0	0.33367325725815183
1.9210623936675741	0.0	0.33225159204876326
1.922563223662627	0.0	0.3308232996694702
1.92406405365768	0.0	0.32938840973810535
1.9255648836527326	0.0	0.3279469519485464
1.9270657136477853	0.0	0.3264989561012676
1.9285665436428383	0.0	0.32504445213940186
1.9300673736378908	0.0	0.3235834700965153
1.9315682036329438	0.0	0.32211604012756523
1.9330690336279968	0.0	0.3206421925051645
1.9345698636230495	0.0	0.3191619575993127
1.936070693618102	0.0	0.3176753658873825
1.937571523613155	0.0	0.31618244796366246
1.939072353608208	0.0	0.3146832345356952
1.9405731836032605	0.0	0.31317775640030987
1.9420740135983134	0.0	0.3116660444530169
1.9435748435933662	0.0	0.31014812971523026
1.9450756735884192	0.0	0.3086240433212482
1.9465765035834717	0.0	0.3070938164815253
1.9480773335785246	0.0	0.30555748052391246
1.9495781635735774	0.0	0.3040150668804531
1.95107899356863	0.0	0.30246660707059075
1.9525798235636829	0.0	0.3009121327362329
1.9540806535587358	0.0	0.29935167558689907
1.9555814835537884	0.0	0.29778526743652306
1.9570823135488413	0.0	0.2962129402298246
1.958583143543894	0.0	0.29463472597961643
1.960083973538947	0.0	0.29305065679742953
1.9615848035339996	0.0	0.29146076489084993
1.9630856335290525	0.0	0.28986508255068444
1.9645864635241053	0.0	0.2882636421843228
1.966087293519158	0.0	0.28665647628699875
1.9675881235142108	0.0	0.28504361741671286
1.9690889535092637	0.0	0.28342509824497886
1.9705897835043162	0.0	0.2818009515445437
1.9720906134993692	0.0	0.28017121014381974
1.973591443494422	0.0	0.2785359069846954
1.975092273489475	0.0	0.2768950750960153
1.9765931034845274	0.0	0.27524874757982154
1.9780939334795804	0.0	0.2735969576311782
1.9795947634746334	0.0	0.27193973850658487
1.981095593469686	0.0	0.2702771235700252
1.9825964234647386	0.0	0.26860914628586546
1.9840972534597916	0.0	0.2669358401688482
1.9855980834548446	0.0	0.26525723881390373
1.987098913449897	0.0	0.26357337591616004
1.98859974344495	0.0	0.26188428522903656
1.9901005734400028	0.0	0.2601900005858816
1.9916014034350553	0.0	0.2584905559211658
1.9931022334301083	0.0	0.25678598522099366
1.9946030634251612	0.0	0.2550763225702988
1.9961038934202138	0.0	0.25336160210124714
1.9976047234152667	0.0	0.2516418580266364
1.9991055534103195	0.0	0.24991712464954935
2.0006063834053722	0.0	0.24818743631675033
2.002107213400425	0.0	0.24645282747675493
2.0036080433954777	0.0	0.2447133326446182
2.005108873390531	0.0	0.2429689863745275
2.006609703385583	0.0	0.2412198233097347
2.0081105333806364	0.0	0.23946587816058615
2.009611363375689	0.0	0.23770718570981159
2.011112193370742	0.0	0.23594378081441067
2.0126130233657946	0.0	0.23417569836407948
2.0141138533608474	0.0	0.23240297333473076
2.0156146833559005	0.0	0.23062564076648656
2.017115513350953	0.0	0.22884373573871217
2.0186163433460056	0.0	0.22705729341828407
2.020117173341059	0.0	0.22526634903954287
2.021618003336111	0.0	0.2234709378789944
2.0231188333311643	0.0	0.22167109527298942
2.024619663326217	0.0	0.21986685662267977
2.0261204933212698	0.0	0.21805825736945922
2.0276213233163225	0.0	0.21624533303209817
2.0291221533113752	0.0	0.21442811919768204
2.0306229833064284	0.0	0.2126066514663156
2.0321238133014807	0.0	0.21078096551832842
2.0336246432965335	0.0	0.20895109709663193
2.0351254732915867	0.0	0.20711708196914083
2.036626303286639	0.0	0.20527895596853396
2.038127133281692	0.0	0.20343675499240232
2.039627963276745	0.0	0.20159051497380737
2.0411287932717976	0.0	0.19974027189592794
2.0426296232668504	0.0	0.19788606179328078
2.044130453261903	0.0	0.1960279207452848
2.0456312832569563	0.0	0.19416588487663097
2.0471321132520086	0.0	0.1922999903614618
2.048632943247062	0.0	0.19043027342159607
2.0501337732421145	0.0	0.18855677032752738
2.0516346032371673	0.0	0.18667951739006508
2.05313543323222	0.0	0.18479855093788328
2.0546362632272728	0.0	0.1829139073745177
2.0561370932223255	0.0	0.18102562313346354
2.0576379232173783	0.0	0.17913373467932195
2.059138753212431	0.0	0.17723827855133384
2.060639583207484	0.0	0.17533929129624848
2.0621404132025365	0.0	0.17343680949654455
2.0636412431975897	0.0	0.17153086978884963
2.0651420731926424	0.0	0.16962150883638497
2.066642903187695	0.0	0.16770876332515572
2.068143733182748	0.0	0.16579267001917258
2.0696445631778007	0.0	0.1638732656927657
2.071145393172854	0.0	0.16195058712988167
2.072646223167906	0.0	0.1600246711869617
2.074147053162959	0.0	0.1580955547409377
2.075647883158012	0.0	0.1561632746894543
2.0771487131530644	0.0	0.1542278679630745
2.0786495431481176	0.0	0.15228937153456348
2.0801503731431703	0.0	0.15034782239255381
2.081651203138223	0.0	0.1484032575780146
2.083152033133276	0.0	0.1464557141316561
2.0846528631283285	0.0	0.1445052291241849
2.0861536931233817	0.0	0.14255183968948146
2.087654523118434	0.0	0.14059558293775445
2.089155353113487	0.0	0.13863649602300523
2.09065618310854	0.0	0.13667461615815532
2.0921570131035927	0.0	0.13470998055102204
2.0936578430986454	0.0	0.13274262641963114
2.095158673093698	0.0	0.13077259102535713
2.096659503088751	0.0	0.12879991163641702
2.0981603330838037	0.0	0.12682462555553672
2.0996611630788564	0.0	0.12484677011551257
2.1011619930739096	0.0	0.12286638263885846
2.102662823068962	0.0	0.12088350049114117
2.104163653064015	0.0	0.11889816105764152
2.105664483059068	0.0	0.11691040173891593
2.1071653130541206	0.0	0.11492025994602512
2.1086661430491733	0.0	0.11292777310216155
2.110166973044226	0.0	0.11093297867331163
2.111667803039279	0.0	0.10893591412753297
2.1131686330343316	0.0	0.1069366169292955
2.1146694630293843	0.0	0.1049351245664079
2.1161702930244375	0.0	0.10293147457735102
2.11767112301949	0.0	0.10092570448122451
2.119171953014543	0.0	0.0989178517966842
2.1206727830095957	0.0	0.09690795408680727
2.1221736130046485	0.0	0.09489604891426401
2.123674442999701	0.0	0.09288217383828497
2.125175272994754	0.0	0.09086636646063566
2.126676102989807	0.0	0.08884866437505547
2.1281769329848594	0.0	0.08682910517066038
2.129677762979912	0.0	0.0848077264595353
2.1311785929749654	0.0	0.08278456586112554
2.132679422970018	0.0	0.08075966101592198
2.134180252965071	0.0	0.07873304955265369
2.1356810829601236	0.0	0.07670476911384581
2.1371819129551763	0.0	0.07467485735563476
2.138682742950229	0.0	0.07264335193733776
2.140183572945282	0.0	0.07061029052293245
2.141684402940335	0.0	0.06857571074599318
2.1431852329353873	0.0	0.06653965029827474
2.1446860629304405	0.0	0.06450214685104122
2.1461868929254933	0.0	0.06246323807614844
2.147687722920546	0.0	0.060422961678814495
2.1491885529155987	0.0	0.05838135530178649
2.1506893829106515	0.0	0.0563384566394823
2.1521902129057042	0.0	0.05429430339001854
2.153691042900757	0.0	0.052248933227248336
2.1551918728958097	0.0	0.050202383837600395
2.156692702890863	0.0	0.04815469289326345
2.158193532885915	0.0	0.04610589809705143
2.1596943628809684	0.0	0.0440560371244449
2.161195192876021	0.0	0.04200514764522844
2.162696022871074	0.0	0.03995326736262284
2.1641968528661266	0.0	0.03790043392632875
2.1656976828611794	0.0	0.035846685002875876
2.1671985128562326	0.0	0.0337920582879027
2.168699342851285	0.0	0.03173659143210852
2.1702001728463376	0.0	0.0296803220916297
2.171701002841391	0.0	0.02762328791568607
2.1732018328364435	0.0	0.025565526564963408
2.1747026628314963	0.0	0.0235070756856486
2.176203492826549	0.0	0.021447972886090863
2.1777043228216018	0.0	0.019388255822870428
2.1792051528166545	0.0	0.017327962109514684
2.1807059828117072	0.0	0.015267129352116646
2.1822068128067604	0.0	0.013205795153181592
2.1837076428018127	0.0	0.011143997112884621
2.1852084727968655	0.0	0.009081772822856844
2.1867093027919187	0.0	0.007019159852130328
2.1882101327869714	0.0	0.0049561957771345425
2.189710962782024	0.0	0.002892918147446412
2.191211792777077	0.0	0.0008293645039509253
2.1927126227721296	-0.0	-0.0012344276132436544
2.1942134527671824	-0.0	-0.0032984206993516194
2.195714282762235	-0.0	-0.005362577243447425
2.1972151127572883	-0.0	-0.007426859724027254
2.198715942752341	-0.0	-0.00949123067251564
2.200216772747394	-0.0	-0.011555652637536058
2.2017176027424465	-0.0	-0.013620088149107534
2.2032184327374993	-0.0	-0.01568449976609894
2.204719262732552	-0.0	-0.01774885008381129
2.2062200927276048	-0.0	-0.01981310167261641
2.2077209227226575	-0.0	-0.021877217135138738
2.2092217527177103	-0.0	-0.023941159121493995
2.210722582712763	-0.0	-0.026004890261011215
2.212223412707816	-0.0	-0.028068373205544502
2.213724242702869	-0.0	-0.03013157063069359
2.2152250726979217	-0.0	-0.03219444522622423
2.2167259026929744	-0.0	-0.03425695972780298
2.218226732688027	-0.0	-0.036319076868100486
2.21972756268308	-0.0	-0.0383807593850765
2.2212283926781327	-0.0	-0.04044197002789784
2.222729222673186	-0.0	-0.04250267161215992
2.224230052668238	-0.0	-0.04456282696041169
2.225730882663291	-0.0	-0.04662239889845697
2.227231712658344	-0.0	-0.04868135028967834
2.228732542653397	-0.0	-0.050739644000602255
2.2302333726484496	-0.0	-0.05279724292630912
2.2317342026435023	-0.0	-0.054854110000086886
2.233235032638555	-0.0	-0.05691020818914054
2.234735862633608	-0.0	-0.058965500440147305
2.2362366926286605	-0.0	-0.06101994975311962
2.2377375226237137	-0.0	-0.06307351916398427
2.2392383526187665	-0.0	-0.06512617169698014
2.2407391826138188	-0.0	-0.06717787042942241
2.242240012608872	-0.0	-0.06922857848759707
2.2437408426039247	-0.0	-0.07127825897367453
2.2452416725989774	-0.0	-0.07332687503761239
2.24674250259403	-0.0	-0.07537438988843645
2.248243332589083	-0.0	-0.07742076670162532
2.2497441625841357	-0.0	-0.07946596872086156
2.2512449925791884	-0.0	-0.08150995923842866
2.2527458225742416	-0.0	-0.08355270152693299
2.2542466525692944	-0.0	-0.08559415890798867
2.255747482564347	-0.0	-0.08763429476738221
2.2572483125594	-0.0	-0.08967307246663668
2.2587491425544526	-0.0	-0.09171045542360629
2.2602499725495053	-0.0	-0.09374640711532438
2.261750802544558	-0.0	-0.09578089099759382
2.263251632539611	-0.0	-0.09781387059789819
2.2647524625346636	-0.0	-0.09984530946835439
2.2662532925297163	-0.0	-0.10187517119658683
2.2677541225247695	-0.0	-0.10390341941027677
2.2692549525198222	-0.0	-0.1059300177388069
2.270755782514875	-0.0	-0.10795492987207062
2.2722566125099277	-0.0	-0.10997811955422113
2.2737574425049805	-0.0	-0.11199955054568594
2.275258272500033	-0.0	-0.11401918663711096
2.276759102495086	-0.0	-0.1160369916444041
2.278259932490139	-0.0	-0.1180529294659913
2.279760762485192	-0.0	-0.12006696402178785
2.281261592480244	-0.0	-0.12207905923433514
2.2827624224752974	-0.0	-0.12408917911224324
2.28426325247035	-0.0	-0.12609728768302259
2.285764082465403	-0.0	-0.1281033490108746
2.2872649124604556	-0.0	-0.13010732722580065
2.2887657424555083	-0.0	-0.13210918647352146
2.290266572450561	-0.0	-0.13410889093922287
2.291767402445614	-0.0	-0.13610640486542055
2.293268232440667	-0.0	-0.13810169253731314
2.2947690624357198	-0.0	-0.14009471827719713
2.2962698924307725	-0.0	-0.1420854464679168
2.2977707224258253	-0.0	-0.14407384151199337
2.299271552420878	-0.0	-0.1460598678653943
2.3007723824159307	-0.0	-0.14804349004881426
2.3022732124109835	-0.0	-0.15002467261201963
2.3037740424060362	-0.0	-0.1520033801569654
2.3052748724010894	-0.0	-0.15397957731911682
2.3067757023961417	-0.0	-0.15595322880580473
2.308276532391195	-0.0	-0.15792429936589641
2.3097773623862476	-0.0	-0.15989275378202822
2.3112781923813004	-0.0	-0.16185855689390735
2.312779022376353	-0.0	-0.16382167361861782
2.314279852371406	-0.0	-0.16578206890172356
2.3157806823664586	-0.0	-0.1677397077209672
2.3172815123615114	-0.0	-0.16969455513960519
2.318782342356564	-0.0	-0.17164657626435373
2.3202831723516173	-0.0	-0.1735957362392488
2.3217840023466696	-0.0	-0.17554200029594855
2.323284832341723	-0.0	-0.17748533370143368
2.3247856623367755	-0.0	-0.1794257017578965
2.3262864923318283	-0.0	-0.18136306984375944
2.327787322326881	-0.0	-0.18329740340797906
2.3292881523219338	-0.0	-0.18522866795846918
2.3307889823169865	-0.0	-0.18715682902378236
2.3322898123120392	-0.0	-0.18908185220500254
2.3337906423070924	-0.0	-0.1910037031788521
2.335291472302145	-0.0	-0.19292234768171332
2.3367923022971975	-0.0	-0.1948377515032667
2.3382931322922507	-0.0	-0.1967498804878226
2.3397939622873034	-0.0	-0.1986587005431979
2.341294792282356	-0.0	-0.20056417763642562
2.342795622277409	-0.0	-0.2024662778256747
2.3442964522724616	-0.0	-0.2043649672014407
2.345797282267515	-0.0	-0.20626021192641775
2.347298112262567	-0.0	-0.2081519782438575
2.3487989422576203	-0.0	-0.21004023243251924
2.350299772252673	-0.0	-0.21192494087605718
2.351800602247726	-0.0	-0.21380606998704937
2.3533014322427785	-0.0	-0.21568358626913584
2.3548022622378313	-0.0	-0.21755745630459083
2.356303092232884	-0.0	-0.2194276467103824
2.3578039222279368	-0.0	-0.22129412419383776
2.3593047522229895	-0.0	-0.2231568555178755
2.3608055822180427	-0.0	-0.22501580755393408
2.362306412213095	-0.0	-0.2268709472320022
2.363807242208148	-0.0	-0.2287222415117692
2.365308072203201	-0.0	-0.23056965746843464
2.3668089021982537	-0.0	-0.2324131622584955
2.3683097321933064	-0.0	-0.23425272307306852
2.369810562188359	-0.0	-0.2360883072113464
2.371311392183412	-0.0	-0.2379198820388764
2.3728122221784647	-0.0	-0.2397474149962524
2.374313052173518	-0.0	-0.24157087360954516
2.3758138821685706	-0.0	-0.2433902254799459
2.377314712163623	-0.0	-0.24520543828265687
2.378815542158676	-0.0	-0.24701647975294705
2.380316372153729	-0.0	-0.2488233177481055
2.3818172021487816	-0.0	-0.2506259201969171
2.3833180321438343	-0.0	-0.25242425508460875
2.384818862138887	-0.0	-0.2542182904866187
2.3863196921339402	-0.0	-0.25600799458524043
2.3878205221289925	-0.0	-0.2577933356329318
2.3893213521240457	-0.0	-0.2595742819527216
2.3908221821190985	-0.0	-0.26135080196865035
2.3923230121141508	-0.0	-0.2631228641900873
2.393823842109204	-0.0	-0.26489043720425925
2.3953246721042567	-0.0	-0.2666534897040649
2.3968255020993094	-0.0	-0.26841199045397257
2.398326332094362	-0.0	-0.2701659083102154
2.399827162089415	-0.0	-0.2719152122274488
2.401327992084468	-0.0	-0.273659871242957
2.4028288220795204	-0.0	-0.27539985449004245
2.4043296520745736	-0.0	-0.2771351311866709
2.4058304820696264	-0.0	-0.27886567065562884
2.407331312064679	-0.0	-0.28059144229186467
2.408832142059732	-0.0	-0.2823124155985135
2.4103329720547846	-0.0	-0.28402856019806744
2.4118338020498373	-0.0	-0.2857398457687209
2.41333463204489	-0.0	-0.2874462420974471
2.414835462039943	-0.0	-0.2891477190897255
2.416336292034996	-0.0	-0.29084424672493525
2.4178371220300483	-0.0	-0.29253579506342026
2.4193379520251015	-0.0	-0.29422233429534866
2.4208387820201542	-0.0	-0.29590383473438797
2.422339612015207	-0.0	-0.2975802667608563
2.4238404420102597	-0.0	-0.29925160085127483
2.4253412720053125	-0.0	-0.3009178075936804
2.4268421020003657	-0.0	-0.30257885767419945
2.428342931995418	-0.0	-0.3042347218867753
2.429843761990471	-0.0	-0.30588537114008485
2.431344591985524	-0.0	-0.3075307764410424
2.432845421980576	-0.0	-0.3091709089014943
2.4343462519756294	-0.0	-0.31080573974602316
2.435847081970682	-0.0	-0.31243524029400926
2.437347911965735	-0.0	-0.3140593819713922
2.4388487419607876	-0.0	-0.3156781363284619
2.4403495719558403	-0.0	-0.31729147501655663
2.4418504019508935	-0.0	-0.3188993697948686
2.443351231945946	-0.0	-0.32050179253869215
2.444852061940999	-0.0	-0.3220987152460074
2.4463528919360518	-0.0	-0.3236901100033044
2.447853721931104	-0.0	-0.3252759490194628
2.4493545519261573	-0.0	-0.3268562046245688
2.45085538192121	-0.0	-0.32843084924709387
2.452356211916263	-0.0	-0.32999985544810767
2.4538570419113155	-0.0	-0.3315631959040424
2.4553578719063682	-0.0	-0.3331208434007374
2.4568587019014214	-0.0	-0.3346727708362878
2.4583595318964737	-0.0	-0.3362189512311415
2.459860361891527	-0.0	-0.3377593577278772
2.4613611918865796	-0.0	-0.33929396357234143
2.4628620218816324	-0.0	-0.34082274216494923
2.464362851876685	-0.0	-0.34234566700061725
2.465863681871738	-0.0	-0.34386271169139987
2.467364511866791	-0.0	-0.3453738499979652
2.4688653418618434	-0.0	-0.3468790557735968
2.470366171856896	-0.0	-0.34837830300754197
2.4718670018519493	-0.0	-0.3498715658163205
2.4733678318470016	-0.0	-0.3513588184377324
2.474868661842055	-0.0	-0.35284003523651686
2.4763694918371075	-0.0	-0.35431519069688094
2.4778703218321603	-0.0	-0.35578425942738207
2.479371151827213	-0.0	-0.3572472161834158
2.4808719818222658	-0.0	-0.35870403583100574
2.482372811817319	-0.0	-0.3601546933629298
2.4838736418123712	-0.0	-0.36159916391136987
2.4853744718074244	-0.0	-0.3630374227257934
2.486875301802477	-0.0	-0.36446944520768443
2.4883761317975295	-0.0	-0.3658952068653082
2.4898769617925827	-0.0	-0.3673146833160046
2.4913777917876354	-0.0	-0.3687278503732184
2.492878621782688	-0.0	-0.37013468395662114
2.494379451777741	-0.0	-0.3715351601012464
2.4958802817727936	-0.0	-0.3729292549868209
2.497381111767847	-0.0	-0.37431694491679285
2.498881941762899	-0.0	-0.37569820633922946
2.5003827717579523	-0.0	-0.37707301584444974
2.501883601753005	-0.0	-0.3784413501657645
2.503384431748058	-0.0	-0.37980318614067665
2.5048852617431105	-0.0	-0.3811585007484232
2.5063860917381633	-0.0	-0.38250727113120586
2.5078869217332165	-0.0	-0.3838494745705561
2.509387751728269	-0.0	-0.3851850884637008
2.5108885817233215	-0.0	-0.3865140903525596
2.5123894117183747	-0.0	-0.38783645791386995
2.513890241713427	-0.0	-0.3891521689702456
2.51539107170848	-0.0	-0.39046120150608155
2.516891901703533	-0.0	-0.3917635336132568
2.5183927316985857	-0.0	-0.3930591435309694
2.5198935616936384	-0.0	-0.3943480096506189
2.521394391688691	-0.0	-0.39563011051158964
2.5228952216837444	-0.0	-0.39690542478653007
2.5243960516787967	-0.0	-0.39817393127140305
2.5258968816738494	-0.0	-0.3994356089387843
2.5273977116689026	-0.0	-0.4006904369147086
2.528898541663955	-0.0	-0.40193839442355883
2.530399371659008	-0.0	-0.40317946084465645
2.531900201654061	-0.0	-0.4044136157333808
2.5334010316491136	-0.0	-0.4056408387783384
2.5349018616441663	-0.0	-0.40686110979936535
2.536402691639219	-0.0	-0.408074408771939
2.5379035216342722	-0.0	-0.4092807158365727
2.5394043516293245	-0.0	-0.4104800112558366
2.5409051816243777	-0.0	-0.41167227543503354
2.5424060116194305	-0.0	-0.4128574889383256
2.5439068416144828	-0.0	-0.41403563248751307
2.545407671609536	-0.0	-0.4152066869615171
2.5469085016045887	-0.0	-0.41637063335243873
2.5484093315996414	-0.0	-0.41752745280347103
2.549910161594694	-0.0	-0.41867712665957074
2.551410991589747	-0.0	-0.41981963637957764
2.5529118215848	-0.0	-0.4209549635480132
2.5544126515798524	-0.0	-0.422083089944653
2.5559134815749056	-0.0	-0.42320399747510234
2.5574143115699584	-0.0	-0.42431766820179134
2.558915141565011	-0.0	-0.4254240843451584
2.560415971560064	-0.0	-0.4265232282492522
2.5619168015551166	-0.0	-0.4276150824494183
2.5634176315501698	-0.0	-0.42869962962362385
2.564918461545222	-0.0	-0.4297768525794384
2.566419291540275	-0.0	-0.43084673430577847
2.567920121535328	-0.0	-0.431909257918537
2.5694209515303803	-0.0	-0.4329644066900618
2.5709217815254335	-0.0	-0.43401216406613247
2.5724226115204862	-0.0	-0.43505251362727215
2.573923441515539	-0.0	-0.43608543912255365
2.5754242715105917	-0.0	-0.437110924445262
2.5769251015056445	-0.0	-0.43812895364014376
2.5784259315006977	-0.0	-0.43913951090784564
2.57992676149575	-0.0	-0.44014258059877454
2.581427591490803	-0.0	-0.4411381472379159
2.582928421485856	-0.0	-0.4421261954907315
2.584429251480908	-0.0	-0.4431067101826521
2.5859300814759614	-0.0	-0.44407967629079165
2.587430911471014	-0.0	-0.44504507892963396
2.588931741466067	-0.0	-0.4460029033905713
2.5904325714611196	-0.0	-0.44695313512518664
2.5919334014561723	-0.0	-0.447895759718512
2.5934342314512255	-0.0	-0.44883076293315355
2.594935061446278	-0.0	-0.4497581306828465
2.596435891441331	-0.0	-0.45067784901780783
2.5979367214363838	-0.0	-0.4515899041609097
2.5994375514314365	-0.0	-0.45249428249721224
2.6009383814264893	-0.0	-0.4533909705577999
2.602439211421542	-0.0	-0.45427995501919016
2.6039400414165947	-0.0	-0.4551612227324418
2.6054408714116475	-0.0	-0.4560347606978561
2.6069417014067002	-0.0	-0.45690055607074664
2.6084425314017534	-0.0	-0.45775859616757936
2.6099433613968057	-0.0	-0.4586088684417829
2.611444191391859	-0.0	-0.4594513605289466
2.6129450213869116	-0.0	-0.46028606021353247
2.6144458513819644	-0.0	-0.4611129554315011
2.615946681377017	-0.0	-0.4619320342713104
2.61744751137207	-0.0	-0.46274328497210315
2.618948341367123	-0.0	-0.46354669595891856
2.6204491713621754	-0.0	-0.4643422557976053
2.621950001357228	-0.0	-0.465129953196227
2.6234508313522813	-0.0	-0.4659097770285488
2.6249516613473336	-0.0	-0.4666817163200564
2.626452491342387	-0.0	-0.4674457602606056
2.6279533213374395	-0.0	-0.46820189819299335
2.6294541513324923	-0.0	-0.4689501196084822
2.630954981327545	-0.0	-0.46969041415704593
2.6324558113225978	-0.0	-0.4704227716644942
2.633956641317651	-0.0	-0.47114718209267487
2.6354574713127032	-0.0	-0.47186363555164246
2.6369583013077564	-0.0	-0.47257212233098633
2.638459131302809	-0.0	-0.4732726328554462
2.639959961297862	-0.0	-0.4739651577189032
2.6414607912929147	-0.0	-0.4746496876596355
2.6429616212879674	-0.0	-0.47532621356283367
2.64446245128302	-0.0	-0.4759947264902269
2.645963281278073	-0.0	-0.4766552176663612
2.6474641112731256	-0.0	-0.4773076784291104
2.648964941268179	-0.0	-0.4779521002812366
2.650465771263231	-0.0	-0.47858847492308587
2.6519666012582843	-0.0	-0.47921679418948915
2.653467431253337	-0.0	-0.47983705003230415
2.65496826124839	-0.0	-0.48044923459006167
2.6564690912434425	-0.0	-0.4810533401690656
2.6579699212384953	-0.0	-0.48164935918572976
2.6594707512335485	-0.0	-0.4822372842429565
2.660971581228601	-0.0	-0.48281710809577544
2.6624724112236535	-0.0	-0.48338882364849567
2.6639732412187067	-0.0	-0.48395242395951404
2.665474071213759	-0.0	-0.4845079022129829
2.666974901208812	-0.0	-0.4850552517784705
2.668475731203865	-0.0	-0.485594466175564
2.6699765611989177	-0.0	-0.4861255390676561
2.6714773911939704	-0.0	-0.4866484642771094
2.672978221189023	-0.0	-0.4871632357735686
2.6744790511840764	-0.0	-0.4876698476684125
2.6759798811791287	-0.0	-0.4881682942211526
2.6774807111741814	-0.0	-0.48865856987893547
2.6789815411692346	-0.0	-0.4891406692167345
2.6804823711642873	-0.0	-0.4896145869497777
2.68198320115934	-0.0	-0.4900803179628044
2.683484031154393	-0.0	-0.4905378572884647
2.6849848611494456	-0.0	-0.4909872000962606
2.6864856911444983	-0.0	-0.4914283417023844
2.687986521139551	-0.0	-0.4918612775962014
2.6894873511346042	-0.0	-0.49228600341151085
2.6909881811296565	-0.0	-0.49270251492007355
2.6924890111247097	-0.0	-0.49311080804995727
2.6939898411197625	-0.0	-0.4935108788694842
2.695490671114815	-0.0	-0.4939027236010273
2.696991501109868	-0.0	-0.49428633862578175
2.6984923311049207	-0.0	-0.49466172046290385
2.6999931610999734	-0.0	-0.49502886578168015
2.701493991095026	-0.0	-0.49538777138983947
2.702994821090079	-0.0	-0.4957384342585929
2.704495651085132	-0.0	-0.49608085149478276
2.7059964810801844	-0.0	-0.49641502034998153
2.7074973110752376	-0.0	-0.49674093824405224
2.7089981410702904	-0.0	-0.49705860272191094
2.710498971065343	-0.0	-0.49736801148196946
2.711999801060396	-0.0	-0.4976691623714014
2.7135006310554486	-0.0	-0.4979620533791883
2.7150014610505018	-0.0	-0.49824668263637867
2.716502291045554	-0.0	-0.4985230484268881
2.718003121040607	-0.0	-0.49879114917862255
2.71950395103566	-0.0	-0.49905098346484666
2.7210047810307127	-0.0	-0.4993025499930879
2.7225056110257655	-0.0	-0.49954584761305143
2.7240064410208182	-0.0	-0.49978087535013077
2.725507271015871	-0.0	-0.5000076323541064
2.7270081010109237	-0.0	-0.5002261178987762
2.7285089310059765	-0.0	-0.5004363314191274
2.7300097610010297	-0.0	-0.5006382725121497
2.731510590996082	-0.0	-0.500831940889049
2.7330114209911347	-0.0	-0.5010173363911883
2.734512250986188	-0.0	-0.5011944590603628
2.7360130809812406	-0.0	-0.501363309033609
2.7375139109762934	-0.0	-0.5015238865888473
2.739014740971346	-0.0	-0.5016761921635964
2.740515570966399	-0.0	-0.5018202263301557
2.7420164009614516	-0.0	-0.5019559898113984
2.7435172309565043	-0.0	-0.5020834834564345
2.7450180609515575	-0.0	-0.5022027082556639
2.7465188909466103	-0.0	-0.5023136653466579
2.748019720941663	-0.0	-0.5024163560100532
2.7495205509367158	-0.0	-0.5025107816493574
2.7510213809317685	-0.0	-0.5025969438442467
2.7525222109268213	-0.0	-0.5026748442792558
2.754023040921874	-0.0	-0.5027444847805792
2.7555238709169267	-0.0	-0.5028058673309773
2.7570247009119795	-0.0	-0.5028589940438855
2.7585255309070322	-0.0	-0.5029038671671496
2.7600263609020854	-0.0	-0.5029404890904979
2.761527190897138	-0.0	-0.5029688623357387
2.763028020892191	-0.0	-0.502988989579545
2.7645288508872436	-0.0	-0.5030008736230508
2.7660296808822964	-0.0	-0.5030045174014679
2.767530510877349	-0.0	-0.5029999240059082
2.769031340872402	-0.0	-0.502987096631417
2.770532170867455	-0.0	-0.502966038639296
2.7720330008625074	-0.0	-0.5029367535251467
2.77353383085756	-0.0	-0.5028992449063683
2.7750346608526133	-0.0	-0.5028535165425012
2.776535490847666	-0.0	-0.5027995723365585
2.778036320842719	-0.0	-0.5027374163215989
2.7795371508377715	-0.0	-0.5026670526534783
2.7810379808328243	-0.0	-0.5025884856483169
2.782538810827877	-0.0	-0.5025017197515046
2.7840396408229298	-0.0	-0.5024067595254947
2.785540470817983	-0.0	-0.5023036096787283
2.7870413008130357	-0.0	-0.5021922750582366
2.7885421308080884	-0.0	-0.5020727606386929
2.790042960803141	-0.0	-0.5019450715371333
2.791543790798194	-0.0	-0.501809213000492
2.7930446207932467	-0.0	-0.5016651904092633
2.7945454507882994	-0.0	-0.5015130092860454
2.796046280783352	-0.0	-0.5013526752709071
2.797547110778405	-0.0	-0.5011841941346662
2.7990479407734576	-0.0	-0.5010075717927224
2.800548770768511	-0.0	-0.5008228143070919
2.8020496007635636	-0.0	-0.5006299278558928
2.8035504307586163	-0.0	-0.5004289187395964
2.805051260753669	-0.0	-0.5002197934147586
2.806552090748722	-0.0	-0.5000025584605106
2.8080529207437745	-0.0	-0.4997772205844019
2.8095537507388273	-0.0	-0.4995437866396739
2.81105458073388	-0.0	-0.49930226358660823
2.812555410728933	-0.0	-0.4990526585278864
2.8140562407239855	-0.0	-0.4987949787141377
2.8155570707190387	-0.0	-0.4985292315121306
2.8170579007140915	-0.0	-0.4982554244145741
2.818558730709144	-0.0	-0.4979735650715568
2.820059560704197	-0.0	-0.49768366124594066
2.8215603906992497	-0.0	-0.49738572082571436
2.8230612206943024	-0.0	-0.49707975184100756
2.824562050689355	-0.0	-0.4967657624316904
2.8260628806844084	-0.0	-0.4964437609014111
2.827563710679461	-0.0	-0.49611375567199145
2.8290645406745134	-0.0	-0.4957757552891224
2.8305653706695666	-0.0	-0.49542976843383035
2.8320662006646193	-0.0	-0.49507580390875483
2.833567030659672	-0.0	-0.4947138706552365
2.835067860654725	-0.0	-0.4943439777375236
2.8365686906497776	-0.0	-0.49396613436444664
2.8380695206448303	-0.0	-0.4935803498729218
2.839570350639883	-0.0	-0.4931866337168182
2.8410711806349362	-0.0	-0.49278499548637583
2.842572010629989	-0.0	-0.49237544488849155
2.8440728406250417	-0.0	-0.49195799177464444
2.8455736706200945	-0.0	-0.4915326461355323
2.847074500615147	-0.0	-0.4910994180667112
2.8485753306102	-0.0	-0.4906583178136452
2.8500761606052527	-0.0	-0.4902093557462597
2.8515769906003055	-0.0	-0.48975254234344345
2.853077820595358	-0.0	-0.4892878882330321
2.854578650590411	-0.0	-0.48881540417338787
2.856079480585464	-0.0	-0.48833510105095923
2.857580310580517	-0.0	-0.4878469898701459
2.8590811405755696	-0.0	-0.4873510817700541
2.8605819705706224	-0.0	-0.48684738802009525
2.862082800565675	-0.0	-0.48633592001521453
2.863583630560728	-0.0	-0.4858166892831033
2.8650844605557806	-0.0	-0.48528970747384276
2.8665852905508338	-0.0	-0.48475498637425507
2.8680861205458865	-0.0	-0.484212537891148
2.869586950540939	-0.0	-0.48366237406744134
2.871087780535992	-0.0	-0.4831045070703312
2.8725886105310448	-0.0	-0.4825389492004996
2.8740894405260975	-0.0	-0.48196571287284434
2.8755902705211502	-0.0	-0.48138481063245736
2.877091100516203	-0.0	-0.48079625516856866
2.8785919305112557	-0.0	-0.48020005928710235
2.8800927605063085	-0.0	-0.4795962359292068
2.8815935905013617	-0.0	-0.4789847981586421
2.8830944204964144	-0.0	-0.4783657591609296
2.8845952504914667	-0.0	-0.4777391322647301
2.88609608048652	-0.0	-0.4771049309084817
2.8875969104815726	-0.0	-0.47646316865896743
2.8890977404766254	-0.0	-0.4758138592373167
2.890598570471678	-0.0	-0.475157016459013
2.892099400466731	-0.0	-0.47449265428641474
2.893600230461784	-0.0	-0.4738207868185104
2.8951010604568364	-0.0	-0.4731414282509353
2.8966018904518895	-0.0	-0.4724545929224275
2.8981027204469423	-0.0	-0.4717602953160849
2.899603550441995	-0.0	-0.47105855002212
2.9011043804370478	-0.0	-0.4703493717494362
2.9026052104321005	-0.0	-0.46963277535917547
2.9041060404271533	-0.0	-0.4689087758312078
2.905606870422206	-0.0	-0.46817738826820005
2.9071077004172587	-0.0	-0.46743862789998014
2.908608530412312	-0.0	-0.46669251008057827
2.9101093604073642	-0.0	-0.4659390502987313
2.9116101904024174	-0.0	-0.4651782641635315
2.91311102039747	-0.0	-0.4644101674167434
2.914611850392523	-0.0	-0.4636347759268121
2.9161126803875757	-0.0	-0.4628521056783217
2.9176135103826284	-0.0	-0.46206217279999434
2.919114340377681	-0.0	-0.4612649935275926
2.920615170372734	-0.0	-0.4604605842364679
2.922116000367787	-0.0	-0.45964896144111655
2.92361683036284	-0.0	-0.45883014175774905
2.925117660357892	-0.0	-0.458004141932992
2.9266184903529453	-0.0	-0.4571709788459223
2.928119320347998	-0.0	-0.45633066950521906
2.929620150343051	-0.0	-0.45548323104897903
2.9311209803381035	-0.0	-0.45462868072237606
2.9326218103331563	-0.0	-0.453767035909877
2.9341226403282095	-0.0	-0.4528983141297675
2.9356234703232618	-0.0	-0.4520225330134024
2.937124300318315	-0.0	-0.45113971032588146
2.9386251303133677	-0.0	-0.45024986394030625
2.94012596030842	-0.0	-0.44935301187558113
2.941626790303473	-0.0	-0.4484491722816552
2.943127620298526	-0.0	-0.44753836341315073
2.9446284502935787	-0.0	-0.44662060364989076
2.9461292802886314	-0.0	-0.44569591152671084
2.947630110283684	-0.0	-0.4447643056729112
2.9491309402787373	-0.0	-0.44382580483245165
2.9506317702737896	-0.0	-0.44288042792050475
2.952132600268843	-0.0	-0.4419281939659778
2.9536334302638956	-0.0	-0.44096912208739786
2.9551342602589483	-0.0	-0.4400032315400694
2.956635090254001	-0.0	-0.43903054171907085
2.958135920249054	-0.0	-0.4380510721329937
2.9596367502441066	-0.0	-0.43706484242188104
2.9611375802391593	-0.0	-0.4360718723573016
2.962638410234212	-0.0	-0.43507218182433716
2.9641392402292652	-0.0	-0.4340657908191784
2.9656400702243175	-0.0	-0.43305271947224155
2.9671409002193707	-0.0	-0.43203298805042484
2.9686417302144235	-0.0	-0.43100661693267867
2.970142560209476	-0.0	-0.4299736266155717
2.971643390204529	-0.0	-0.4289340377290293
2.9731442201995817	-0.0	-0.42788787101815434
2.974645050194635	-0.0	-0.426835147348442
2.976145880189687	-0.0	-0.42577588772077846
2.9776467101847404	-0.0	-0.42471011324765806
2.979147540179793	-0.0	-0.4236378451697719
2.9806483701748454	-0.0	-0.4225591048566552
2.9821492001698986	-0.0	-0.4214739137725114
2.9836500301649513	-0.0	-0.4203822935226307
2.985150860160004	-0.0	-0.41928426583374984
2.986651690155057	-0.0	-0.4181798525559759
2.9881525201501096	-0.0	-0.4170690756540198
2.9896533501451628	-0.0	-0.41595195720899064
2.991154180140215	-0.0	-0.4148285194328758
2.9926550101352682	-0.0	-0.41369878465443055
2.994155840130321	-0.0	-0.41256277531359303
2.9956566701253737	-0.0	-0.41142051397317203
2.9971575001204265	-0.0	-0.41027202333898644
2.998658330115479	-0.0	-0.40911732620259095
3.000159160110532	-0.0	-0.40795953152030506
