0.0	0.0	0.00300168263759855
0.0015008299950527925	0.0	0.00600322968115481
0.003001659990105585	0.0	0.009004708847657535
0.004502489985158378	0.0	0.012006025003456305
0.00600331998021117	0.0	0.015007123537475625
0.0075041499752639615	0.0	0.018007949543882813
0.009004979970316756	0.0	0.02100844752227288
0.010505809965369548	0.0	0.0240085614665007
0.01200663996042234	0.0	0.027008235493991183
0.01350746995547513	0.0	0.030007413888666762
0.015008299950527923	0.0	0.03300604044617732
0.016509129945580715	0.0	0.036004058273857296
0.01800995994063351	0.0	0.039001409832384086
0.019510789935686303	0.0	0.04199803684632416
0.021011619930739096	0.0	0.0449938805003913
0.022512449925791888	0.0	0.047988881049967534
0.02401327992084468	0.0	0.0509829761435901
0.02551410991589747	0.0	0.05397609922025443
0.02701493991095026	0.0	0.05696817976039445
0.028515769906003054	0.0	0.05995914504631674
0.030016599901055846	0.0	0.06294892423262846
0.03151742989610864	0.0	0.06593745245800821
0.03301825989116143	0.0	0.06892466920485528
0.03451908988621422	0.0	0.07191051481775738
0.03601991988126702	0.0	0.07489492971069153
0.037520749876319814	0.0	0.07787785434876586
0.03902157987137261	0.0	0.08085922923775755
0.0405224098664254	0.0	0.0838389949150901
0.04202323986147819	0.0	0.0868170919522034
0.043524069856530984	0.0	0.08979346095274725
0.045024899851583776	0.0	0.09276804255796225
0.04652572984663657	0.0	0.09574077745382592
0.04802655984168936	0.0	0.09871160636961376
0.04952738983674215	0.0	0.10168047007853534
0.05102821983179494	0.0	0.10464730940012107
0.05252904982684774	0.0	0.10761206520176232
0.05402987982190052	0.0	0.11057467839884802
0.05553070981695332	0.0	0.11353508995560392
0.05703153981200611	0.0	0.11649324088367652
0.05853236980705891	0.0	0.11944907223956289
0.06003319980211169	0.0	0.12240252512616955
0.06153402979716449	0.0	0.1253535406958083
0.06303485979221728	0.0	0.12830206015280393
0.06453568978727008	0.0	0.13124802475595954
0.06603651978232286	0.0	0.13419137582062737
0.06753734977737566	0.0	0.1371320547182106
0.06903817977242845	0.0	0.14007000287642035
0.07053900976748124	0.0	0.14300516178133785
0.07203983976253404	0.0	0.14593747297830556
0.07354066975758683	0.0	0.14886687807209995
0.07504149975263963	0.0	0.15179331872820923
0.07654232974769241	0.0	0.15471673667462585
0.07804315974274521	0.0	0.15763707370140012
0.079543989737798	0.0	0.16055427166143607
0.0810448197328508	0.0	0.16346827247332066
0.08254564972790358	0.0	0.16637901812303996
0.08404647972295638	0.0	0.169286450665006
0.08554730971800917	0.0	0.17219051222360313
0.08704813971306197	0.0	0.1750911449937303
0.08854896970811475	0.0	0.17798829124228732
0.09004979970316755	0.0	0.18088189330867682
0.09155062969822034	0.0	0.18377189360637572
0.09305145969327314	0.0	0.1866582346250531
0.09455228968832592	0.0	0.18954085893126163
0.09605311968337872	0.0	0.1924197091695768
0.0975539496784315	0.0	0.19529472806375275
0.0990547796734843	0.0	0.19816585841793138
0.10055560966853709	0.0	0.20103304311808481
0.10205643966358988	0.0	0.20389622513304112
0.10355726965864268	0.0	0.2067553475153149
0.10505809965369547	0.0	0.20961035340353734
0.10655892964874826	0.0	0.21246118602251643
0.10805975964380105	0.0	0.2153077886840945
0.10956058963885383	0.0	0.21815010478931496
0.11106141963390664	0.0	0.22098807783000332
0.11256224962895943	0.0	0.22382165138962443
0.11406307962401221	0.0	0.22665076914400067
0.115563909619065	0.0	0.22947537486271768
0.11706473961411781	0.0	0.2322954124108561
0.1185655696091706	0.0	0.23511082575032566
0.12006639960422338	0.0	0.2379215589407897
0.1215672295992762	0.0	0.2407275561397936
0.12306805959432898	0.0	0.24352876160598708
0.12456888958938177	0.0	0.2463251197006328
0.12606971958443455	0.0	0.24911657488667577
0.12757054957948735	0.0	0.25190307173065624
0.12907137957454015	0.0	0.2546845549048891
0.13057220956959295	0.0	0.2574609691894423
0.13207303956464572	0.0	0.260232259470951
0.13357386955969852	0.0	0.26299837074442706
0.13507469955475132	0.0	0.2657592481162154
0.1365755295498041	0.0	0.2685148368044538
0.1380763595448569	0.0	0.2712650821397393
0.1395771895399097	0.0	0.27400992956602105
0.1410780195349625	0.0	0.276749324643103
0.14257884953001526	0.0	0.27948321304751295
0.1440796795250681	0.0	0.28221154057334186
0.14558050952012086	0.0	0.2849342531336678
0.14708133951517366	0.0	0.28765129676145174
0.14858216951022643	0.0	0.29036261761069077
0.15008299950527926	0.0	0.2930681619596989
0.15158382950033203	0.0	0.2957678762108098
0.15308465949538483	0.0	0.2984617068901314
0.1545854894904376	0.0	0.3011496006502373
0.15608631948549043	0.0	0.3038315042717453
0.1575871494805432	0.0	0.30650736466486855
0.159087979475596	0.0	0.30917712886978427
0.16058880947064877	0.0	0.3118407440575159
0.1620896394657016	0.0	0.3144981575316872
0.16359046946075437	0.0	0.3171493167303733
0.16509129945580717	0.0	0.3197941692258401
0.16659212945085994	0.0	0.3224326627272459
0.16809295944591277	0.0	0.32506474508244326
0.16959378944096554	0.0	0.3276903642760566
0.17109461943601834	0.0	0.3303094684321582
0.17259544943107114	0.0	0.3329220058175589
0.17409627942612393	0.0	0.33552792484190264
0.1755971094211767	0.0	0.33812717405842396
0.1770979394162295	0.0	0.34071970216330144
0.1785987694112823	0.0	0.343305457999189
0.1800995994063351	0.0	0.34588439055688264
0.18160042940138788	0.0	0.34845644897561295
0.18310125939644067	0.0	0.3510215825445879
0.18460208939149347	0.0	0.35357974070340104
0.18610291938654627	0.0	0.35613087304229846
0.18760374938159904	0.0	0.35867492930517025
0.18910457937665184	0.0	0.36121185939269407
0.19060540937170464	0.0	0.3637416133596261
0.19210623936675744	0.0	0.3662641414166019
0.1936070693618102	0.0	0.3687793939336869
0.195107899356863	0.0	0.37128732143848564
0.1966087293519158	0.0	0.3737878746192648
0.1981095593469686	0.0	0.37628100432786826
0.19961038934202138	0.0	0.3787666615775787
0.20111121933707418	0.0	0.3812447975451451
0.20261204933212695	0.0	0.38371536357204483
0.20411287932717975	0.0	0.3861783111650222
0.20561370932223258	0.0	0.38863359199990527
0.20711453931728535	0.0	0.391081157921409
0.20861536931233815	0.0	0.3935209609424284
0.21011619930739095	0.0	0.3959529532467357
0.21161702930244372	0.0	0.3983770871912623
0.21311785929749652	0.0	0.4007933153049707
0.2146186892925493	0.0	0.4032015902893237
0.2161195192876021	0.0	0.40560186502296763
0.21762034928265492	0.0	0.4079940925605308
0.21912117927770766	0.0	0.4103782261338043
0.2206220092727605	0.0	0.4127542191535176
0.2221228392678133	0.0	0.4151220252104389
0.22362366926286606	0.0	0.4174815980747623
0.22512449925791886	0.0	0.41983289169937704
0.22662532925297169	0.0	0.42217586022044246
0.22812615924802443	0.0	0.42451045795654946
0.22962698924307726	0.0	0.4268366394126429
0.23112781923813	0.0	0.42915435927928697
0.23262864923318283	0.0	0.4314635724355012
0.23412947922823563	0.0	0.43376423394696706
0.2356303092232884	0.0	0.4360562990693423
0.2371311392183412	0.0	0.4383397232495353
0.238631969213394	0.0	0.4406144621241928
0.24013279920844677	0.0	0.44288047152356075
0.2416336292034996	0.0	0.4451377074696878
0.2431344591985524	0.0	0.4473861261810512
0.24463528919360517	0.0	0.4496256840726862
0.24613611918865796	0.0	0.45185633775275785
0.24763694918371074	0.0	0.4540780440270826
0.24913777917876354	0.0	0.4562907599016849
0.25063860917381636	0.0	0.4584944425799658
0.2521394391688691	0.0	0.46068904946568456
0.2536402691639219	0.0	0.4628745381658531
0.2551410991589747	0.0	0.46505086648765465
0.2566419291540275	0.0	0.46721799244043843
0.2581427591490803	0.0	0.4693758742393445
0.25964358914413305	0.0	0.47152447030474914
0.2611444191391859	0.0	0.47366373926349664
0.2626452491342387	0.0	0.4757936399512368
0.26414607912929144	0.0	0.4779141314151061
0.26564690912434424	0.0	0.4800251729093265
0.26714773911939704	0.0	0.48212672389695765
0.26864856911444984	0.0	0.4842187440567903
0.27014939910950264	0.0	0.48630119327778437
0.27165022910455544	0.0	0.4883740316628648
0.2731510590996082	0.0	0.4904372195312055
0.27465188909466104	0.0	0.4924907174151408
0.2761527190897138	0.0	0.4945344860609007
0.2776535490847666	0.0	0.4965684864329107
0.2791543790798194	0.0	0.49859267971704163
0.2806552090748722	0.0	0.500607027314045
0.282156039069925	0.0	0.5026114908407503
0.2836568690649778	0.0	0.5046060321388718
0.2851576990600305	0.0	0.5065906132717872
0.2866585290550834	0.0	0.508565196522415
0.2881593590501362	0.0	0.5105297443973661
0.2896601890451889	0.0	0.5124842196266433
0.2911610190402417	0.0	0.5144285851632022
0.2926618490352945	0.0	0.5163628041847641
0.2941626790303473	0.0	0.51828684009756
0.2956635090254001	0.0	0.52020065653364
0.29716433902045286	0.0	0.5221042173486687
0.2986651690155057	0.0	0.5239974866320911
0.3001659990105585	0.0	0.525880428702112
0.30166682900561126	0.0	0.5277530081022657
0.30316765900066406	0.0	0.5296151896082486
0.30466848899571686	0.0	0.5314669382262094
0.30616931899076966	0.0	0.5333082191963734
0.30767014898582246	0.0	0.5351389979898709
0.3091709789808752	0.0	0.5369592403118578
0.31067180897592805	0.0	0.5387689121029078
0.31217263897098085	0.0	0.5405679795351743
0.3136734689660336	0.0	0.5423564090172917
0.3151742989610864	0.0	0.5441341671952163
0.3166751289561392	0.0	0.5459012209487553
0.318175958951192	0.0	0.5476575373963641
0.3196767889462448	0.0	0.549403083895652
0.32117761894129754	0.0	0.5511378280422851
0.3226784489363504	0.0	0.5528617376714298
0.3241792789314032	0.0	0.5545747808562262
0.32568010892645594	0.0	0.5562769259132817
0.32718093892150873	0.0	0.5579681413984903
0.32868176891656153	0.0	0.5596483961048191
0.33018259891161433	0.0	0.5613176590730613
0.33168342890666713	0.0	0.5629758995871813
0.3331842589017199	0.0	0.5646230871718684
0.3346850888967727	0.0	0.566259191595038
0.33618591889182553	0.0	0.5678841828712212
0.3376867488868783	0.0	0.5694980312587854
0.3391875788819311	0.0	0.5711007072591532
0.3406884088769839	0.0	0.5726921816241073
0.34218923887203667	0.0	0.5742724253486016
0.34369006886708947	0.0	0.5758414096751756
0.34519089886214227	0.0	0.5773991060954582
0.346691728857195	0.0	0.578945486343615
0.34819255885224787	0.0	0.5804805224049768
0.3496933888473006	0.0	0.5820041865185862
0.3511942188423534	0.0	0.5835164511667676
0.3526950488374062	0.0	0.5850172890797046
0.354195878832459	0.0	0.5865066732430356
0.3556967088275118	0.0	0.5879845768899437
0.3571975388225646	0.0	0.5894509735030149
0.35869836881761735	0.0	0.5909058368215666
0.3601991988126702	0.0	0.5923491408297052
0.361700028807723	0.0	0.593780859764343
0.36320085880277575	0.0	0.5952009681194886
0.36470168879782855	0.0	0.5966094406364041
0.36620251879288135	0.0	0.5980062523113254
0.36770334878793415	0.0	0.599391378393947
0.36920417878298695	0.0	0.6007647943901852
0.3707050087780397	0.0	0.6021264760550963
0.37220583877309255	0.0	0.6034763993977029
0.37370666876814534	0.0	0.6048145406867041
0.3752074987631981	0.0	0.6061408764437342
0.3767083287582509	0.0	0.6074553834430112
0.3782091587533037	0.0	0.6087580387126598
0.3797099887483565	0.0	0.6100488195408693
0.3812108187434093	0.0	0.6113277034678117
0.38271164873846203	0.0	0.6125946682928547
0.3842124787335149	0.0	0.6138496920677371
0.3857133087285677	0.0	0.6150927531059732
0.3872141387236204	0.0	0.6163238299761116
0.38871496871867317	0.0	0.6175429014976296
0.390215798713726	0.0	0.6187499467554971
0.3917166287087788	0.0	0.6199449450863619
0.3932174587038316	0.0	0.6211278760865016
0.3947182886988844	0.0	0.6222987196105756
0.3962191186939372	0.0	0.6234574557669555
0.39771994868898997	0.0	0.6246040649223576
0.39922077868404277	0.0	0.6257385277085376
0.40072160867909556	0.0	0.626860825009206
0.40222243867414836	0.0	0.6279709379635524
0.4037232686692012	0.0	0.6290688479754813
0.4052240986642539	0.0	0.6301545367054947
0.4067249286593067	0.0	0.631227986071903
0.4082257586543595	0.0	0.6322891782486334
0.40972658864941236	0.0	0.6333380956693633
0.41122741864446516	0.0	0.6343747210318389
0.41272824863951796	0.0	0.6353990372868152
0.4142290786345707	0.0	0.6364110276430412
0.4157299086296235	0.0	0.6374106755685534
0.4172307386246763	0.0	0.638397964789363
0.4187315686197291	0.0	0.6393728792963081
0.4202323986147819	0.0	0.6403354033352615
0.42173322860983464	0.0	0.6412855214080083
0.42323405860488744	0.0	0.6422232182716272
0.42473488859994024	0.0	0.6431484789485967
0.42623571859499304	0.0	0.6440612887227456
0.42773654859004584	0.0	0.6449616331311983
0.4292373785850986	0.0	0.6458494979685548
0.4307382085801514	0.0	0.6467248692897111
0.4322390385752042	0.0	0.6475877334093871
0.43373986857025704	0.0	0.6484380768984933
0.43524069856530984	0.0	0.6492758865892435
0.43674152856036264	0.0	0.6501011495680356
0.4382423585554153	0.0	0.6509138531796858
0.4397431885504682	0.0	0.651713985031322
0.441244018545521	0.0	0.6525015329863644
0.4427448485405738	0.0	0.6532764851623886
0.4442456785356266	0.0	0.6540388299396982
0.4457465085306793	0.0	0.6547885559565438
0.4472473385257321	0.0	0.6555256521035753
0.4487481685207849	0.0	0.6562501075319138
0.4502489985158377	0.0	0.6569619116488522
0.4517498285108905	0.0	0.657661054121036
0.45325065850594337	0.0	0.6583475248703489
0.45475148850099606	0.0	0.6590213140756409
0.45625231849604886	0.0	0.6596824121745418
0.45775314849110166	0.0	0.6603308098546022
0.4592539784861545	0.0	0.6609664980637426
0.4607548084812073	0.0	0.6615894680113071
0.46225563847626	0.0	0.662199711155174
0.46375646847131285	0.0	0.6627972192087459
0.46525729846636565	0.0	0.6633819841468863
0.46675812846141845	0.0	0.6639539981953785
0.46825895845647125	0.0	0.6645132538323029
0.46975978845152405	0.0	0.6650597437997898
0.4712606184465768	0.0	0.6655934610895581
0.4727614484416296	0.0	0.666114398945161
0.4742622784366824	0.0	0.6666225508656212
0.4757631084317352	0.0	0.6671179106070945
0.477263938426788	0.0	0.6676004721772484
0.47876476842184074	0.0	0.6680702298339484
0.48026559841689354	0.0	0.6685271780965119
0.48176642841194633	0.0	0.668971311732078
0.4832672584069992	0.0	0.669402625758493
0.484768088402052	0.0	0.6698211154502832
0.4862689183971048	0.0	0.6702267763305738
0.4877697483921575	0.0	0.6706196041748613
0.48927057838721033	0.0	0.6709995950151282
0.49077140838226313	0.0	0.6713667451308
0.49227223837731593	0.0	0.671721051052619
0.49377306837236873	0.0	0.6720625095634128
0.4952738983674215	0.0	0.6723911176955966
0.49677472836247427	0.0	0.6727068727284368
0.49827555835752707	0.0	0.6730097721963265
0.49977638835257987	0.0	0.673299813883617
0.5012772183476327	0.0	0.6735769958224814
0.5027780483426855	0.0	0.6738413162956147
0.5042788783377382	0.0	0.6740927738271537
0.5057797083327911	0.0	0.6743313671950674
0.5072805383278438	0.0	0.6745570954281519
0.5087813683228967	0.0	0.6747699578023783
0.5102821983179494	0.0	0.6749699538369712
0.5117830283130022	0.0	0.6751570833014097
0.513283858308055	0.0	0.67533134621513
0.5147846883031078	0.0	0.6754927428331207
0.5162855182981606	0.0	0.6756412736677805
0.5177863482932135	0.0	0.6757769394737915
0.5192871782882661	0.0	0.6758997412455576
0.520788008283319	0.0	0.6760096802356611
0.5222888382783718	0.0	0.6761067579333637
0.5237896682734245	0.0	0.6761909760704414
0.5252904982684774	0.0	0.6762623366269269
0.5267913282635301	0.0	0.6763208418265877
0.5282921582585829	0.0	0.6763664941374902
0.5297929882536357	0.0	0.6763992962664793
0.5312938182486885	0.0	0.6764192511659752
0.5327946482437413	0.0	0.6764263620323917
0.5342954782387941	0.0	0.6764206323070423
0.5357963082338468	0.0	0.676402065667634
0.5372971382288997	0.0	0.6763706660305039
0.5387979682239524	0.0	0.6763264375594324
0.5402987982190053	0.0	0.6762693846589757
0.5417996282140581	0.0	0.6761995119718672
0.5433004582091109	0.0	0.6761168243816167
0.5448012882041636	0.0	0.676021327009745
0.5463021181992164	0.0	0.6759130252190018
0.5478029481942692	0.0	0.6757919246152243
0.5493037781893221	0.0	0.6756580310406893
0.5508046081843748	0.0	0.6755113505712552
0.5523054381794276	0.0	0.6753518895206992
0.5538062681744804	0.0	0.6751796544473193
0.5553070981695332	0.0	0.6749946521422743
0.556807928164586	0.0	0.6747968896356493
0.5583087581596388	0.0	0.6745863741950417
0.5598095881546916	0.0	0.6743631133199197
0.5613104181497444	0.0	0.6741271147514062
0.5628112481447971	0.0	0.6738783864562073
0.56431207813985	0.0	0.6736169366498779
0.5658129081349027	0.0	0.6733427737780775
0.5673137381299556	0.0	0.6730559065105886
0.5688145681250083	0.0	0.6727563437698884
0.570315398120061	0.0	0.6724440946980089
0.5718162281151139	0.0	0.6721191686766945
0.5733170581101668	0.0	0.6717815753173789
0.5748178881052195	0.0	0.671431324462701
0.5763187181002724	0.0	0.6710684261968434
0.5778195480953251	0.0	0.6706928908244123
0.5793203780903778	0.0	0.6703047288927412
0.5808212080854307	0.0	0.6699039511754864
0.5823220380804834	0.0	0.6694905686752354
0.5838228680755363	0.0	0.6690645926305894
0.585323698070589	0.0	0.6686260345055113
0.5868245280656418	0.0	0.6681749059952989
0.5883253580606946	0.0	0.6677112190275097
0.5898261880557474	0.0	0.6672349857575409
0.5913270180508002	0.0	0.6667462185672054
0.592827848045853	0.0	0.6662449300721478
0.5943286780409057	0.0	0.66573113311404
0.5958295080359586	0.0	0.6652048407581401
0.5973303380310114	0.0	0.6646660663057756
0.5988311680260642	0.0	0.6641148232784945
0.600331998021117	0.0	0.6635511254277554
0.6018328280161698	0.0	0.6629749867351873
0.6033336580112225	0.0	0.6623864213999576
0.6048344880062754	0.0	0.6617854438551767
0.6063353180013281	0.0	0.6611720687485161
0.607836147996381	0.0	0.6605463109704298
0.6093369779914337	0.0	0.6599081856329609
0.6108378079864865	0.0	0.6592577080574246
0.6123386379815393	0.0	0.6585948938017417
0.6138394679765921	0.0	0.6579197586392268
0.6153402979716449	0.0	0.6572323185762863
0.6168411279666978	0.0	0.6565325898462785
0.6183419579617504	0.0	0.6558205888914457
0.6198427879568033	0.0	0.6550963323819994
0.6213436179518561	0.0	0.6543598372151401
0.6228444479469089	0.0	0.6536111205058477
0.6243452779419617	0.0	0.6528501995902098
0.6258461079370145	0.0	0.6520770920329311
0.6273469379320672	0.0	0.6512918156094858
0.62884776792712	0.0	0.6504943883208766
0.6303485979221728	0.0	0.6496848283918959
0.6318494279172256	0.0	0.6488631542607135
0.6333502579122784	0.0	0.6480293845923039
0.6348510879073311	0.0	0.6471835382651666
0.636351917902384	0.0	0.6463256343778004
0.6378527478974367	0.0	0.6454556922468342
0.6393535778924896	0.0	0.6445737314129825
0.6408544078875424	0.0	0.6436797716322057
0.6423552378825951	0.0	0.6427738328748773
0.6438560678776479	0.0	0.6418559353272644
0.6453568978727008	0.0	0.6409260993976659
0.6468577278677535	0.0	0.6399843457191143
0.6483585578628064	0.0	0.6390306951269976
0.6498593878578591	0.0	0.6380651686778857
0.6513602178529119	0.0	0.6370877876409311
0.6528610478479647	0.0	0.6360985735029735
0.6543618778430175	0.0	0.6350975479714422
0.6558627078380703	0.0	0.6340847329640198
0.6573635378331231	0.0	0.6330601506143179
0.6588643678281758	0.0	0.6320238232687717
0.6603651978232287	0.0	0.6309757734893763
0.6618660278182814	0.0	0.629916024050506
0.6633668578133343	0.0	0.6288445979356223
0.6648676878083871	0.0	0.6277615183475196
0.6663685178034398	0.0	0.6266668086945103
0.6678693477984926	0.0	0.6255604926020573
0.6693701777935454	0.0	0.6244425939134951
0.6708710077885982	0.0	0.6233131366681154
0.6723718377836511	0.0	0.6221721451299427
0.6738726677787038	0.0	0.6210196437738269
0.6753734977737565	0.0	0.6198556572798405
0.6768743277688094	0.0	0.6186802105378828
0.6783751577638621	0.0	0.6174933286413
0.679875987758915	0.0	0.6162950369044911
0.6813768177539677	0.0	0.6150853608456158
0.6828776477490205	0.0	0.6138643261950287
0.6843784777440733	0.0	0.6126319588942241
0.6858793077391261	0.0	0.6113882850769359
0.6873801377341789	0.0	0.6101333310975626
0.6888809677292317	0.0	0.6088671235205149
0.6903817977242845	0.0	0.6075896891129098
0.6918826277193373	0.0	0.6063010548448866
0.69338345771439	0.0	0.6050012478915104
0.6948842877094429	0.0	0.603690295646236
0.6963851177044957	0.0	0.6023682256972546
0.6978859476995485	0.0	0.6010350658340404
0.6993867776946012	0.0	0.5996908440618869
0.7008876076896541	0.0	0.5983355885830794
0.7023884376847068	0.0	0.5969693278076046
0.7038892676797597	0.0	0.5955920903540177
0.7053900976748124	0.0	0.5942039050323747
0.7068909276698653	0.0	0.5928048008573984
0.708391757664918	0.0	0.5913948070528809
0.7098925876599708	0.0	0.5899739530432498
0.7113934176550236	0.0	0.5885422684464857
0.7128942476500764	0.0	0.5870997830922454
0.7143950776451292	0.0	0.5856465270153712
0.715895907640182	0.0	0.5841825304329029
0.7173967376352347	0.0	0.5827078237729097
0.7188975676302876	0.0	0.5812224376646697
0.7203983976253404	0.0	0.5797264029276298
0.7218992276203932	0.0	0.5782197505828708
0.723400057615446	0.0	0.5767025118609314
0.7249008876104988	0.0	0.5751747181833874
0.7264017176055515	0.0	0.5736364011604486
0.7279025476006044	0.0	0.5720875926050868
0.7294033775956571	0.0	0.570528324529061
0.73090420759071	0.0	0.5689586291382557
0.7324050375857627	0.0	0.56737853884289
0.7339058675808154	0.0	0.5657880862316085
0.7354066975758683	0.0	0.5641873040923596
0.736907527570921	0.0	0.5625762254147635
0.7384083575659739	0.0	0.5609548833802176
0.7399091875610266	0.0	0.5593233113590305
0.7414100175560794	0.0	0.557681542909885
0.7429108475511322	0.0	0.5560296117963351
0.7444116775461851	0.0	0.554367551960212
0.7459125075412378	0.0	0.5526953975493271
0.7474133375362907	0.0	0.5510131828909526
0.7489141675313434	0.0	0.549320942493264
0.7504149975263962	0.0	0.547618711079886
0.751915827521449	0.0	0.5459065235414764
0.7534166575165018	0.0	0.5441844149585284
0.7549174875115546	0.0	0.5424524206177195
0.7564183175066074	0.0	0.5407105759773091
0.7579191475016601	0.0	0.5389589166783654
0.759419977496713	0.0	0.5371974785570254
0.7609208074917657	0.0	0.5354262976364508
0.7624216374868186	0.0	0.5336454101156579
0.7639224674818714	0.0	0.5318548523901008
0.7654232974769241	0.0	0.5300546610360258
0.7669241274719769	0.0	0.5282448727994681
0.7684249574670298	0.0	0.5264255246223271
0.7699257874620825	0.0	0.5245966536260556
0.7714266174571354	0.0	0.5227582971045396
0.772927447452188	0.0	0.5209104925488426
0.7744282774472409	0.0	0.5190532776217587
0.7759291074422937	0.0	0.5171866901629907
0.7774299374373463	0.0	0.5153107681922197
0.7789307674323993	0.0	0.5134255499062207
0.780431597427452	0.0	0.5115310736773087
0.7819324274225049	0.0	0.5096273780560945
0.7834332574175576	0.0	0.5077145017828394
0.7849340874126104	0.0	0.505792483759438
0.7864349174076632	0.0	0.5038613630608096
0.787935747402716	0.0	0.5019211789325687
0.7894365773977688	0.0	0.4999719708018802
0.7909374073928216	0.0	0.49801377827281756
0.7924382373878744	0.0	0.49604664111408336
0.7939390673829272	0.0	0.49407059926074753
0.7954398973779799	0.0	0.4920856928255654
0.7969407273730328	0.0	0.49009196209196865
0.7984415573680855	0.0	0.48808944750141586
0.7999423873631384	0.0	0.4860781896778961
0.8014432173581911	0.0	0.48405822940926946
0.8029440473532439	0.0	0.4820296076392404
0.8044448773482967	0.0	0.4799923654781583
0.8059457073433495	0.0	0.47794654420882426
0.8074465373384024	0.0	0.4758921852811095
0.8089473673334551	0.0	0.4738293302990098
0.8104481973285078	0.0	0.47175802103050296
0.8119490273235607	0.0	0.46967829941230105
0.8134498573186134	0.0	0.4675902075316902
0.8149506873136664	0.0	0.4654937876404561
0.816451517308719	0.0	0.4633890821511299
0.8179523473037718	0.0	0.4612761336369693
0.8194531772988247	0.0	0.45915498481736783
0.8209540072938774	0.0	0.4570256785677114
0.8224548372889303	0.0	0.45488825793872273
0.8239556672839831	0.0	0.4527427661110596
0.8254564972790359	0.0	0.45058924643614895
0.8269573272740887	0.0	0.44842774241645356
0.8284581572691414	0.0	0.44625829768191216
0.8299589872641943	0.0	0.44408095604627
0.831459817259247	0.0	0.44189576145855236
0.8329606472542999	0.0	0.43970275801732267
0.8344614772493526	0.0	0.4375019899723286
0.8359623072444053	0.0	0.4352935017144971
0.8374631372394582	0.0	0.4330773377807798
0.8389639672345109	0.0	0.4308535428528027
0.8404647972295638	0.0	0.42862216176455964
0.8419656272246165	0.0	0.42638323948735857
0.8434664572196693	0.0	0.42413682113100526
0.8449672872147221	0.0	0.42188295194559694
0.8464681172097749	0.0	0.4196216773337281
0.8479689472048277	0.0	0.4173530428218627
0.8494697771998805	0.0	0.4150770940769225
0.8509706071949332	0.0	0.4127938769127787
0.8524714371899861	0.0	0.41050343726905814
0.8539722671850388	0.0	0.4082058212293038
0.8554730971800917	0.0	0.40590107499521383
0.8569739271751444	0.0	0.4035892449098687
0.8584747571701972	0.0	0.40127037744907695
0.85997558716525	0.0	0.3989445192154752
0.8614764171603028	0.0	0.3966117169547288
0.8629772471553557	0.0	0.3942720175207084
0.8644780771504084	0.0	0.3919254679015474
0.8659789071454613	0.0	0.3895721152047177
0.8674797371405141	0.0	0.3872120066820512
0.8689805671355667	0.0	0.38484518969303044
0.8704813971306197	0.0	0.3824717117131661
0.8719822271256723	0.0	0.3800916203523794
0.8734830571207253	0.0	0.37770496334089193
0.874983887115778	0.0	0.37531178853029773
0.8764847171108306	0.0	0.3729121438655831
0.8779855471058836	0.0	0.37050607743115654
0.8794863771009364	0.0	0.36809363743144957
0.8809872070959892	0.0	0.3656748721670965
0.882488037091042	0.0	0.3632498300542236
0.8839888670860947	0.0	0.3608185596297751
0.8854896970811476	0.0	0.3583811095399916
0.8869905270762003	0.0	0.3559375285336417
0.8884913570712532	0.0	0.3534878654705103
0.8899921870663059	0.0	0.35103216932666936
0.8914930170613586	0.0	0.34857048916993705
0.8929938470564115	0.0	0.34610287416984564
0.8944946770514642	0.0	0.34362937360346707
0.8959955070465171	0.0	0.3411500368575765
0.8974963370415698	0.0	0.3386649134179819
0.8989971670366227	0.0	0.33617405286678664
0.9004979970316754	0.0	0.33367750487865405
0.9019988270267282	0.0	0.33117531922019705
0.903499657021781	0.0	0.3286675457626277
0.9050004870168338	0.0	0.32615423448510455
0.9065013170118867	0.0	0.32363543545178225
0.9080021470069394	0.0	0.32111119879021094
0.9095029770019921	0.0	0.31858157473769977
0.911003806997045	0.0	0.31604661363554665
0.9125046369920977	0.0	0.3135063658963049
0.9140054669871507	0.0	0.3109608820208158
0.9155062969822033	0.0	0.3084102125948796
0.9170071269772561	0.0	0.30585440828280147
0.918507956972309	0.0	0.30329351984050323
0.9200087869673617	0.0	0.3007275980996006
0.9215096169624146	0.0	0.29815669397228534
0.9230104469574674	0.0	0.2955808584526014
0.92451127695252	0.0	0.2930001426025563
0.926012106947573	0.0	0.290414597569542
0.9275129369426257	0.0	0.2878242745655666
0.9290137669376786	0.0	0.28522922487711155
0.9305145969327313	0.0	0.2826294998673877
0.932015426927784	0.0	0.2800251509697888
0.9335162569228369	0.0	0.2774162296869665
0.9350170869178897	0.0	0.2748027875679543
0.9365179169129425	0.0	0.27218487625843246
0.9380187469079952	0.0	0.26956254746453656
0.9395195769030481	0.0	0.2669358529307762
0.9410204068981008	0.0	0.2643048444791671
0.9425212368931536	0.0	0.2616695740000029
0.9440220668882064	0.0	0.25903009343158634
0.9455228968832592	0.0	0.2563864547672568
0.947023726878312	0.0	0.25373871006212195
0.9485245568733648	0.0	0.2510869114357761
0.9500253868684175	0.0	0.24843111104454169
0.9515262168634704	0.0	0.24577136108982833
0.9530270468585231	0.0	0.24310771386336769
0.954527876853576	0.0	0.24044022166735887
0.9560287068486287	0.0	0.2377689368613307
0.9575295368436815	0.0	0.2350939118638247
0.9590303668387343	0.0	0.23241519912164046
0.9605311968337871	0.0	0.22973285113922184
0.96203202682884	0.0	0.22704692045104596
0.9635328568238927	0.0	0.22435745964074577
0.9650336868189454	0.0	0.2216645213346001
0.9665345168139984	0.0	0.2189681581903822
0.968035346809051	0.0	0.21626842289212614
0.969536176804104	0.0	0.21356536818509775
0.9710370067991567	0.0	0.21085904683107776
0.9725378367942096	0.0	0.20814951162465414
0.9740386667892623	0.0	0.2054368154023952
0.975539496784315	0.0	0.20272101101825307
0.9770403267793679	0.0	0.20000215135747088
0.9785411567744207	0.0	0.1972802893408732
0.9800419867694735	0.0	0.1945554779148426
0.9815428167645263	0.0	0.19182777002655688
0.983043646759579	0.0	0.18909721867310772
0.9845444767546319	0.0	0.18636387687017283
0.9860453067496846	0.0	0.183627797634447
0.9875461367447375	0.0	0.18088903402037024
0.9890469667397902	0.0	0.17814763909815745
0.990547796734843	0.0	0.17540366594972998
0.9920486267298958	0.0	0.17265716766679218
0.9935494567249485	0.0	0.1699081973551405
0.9950502867200014	0.0	0.167156808139934
0.9965511167150541	0.0	0.16440305316020187
0.9980519467101069	0.0	0.16164698556349885
0.9995527767051597	0.0	0.15888865849264525
1.0010536067002125	0.0	0.1561281251041651
1.0025544366952654	0.0	0.15336543856641832
1.0040552666903182	0.0	0.15060065203413503
1.005556096685371	0.0	0.14783381868092724
1.0070569266804237	0.0	0.1450649916855667
1.0085577566754764	0.0	0.14229422421029186
1.0100585866705294	0.0	0.139521569433856
1.0115594166655821	0.0	0.1367470805189599
1.0130602466606349	0.0	0.13397081062007488
1.0145610766556876	0.0	0.1311928129102951
1.0160619066507404	0.0	0.1284131405325334
1.0175627366457933	0.0	0.125631846634289
1.019063566640846	0.0	0.12284898435349997
1.0205643966358988	0.0	0.12006460680622662
1.0220652266309516	0.0	0.11727876712005066
1.0235660566260043	0.0	0.11449151838142434
1.0250668866210573	0.0	0.1117029136761341
1.02656771661611	0.0	0.10891300608656358
1.0280685466111628	0.0	0.10612184866848436
1.0295693766062155	0.0	0.10332949444894755
1.0310702066012682	0.0	0.10053599644316849
1.0325710365963212	0.0	0.09774140766358849
1.034071866591374	0.0	0.0949457810810015
1.035572696586427	0.0	0.09214916964023667
1.0370735265814794	0.0	0.08935162628033463
1.0385743565765322	0.0	0.08655320391224448
1.0400751865715852	0.0	0.08375395539798149
1.041576016566638	0.0	0.08095393359323619
1.0430768465616909	0.0	0.07815319133056377
1.0445776765567436	0.0	0.07535178138800061
1.0460785065517963	0.0	0.07254975653990291
1.047579336546849	0.0	0.06974716951568768
1.0490801665419018	0.0	0.06694407300277325
1.0505809965369548	0.0	0.06414051966782822
1.0520818265320075	0.0	0.06133656213555953
1.0535826565270603	0.0	0.0585322530016948
1.055083486522113	0.0	0.0557276448149697
1.0565843165171658	0.0	0.05292279008533909
1.0580851465122187	0.0	0.050117741287324276
1.0595859765072715	0.0	0.04731255085958774
1.0610868065023242	0.0	0.044507271183129256
1.062587636497377	0.0	0.04170195459689442
1.0640884664924297	0.0	0.03889665342581077
1.0655892964874827	0.0	0.03609141992046203
1.0670901264825354	0.0	0.033286306279039904
1.0685909564775882	0.0	0.03048136466770535
1.070091786472641	0.0	0.027676647205368502
1.0715926164676937	0.0	0.024872205961691332
1.0730934464627466	0.0	0.022068092942977142
1.0745942764577994	0.0	0.0192643601062256
1.0760951064528521	0.0	0.016461059372522027
1.0775959364479049	0.0	0.013658242603606164
1.0790967664429576	0.0	0.010855961593513097
1.0805975964380106	0.0	0.008054268083571483
1.0820984264330633	0.0	0.005253213765251549
1.0835992564281163	0.0	0.002452850278149299
1.0851000864231688	-0.0	-0.00034677080123903144
1.0866009164182218	-0.0	-0.0031455979692630413
1.0881017464132745	-0.0	-0.005943579773739695
1.0896025764083273	-0.0	-0.008740664801192817
1.0911034064033802	-0.0	-0.01153680173396098
1.0926042363984327	-0.0	-0.014331939310491976
1.0941050663934857	-0.0	-0.017126026315559786
1.0956058963885384	-0.0	-0.01991901161407065
1.0971067263835912	-0.0	-0.022710844133309333
1.0986075563786442	-0.0	-0.02550147286108977
1.100108386373697	-0.0	-0.02829084686478487
1.1016092163687496	-0.0	-0.03107891527677214
1.1031100463638024	-0.0	-0.03386562728452116
1.1046108763588551	-0.0	-0.03665093216208802
1.106111706353908	-0.0	-0.03943477924355866
1.1076125363489608	-0.0	-0.04221711794524104
1.1091133663440136	-0.0	-0.04499789774909498
1.1106141963390663	-0.0	-0.047777068206135
1.112115026334119	-0.0	-0.05055457895288946
1.113615856329172	-0.0	-0.05333037968648988
1.1151166863242248	-0.0	-0.056104420195240666
1.1166175163192775	-0.0	-0.05887665033675978
1.1181183463143303	-0.0	-0.061647020036924655
1.1196191763093832	-0.0	-0.06441547930344638
1.121120006304436	-0.0	-0.06718197823676236
1.1226208362994887	-0.0	-0.06994646700960107
1.1241216662945415	-0.0	-0.07270889585997295
1.1256224962895942	-0.0	-0.07546921512664094
1.1271233262846472	-0.0	-0.07822737522208302
1.1286241562797	-0.0	-0.08098332663718953
1.1301249862747527	-0.0	-0.0837370199521189
1.1316258162698054	-0.0	-0.08648840582135481
1.1331266462648582	-0.0	-0.08923743498291603
1.1346274762599111	-0.0	-0.09198405828051164
1.1361283062549639	-0.0	-0.09472822662853272
1.1376291362500166	-0.0	-0.09746989101736019
1.1391299662450696	-0.0	-0.10020900254332403
1.140630796240122	-0.0	-0.1029455123827756
1.142131626235175	-0.0	-0.10567937179314167
1.1436324562302278	-0.0	-0.10841053212520413
1.1451332862252805	-0.0	-0.11113894482589246
1.1466341162203335	-0.0	-0.11386456142189856
1.1481349462153863	-0.0	-0.11658733353173449
1.149635776210439	-0.0	-0.1193072128735367
1.1511366062054917	-0.0	-0.12202415124908765
1.1526374362005447	-0.0	-0.12473810055487496
1.1541382661955975	-0.0	-0.12744901278157353
1.1556390961906502	-0.0	-0.13015684000860853
1.157139926185703	-0.0	-0.13286153441502951
1.1586407561807557	-0.0	-0.13556304826626908
1.1601415861758086	-0.0	-0.13826133393189666
1.1616424161708614	-0.0	-0.14095634386949218
1.1631432461659141	-0.0	-0.14364803062919543
1.1646440761609669	-0.0	-0.14633634687057212
1.1661449061560196	-0.0	-0.14902124534410202
1.1676457361510726	-0.0	-0.15170267889663439
1.1691465661461253	-0.0	-0.1543806004722017
1.170647396141178	-0.0	-0.15705496311091013
1.1721482261362308	-0.0	-0.15972571995850068
1.1736490561312836	-0.0	-0.16239282425545637
1.1751498861263365	-0.0	-0.1650562293421436
1.1766507161213893	-0.0	-0.1677158886637313
1.178151546116442	-0.0	-0.17037175575755995
1.1796523761114948	-0.0	-0.17302378426991516
1.1811532061065475	-0.0	-0.17567192794260134
1.1826540361016005	-0.0	-0.1783161406227433
1.1841548660966532	-0.0	-0.18095637625823693
1.185655696091706	-0.0	-0.18359258890621902
1.187156526086759	-0.0	-0.18622473272145348
1.1886573560818114	-0.0	-0.18885276195929032
1.1901581860768644	-0.0	-0.1914766309839507
1.1916590160719172	-0.0	-0.19409629426371858
1.1931598460669701	-0.0	-0.19671170636722357
1.1946606760620229	-0.0	-0.1993228219750363
1.1961615060570754	-0.0	-0.20192959586973758
1.1976623360521284	-0.0	-0.20453198293732366
1.199163166047181	-0.0	-0.20712993818081762
1.200663996042234	-0.0	-0.20972341669426742
1.2021648260372868	-0.0	-0.2123123736922986
1.2036656560323395	-0.0	-0.21489676449598513
1.2051664860273923	-0.0	-0.21747654452661724
1.206667316022445	-0.0	-0.22005166930936298
1.208168146017498	-0.0	-0.22262209448839604
1.2096689760125507	-0.0	-0.22518777582406616
1.2111698060076035	-0.0	-0.22774866917348094
1.2126706360026562	-0.0	-0.2303047305025267
1.214171465997709	-0.0	-0.23285591588895685
1.215672295992762	-0.0	-0.23540218152139322
1.2171731259878147	-0.0	-0.23794348369882673
1.2186739559828674	-0.0	-0.24047977883951285
1.2201747859779202	-0.0	-0.24301102346257045
1.221675615972973	-0.0	-0.24553717419201343
1.2231764459680259	-0.0	-0.2480581877893548
1.2246772759630786	-0.0	-0.2505740211094256
1.2261781059581316	-0.0	-0.2530846311141344
1.2276789359531841	-0.0	-0.2555899748922731
1.2291797659482369	-0.0	-0.2580900096417826
1.2306805959432898	-0.0	-0.2605846926693267
1.2321814259383426	-0.0	-0.2630739813955263
1.2336822559333955	-0.0	-0.2655578333683111
1.235183085928448	-0.0	-0.26803620623333074
1.2366839159235008	-0.0	-0.27050905775168943
1.2381847459185538	-0.0	-0.27297634581265134
1.2396855759136065	-0.0	-0.2754380284128722
1.2411864059086595	-0.0	-0.277894063662151
1.2426872359037122	-0.0	-0.28034440978981007
1.2441880658987647	-0.0	-0.2827890251423834
1.2456888958938177	-0.0	-0.2852278681791413
1.2471897258888704	-0.0	-0.28766089747258966
1.2486905558839234	-0.0	-0.29008807172463336
1.2501913858789762	-0.0	-0.29250934975176274
1.251692215874029	-0.0	-0.2949246904729222
1.2531930458690816	-0.0	-0.29733405294503595
1.2546938758641344	-0.0	-0.2997373963284993
1.2561947058591874	-0.0	-0.30213467990169585
1.25769553585424	-0.0	-0.3045258630760515
1.2591963658492928	-0.0	-0.3069109053751366
1.2606971958443456	-0.0	-0.30928976643999195
1.2621980258393983	-0.0	-0.3116624060309785
1.2636988558344513	-0.0	-0.31402878402585377
1.265199685829504	-0.0	-0.31638886042310077
1.2667005158245568	-0.0	-0.3187425953518773
1.2682013458196095	-0.0	-0.3210899490580539
1.2697021758146623	-0.0	-0.32343088190280755
1.2712030058097152	-0.0	-0.3257653543724055
1.272703835804768	-0.0	-0.3280933270698642
1.2742046657998207	-0.0	-0.33041476072771
1.2757054957948735	-0.0	-0.3327296162108455
1.2772063257899262	-0.0	-0.33503785447588275
1.2787071557849792	-0.0	-0.33733943662068683
1.280207985780032	-0.0	-0.339634323874778
1.2817088157750849	-0.0	-0.3419224775747167
1.2832096457701374	-0.0	-0.3442038591930647
1.2847104757651902	-0.0	-0.3464784303252541
1.2862113057602431	-0.0	-0.3487461526943779
1.2877121357552959	-0.0	-0.3510069881332138
1.2892129657503488	-0.0	-0.3532608986080254
1.2907137957454016	-0.0	-0.355507846219413
1.292214625740454	-0.0	-0.357747793181601
1.293715455735507	-0.0	-0.35998070184418585
1.2952162857305598	-0.0	-0.362206534675363
1.2967171157256128	-0.0	-0.36442525427612943
1.2982179457206655	-0.0	-0.36663682336940967
1.2997187757157183	-0.0	-0.3688412048052155
1.301219605710771	-0.0	-0.37103836157335096
1.3027204357058237	-0.0	-0.3732282567765229
1.3042212657008767	-0.0	-0.3754108536536424
1.3057220956959295	-0.0	-0.37758611557782806
1.3072229256909822	-0.0	-0.3797540060414628
1.308723755686035	-0.0	-0.3819144886700272
1.3102245856810877	-0.0	-0.3840675272155712
1.3117254156761406	-0.0	-0.3862130855659054
1.3132262456711934	-0.0	-0.38835112774750463
1.3147270756662461	-0.0	-0.3904816178984518
1.3162279056612989	-0.0	-0.3926045203038161
1.3177287356563516	-0.0	-0.39471979937762175
1.3192295656514046	-0.0	-0.3968274196599261
1.3207303956464573	-0.0	-0.3989273458264361
1.32223122564151	-0.0	-0.401019542681555
1.3237320556365628	-0.0	-0.4031039751739351
1.3252328856316156	-0.0	-0.40518060838397635
1.3267337156266685	-0.0	-0.40724940752232835
1.3282345456217213	-0.0	-0.4093103379329786
1.3297353756167742	-0.0	-0.41136336510148236
1.3312362056118268	-0.0	-0.4134084546348599
1.3327370356068795	-0.0	-0.4154455722895221
1.3342378656019325	-0.0	-0.41747468396596243
1.3357386955969852	-0.0	-0.4194957556777435
1.3372395255920382	-0.0	-0.4215087535860984
1.3387403555870907	-0.0	-0.42351364399146074
1.3402411855821437	-0.0	-0.4255103933349811
1.3417420155771964	-0.0	-0.4274989681975651
1.3432428455722492	-0.0	-0.42947933529525045
1.3447436755673021	-0.0	-0.43145146148810204
1.3462445055623549	-0.0	-0.43341531375855613
1.3477453355574076	-0.0	-0.435370859245319
1.3492461655524604	-0.0	-0.43731806523539607
1.350746995547513	-0.0	-0.43925689913858956
1.352247825542566	-0.0	-0.44118732851409204
1.3537486555376188	-0.0	-0.4431093210654747
1.3552494855326715	-0.0	-0.4450228446456991
1.3567503155277243	-0.0	-0.4469278672329092
1.358251145522777	-0.0	-0.4488243569600025
1.35975197551783	-0.0	-0.4507122821113195
1.3612528055128827	-0.0	-0.45259161109266594
1.3627536355079355	-0.0	-0.45446231247854524
1.3642544655029882	-0.0	-0.45632435499044693
1.365755295498041	-0.0	-0.4581777074729162
1.367256125493094	-0.0	-0.4600223389317799
1.3687569554881467	-0.0	-0.4618582185293383
1.3702577854831994	-0.0	-0.4636853155535363
1.3717586154782522	-0.0	-0.4655035994579281
1.3732594454733051	-0.0	-0.467313039844478
1.3747602754683579	-0.0	-0.46911360645531236
1.3762611054634106	-0.0	-0.47090526919039966
1.3777619354584634	-0.0	-0.472687998087614
1.3792627654535161	-0.0	-0.47446176335489587
1.380763595448569	-0.0	-0.4762265353492799
1.3822644254436218	-0.0	-0.4779822845592156
1.3837652554386746	-0.0	-0.4797289816411288
1.3852660854337275	-0.0	-0.48146659741106257
1.38676691542878	-0.0	-0.48319510282905026
1.388267745423833	-0.0	-0.48491446900581003
1.3897685754188858	-0.0	-0.4866246672240866
1.3912694054139385	-0.0	-0.48832566890650925
1.3927702354089915	-0.0	-0.4900174456281677
1.3942710654040442	-0.0	-0.4916999691332928
1.395771895399097	-0.0	-0.49337321133015294
1.3972727253941497	-0.0	-0.4950371442762032
1.3987735553892024	-0.0	-0.496691740174424
1.4002743853842554	-0.0	-0.4983369714054997
1.4017752153793082	-0.0	-0.4999728105050714
1.403276045374361	-0.0	-0.5015992301651057
1.4047768753694136	-0.0	-0.5032162032378338
1.4062777053644664	-0.0	-0.5048237027410775
1.4077785353595194	-0.0	-0.5064217018562888
1.409279365354572	-0.0	-0.5080101739305292
1.4107801953496248	-0.0	-0.5095890924700887
1.4122810253446776	-0.0	-0.5111584311339953
1.4137818553397306	-0.0	-0.512718163764196
1.4152826853347833	-0.0	-0.5142682643597581
1.416783515329836	-0.0	-0.5158087070848039
1.4182843453248888	-0.0	-0.5173394662794574
1.4197851753199415	-0.0	-0.5188605164406125
1.4212860053149945	-0.0	-0.52037183223497
1.4227868353100472	-0.0	-0.521873388501442
1.4242876653051	-0.0	-0.5233651602498391
1.4257884953001527	-0.0	-0.5248471226519006
1.4272893252952055	-0.0	-0.5263192510468427
1.4287901552902584	-0.0	-0.5277815209652157
1.4302909852853112	-0.0	-0.5292339080986477
1.431791815280364	-0.0	-0.5306763883006217
1.4332926452754169	-0.0	-0.5321089376089643
1.4347934752704694	-0.0	-0.5335315322390758
1.4362943052655224	-0.0	-0.534944148569747
1.4377951352605751	-0.0	-0.5363467631597286
1.4392959652556279	-0.0	-0.5377393527498212
1.4407967952506808	-0.0	-0.5391218942421254
1.4422976252457334	-0.0	-0.5404943647316475
1.4437984552407863	-0.0	-0.5418567414856237
1.445299285235839	-0.0	-0.5432090019462752
1.446800115230892	-0.0	-0.5445511237400371
1.4483009452259448	-0.0	-0.545883084666758
1.4498017752209975	-0.0	-0.5472048627158627
1.4513026052160503	-0.0	-0.5485164360513181
1.452803435211103	-0.0	-0.5498177830203611
1.454304265206156	-0.0	-0.551108882153832
1.4558050952012087	-0.0	-0.5523897121631604
1.4573059251962615	-0.0	-0.5536602519499805
1.4588067551913142	-0.0	-0.5549204805882126
1.460307585186367	-0.0	-0.5561703773390788
1.46180841518142	-0.0	-0.5574099216607565
1.4633092451764727	-0.0	-0.5586390932011852
1.4648100751715254	-0.0	-0.559857871782901
1.4663109051665781	-0.0	-0.5610662374126538
1.4678117351616309	-0.0	-0.5622641702906906
1.4693125651566838	-0.0	-0.5634516508062808
1.4708133951517366	-0.0	-0.564628659547979
1.4723142251467893	-0.0	-0.5657951772806386
1.473815055141842	-0.0	-0.5669511849628318
1.4753158851368948	-0.0	-0.568096663758816
1.4768167151319478	-0.0	-0.5692315950116058
1.4783175451270005	-0.0	-0.5703559602583798
1.4798183751220533	-0.0	-0.5714697412308857
1.481319205117106	-0.0	-0.5725729198532593
1.4828200351121588	-0.0	-0.5736654782495512
1.4843208651072117	-0.0	-0.5747473987306881
1.4858216951022645	-0.0	-0.5758186638206978
1.4873225250973174	-0.0	-0.5768792562267298
1.4888233550923702	-0.0	-0.5779291588466944
1.4903241850874227	-0.0	-0.5789683547960407
1.4918250150824757	-0.0	-0.5799968273773719
1.4933258450775284	-0.0	-0.5810145600876019
1.4948266750725814	-0.0	-0.5820215366338419
1.4963275050676341	-0.0	-0.5830177409221003
1.4978283350626869	-0.0	-0.5840031570526044
1.4993291650577396	-0.0	-0.5849777693342245
1.5008299950527924	-0.0	-0.5859415622722506
1.5023308250478453	-0.0	-0.5868945205782118
1.503831655042898	-0.0	-0.5878366291731315
1.5053324850379508	-0.0	-0.5887678731761538
1.5068333150330036	-0.0	-0.5896882379007521
1.5083341450280563	-0.0	-0.5905977088797885
1.5098349750231093	-0.0	-0.5914962718569318
1.511335805018162	-0.0	-0.5923839127644477
1.5128366350132147	-0.0	-0.5932606177503466
1.5143374650082675	-0.0	-0.5941263731725217
1.5158382950033202	-0.0	-0.5949811655922945
1.5173391249983732	-0.0	-0.5958249817811648
1.518839954993426	-0.0	-0.596657808720441
1.5203407849884787	-0.0	-0.5974796336058082
1.5218416149835314	-0.0	-0.5982904438326808
1.5233424449785842	-0.0	-0.5990902270101471
1.5248432749736371	-0.0	-0.5998789709658144
1.5263441049686899	-0.0	-0.6006566637349349
1.5278449349637429	-0.0	-0.6014232935634383
1.5293457649587954	-0.0	-0.6021788489066747
1.5308465949538481	-0.0	-0.6029233184373298
1.532347424948901	-0.0	-0.6036566910430757
1.5338482549439538	-0.0	-0.6043789558276257
1.5353490849390068	-0.0	-0.6050901021013576
1.5368499149340595	-0.0	-0.6057901194008429
1.538350744929112	-0.0	-0.6064789974682641
1.539851574924165	-0.0	-0.6071567262629904
1.5413524049192178	-0.0	-0.6078232959680893
1.5428532349142707	-0.0	-0.6084786969729403
1.5443540649093235	-0.0	-0.6091229198973529
1.545854894904376	-0.0	-0.609755955568004
1.547355724899429	-0.0	-0.610377795031828
1.5488565548944817	-0.0	-0.610988429557552
1.5503573848895347	-0.0	-0.611587850632218
1.5518582148845874	-0.0	-0.6121760499568385
1.5533590448796402	-0.0	-0.6127530194647034
1.5548598748746927	-0.0	-0.6133187513019999
1.5563607048697456	-0.0	-0.6138732378292547
1.5578615348647986	-0.0	-0.6144164716355925
1.5593623648598514	-0.0	-0.6149484455263083
1.560863194854904	-0.0	-0.6154691525401956
1.5623640248499568	-0.0	-0.6159785859203827
1.5638648548450098	-0.0	-0.6164767391386512
1.5653656848400623	-0.0	-0.616963605897193
1.5668665148351153	-0.0	-0.6174391801162568
1.568367344830168	-0.0	-0.6179034559450405
1.5698681748252208	-0.0	-0.6183564277377053
1.5713690048202735	-0.0	-0.6187980900903628
1.5728698348153265	-0.0	-0.6192284378211756
1.5743706648103795	-0.0	-0.6196474659595762
1.575871494805432	-0.0	-0.6200551697759853
1.5773723248004847	-0.0	-0.620451544760545
1.5788731547955377	-0.0	-0.6208365866168306
1.5803739847905902	-0.0	-0.6212102912887216
1.5818748147856432	-0.0	-0.6215726549453854
1.5833756447806961	-0.0	-0.6219236739685717
1.584876474775749	-0.0	-0.6222633449805568
1.5863773047708014	-0.0	-0.6225916648202492
1.5878781347658544	-0.0	-0.6229086305567831
1.5893789647609073	-0.0	-0.6232142394837483
1.5908797947559599	-0.0	-0.6235084891270862
1.5923806247510128	-0.0	-0.623791377237638
1.5938814547460656	-0.0	-0.6240629017808984
1.595382284741118	-0.0	-0.6243230609672715
1.596883114736171	-0.0	-0.6245718532258282
1.598383944731224	-0.0	-0.6248092772137382
1.5998847747262768	-0.0	-0.6250353318184521
1.6013856047213293	-0.0	-0.6252500161486947
1.6028864347163823	-0.0	-0.625453329546394
1.6043872647114352	-0.0	-0.6256452715806332
1.6058880947064877	-0.0	-0.6258258420517199
1.6073889247015407	-0.0	-0.6259950409825858
1.6088897546965935	-0.0	-0.626152868617419
1.6103905846916464	-0.0	-0.626299325441211
1.611891414686699	-0.0	-0.6264344121655172
1.613392244681752	-0.0	-0.6265581297282161
1.6148930746768049	-0.0	-0.6266704792918082
1.6163939046718574	-0.0	-0.6267714622478355
1.6178947346669101	-0.0	-0.626861080216013
1.619395564661963	-0.0	-0.6269393350454117
1.6208963946570156	-0.0	-0.627006228817695
1.6223972246520686	-0.0	-0.6270617638369477
1.6238980546471213	-0.0	-0.627105942633023
1.6253988846421743	-0.0	-0.6271387679687641
1.6268997146372268	-0.0	-0.6271602428335503
1.6284005446322798	-0.0	-0.6271703704477906
1.6299013746273328	-0.0	-0.6271691542533814
1.6314022046223853	-0.0	-0.6271565979249224
1.632903034617438	-0.0	-0.6271327053662956
1.634403864612491	-0.0	-0.6270974806946316
1.6359046946075435	-0.0	-0.6270509282688629
1.6374055246025965	-0.0	-0.6269930526710091
1.6389063545976494	-0.0	-0.6269238587106429
1.6404071845927022	-0.0	-0.6268433514240395
1.6419080145877547	-0.0	-0.6267515360730479
1.6434088445828077	-0.0	-0.6266484181515553
1.6449096745778606	-0.0	-0.6265340033712188
1.6464105045729132	-0.0	-0.626408297673403
1.6479113345679661	-0.0	-0.6262713072271274
1.6494121645630189	-0.0	-0.6261230384259223
1.6509129945580718	-0.0	-0.6259634978915738
1.6524138245531244	-0.0	-0.6257926924646182
1.6539146545481773	-0.0	-0.6256106292154753
1.65541548454323	-0.0	-0.6254173154388442
1.6569163145382828	-0.0	-0.6252127586565706
1.6584171445333356	-0.0	-0.6249969666131983
1.6599179745283885	-0.0	-0.6247699472705516
1.661418804523441	-0.0	-0.6245317088211605
1.662919634518494	-0.0	-0.6242822596850345
1.6644204645135467	-0.0	-0.6240216085014045
1.6659212945085997	-0.0	-0.6237497641261438
1.6674221245036522	-0.0	-0.6234667356414947
1.6689229544987052	-0.0	-0.6231725323549133
1.6704237844937582	-0.0	-0.6228671637944738
1.6719246144888107	-0.0	-0.6225506397095805
1.6734254444838634	-0.0	-0.6222229700726597
1.6749262744789164	-0.0	-0.6218841650769683
1.676427104473969	-0.0	-0.6215342351324332
1.6779279344690219	-0.0	-0.6211731908688962
1.6794287644640746	-0.0	-0.6208010431366511
1.6809295944591276	-0.0	-0.6204178030092815
1.6824304244541801	-0.0	-0.620023481774637
1.683931254449233	-0.0	-0.6196180909434594
1.685432084444286	-0.0	-0.619201642246314
1.6869329144393386	-0.0	-0.6187741476188952
1.6884337444343913	-0.0	-0.6183356192254863
1.6899345744294443	-0.0	-0.6178860694454499
1.6914354044244972	-0.0	-0.6174255108702966
1.6929362344195498	-0.0	-0.6169539563119145
1.6944370644146027	-0.0	-0.6164714187937204
1.6959378944096555	-0.0	-0.615977911559203
1.697438724404708	-0.0	-0.6154734480626775
1.698939554399761	-0.0	-0.6149580419696449
1.700440384394814	-0.0	-0.6144317071658729
1.7019412143898665	-0.0	-0.6138944577450702
1.7034420443849194	-0.0	-0.6133463080108648
1.7049428743799722	-0.0	-0.612787272486652
1.7064437043750251	-0.0	-0.6122173659034813
1.7079445343700776	-0.0	-0.6116366031970882
1.7094453643651306	-0.0	-0.6110449995244084
1.7109461943601834	-0.0	-0.6104425702444748
1.712447024355236	-0.0	-0.6098293309260083
1.7139478543502888	-0.0	-0.6092052973518477
1.7154486843453418	-0.0	-0.6085704855035162
1.7169495143403943	-0.0	-0.6079249115755916
1.7184503443354473	-0.0	-0.6072685919732643
1.7199511743305	-0.0	-0.6066015433024162
1.721452004325553	-0.0	-0.6059237823728478
1.7229528343206055	-0.0	-0.6052353262049353
1.7244536643156585	-0.0	-0.6045361920201994
1.7259544943107115	-0.0	-0.6038263972467331
1.727455324305764	-0.0	-0.6031059595123036
1.7289561543008167	-0.0	-0.6023748966461274
1.7304569842958697	-0.0	-0.6016332266814597
1.7319578142909227	-0.0	-0.6008809678590066
1.7334586442859752	-0.0	-0.6001181386147372
1.7349594742810281	-0.0	-0.5993447575792187
1.736460304276081	-0.0	-0.5985608435868901
1.7379611342711334	-0.0	-0.5977664156745095
1.7394619642661864	-0.0	-0.5969614930726465
1.7409627942612393	-0.0	-0.596146095209455
1.7424636242562919	-0.0	-0.5953202417150103
1.7439644542513446	-0.0	-0.5944839524054317
1.7454652842463976	-0.0	-0.593637247297031
1.7469661142414505	-0.0	-0.5927801466037594
1.748466944236503	-0.0	-0.5919126707312349
1.749967774231556	-0.0	-0.5910348402759003
1.7514686042266088	-0.0	-0.5901466760282136
1.7529694342216613	-0.0	-0.5892481989718158
1.7544702642167143	-0.0	-0.5883394302817739
1.7559710942117672	-0.0	-0.5874203913201888
1.75747192420682	-0.0	-0.5864911036402913
1.7589727542018727	-0.0	-0.585551588988579
1.7604735841969255	-0.0	-0.5846018692955034
1.7619744141919784	-0.0	-0.5836419666741396
1.763475244187031	-0.0	-0.582671903430126
1.764976074182084	-0.0	-0.5816917020582155
1.7664769041771367	-0.0	-0.5807013852300602
1.7679777341721894	-0.0	-0.5797009758069075
1.7694785641672421	-0.0	-0.5786904968355963
1.770979394162295	-0.0	-0.5776699715366559
1.772480224157348	-0.0	-0.5766394233267303
1.7739810541524006	-0.0	-0.5755988757958025
1.7754818841474533	-0.0	-0.5745483527088688
1.7769827141425063	-0.0	-0.5734878780205853
1.7784835441375588	-0.0	-0.5724174758592343
1.7799843741326118	-0.0	-0.5713371705361372
1.7814852041276648	-0.0	-0.5702469865381096
1.7829860341227173	-0.0	-0.5691469485253985
1.78448686411777	-0.0	-0.568037081336769
1.785987694112823	-0.0	-0.5669174099865076
1.787488524107876	-0.0	-0.5657879596639418
1.7889893541029285	-0.0	-0.5646487557290752
1.7904901840979814	-0.0	-0.5634998237144837
1.7919910140930342	-0.0	-0.5623411893306224
1.7934918440880867	-0.0	-0.5611728784574579
1.7949926740831397	-0.0	-0.5599949171420083
1.7964935040781926	-0.0	-0.5588073316001838
1.7979943340732454	-0.0	-0.5576101482216311
1.7994951640682981	-0.0	-0.5564033935589989
1.8009959940633509	-0.0	-0.555187094333698
1.8024968240584038	-0.0	-0.5539612774382223
1.8039976540534564	-0.0	-0.5527259699261629
1.8054984840485093	-0.0	-0.5514811990131872
1.806999314043562	-0.0	-0.5502269920848996
1.8085001440386146	-0.0	-0.5489633766907568
1.8100009740336676	-0.0	-0.5476903805365221
1.8115018040287205	-0.0	-0.546408031491007
1.8130026340237735	-0.0	-0.5451163575866993
1.814503464018826	-0.0	-0.543815387014502
1.8160042940138788	-0.0	-0.5425051481237984
1.8175051240089317	-0.0	-0.5411856694208235
1.8190059540039842	-0.0	-0.5398569795741952
1.8205067839990372	-0.0	-0.5385191074094388
1.82200761399409	-0.0	-0.5371720819005454
1.8235084439891427	-0.0	-0.5358159321789414
1.8250092739841954	-0.0	-0.5344506875352818
1.8265101039792484	-0.0	-0.5330763774108234
1.8280109339743014	-0.0	-0.5316930313962224
1.8295117639693539	-0.0	-0.5303006792398941
1.8310125939644066	-0.0	-0.5288993508376743
1.8325134239594596	-0.0	-0.5274890762319597
1.8340142539545121	-0.0	-0.5260698856190867
1.835515083949565	-0.0	-0.5246418093450691
1.837015913944618	-0.0	-0.5232048778998271
1.8385167439396708	-0.0	-0.5217591219222418
1.8400175739347233	-0.0	-0.5203045721963911
1.8415184039297763	-0.0	-0.518841259648406
1.8430192339248292	-0.0	-0.5173692153541777
1.8445200639198818	-0.0	-0.5158884705322192
1.8460208939149347	-0.0	-0.5143990565405443
1.8475217239099875	-0.0	-0.5129010048809539
1.84902255390504	-0.0	-0.5113943471949439
1.850523383900093	-0.0	-0.5098791152665765
1.852024213895146	-0.0	-0.5083553410170432
1.8535250438901987	-0.0	-0.5068230565056352
1.8550258738852514	-0.0	-0.5052822939317045
1.8565267038803042	-0.0	-0.5037330856329483
1.8580275338753571	-0.0	-0.5021754640787232
1.8595283638704097	-0.0	-0.5006094618719135
1.8610291938654626	-0.0	-0.49903511175732246
1.8625300238605154	-0.0	-0.49745244661338284
1.864030853855568	-0.0	-0.49586149944385294
1.8655316838506208	-0.0	-0.4942623033856025
1.8670325138456738	-0.0	-0.49265489171113264
1.8685333438407268	-0.0	-0.49103929782113187
1.8700341738357793	-0.0	-0.4894155552476249
1.871535003830832	-0.0	-0.4877836976488684
1.873035833825885	-0.0	-0.48614375881185207
1.8745366638209375	-0.0	-0.4844957726510967
1.8760374938159905	-0.0	-0.4828397732061345
1.8775383238110435	-0.0	-0.4811757946456515
1.8790391538060962	-0.0	-0.4795038712598728
1.8805399838011487	-0.0	-0.4778240374614921
1.8820408137962017	-0.0	-0.47613632779002674
1.8835416437912547	-0.0	-0.4744407769047209
1.8850424737863072	-0.0	-0.47273741958611293
1.88654330378136	-0.0	-0.4710262907377089
1.888044133776413	-0.0	-0.4693074253799168
1.8895449637714654	-0.0	-0.4675808586541199
1.8910457937665184	-0.0	-0.46584662582361963
1.8925466237615713	-0.0	-0.46410476226186925
1.894047453756624	-0.0	-0.4623553034601487
1.8955482837516766	-0.0	-0.46059828503041234
1.8970491137467296	-0.0	-0.45883374269708754
1.8985499437417825	-0.0	-0.4570617122971714
1.900050773736835	-0.0	-0.455282229783014
1.901551603731888	-0.0	-0.453495331221431
1.9030524337269408	-0.0	-0.45170105278703193
1.9045532637219937	-0.0	-0.4498994307675925
1.9060540937170463	-0.0	-0.4480905015631301
1.9075549237120992	-0.0	-0.44627430167769705
1.909055753707152	-0.0	-0.4444508677291224
1.9105565837022047	-0.0	-0.442620236443029
1.9120574136972575	-0.0	-0.44078244464989313
1.9135582436923104	-0.0	-0.4389375292888958
1.915059073687363	-0.0	-0.437085527401658
1.916559903682416	-0.0	-0.43522647613735427
1.9180607336774687	-0.0	-0.43336041274709514
1.9195615636725216	-0.0	-0.43148737458821323
1.9210623936675741	-0.0	-0.42960739911915413
1.922563223662627	-0.0	-0.427720523897165
1.92406405365768	-0.0	-0.4258267865852062
1.9255648836527326	-0.0	-0.42392622494407345
1.9270657136477853	-0.0	-0.42201887683416833
1.9285665436428383	-0.0	-0.4201047802151607
1.9300673736378908	-0.0	-0.41818397314194344
1.9315682036329438	-0.0	-0.4162564937699863
1.9330690336279968	-0.0	-0.41432238034945024
1.9345698636230495	-0.0	-0.41238167122712
1.936070693618102	-0.0	-0.41043440484399546
1.937571523613155	-0.0	-0.40848061973304456
1.939072353608208	-0.0	-0.40652035452286045
1.9405731836032605	-0.0	-0.404553647935382
1.9420740135983134	-0.0	-0.4025805387818349
1.9435748435933662	-0.0	-0.4006010659650567
1.9450756735884192	-0.0	-0.39861526848107826
1.9465765035834717	-0.0	-0.3966231854113612
1.9480773335785246	-0.0	-0.39462485592791585
1.9495781635735774	-0.0	-0.39262031929186325
1.95107899356863	-0.0	-0.3906096148490294
1.9525798235636829	-0.0	-0.38859278203291314
1.9540806535587358	-0.0	-0.3865698603639605
1.9555814835537884	-0.0	-0.3845408894452279
1.9570823135488413	-0.0	-0.3825059089671073
1.958583143543894	-0.0	-0.3804649587009457
1.960083973538947	-0.0	-0.3784180785001135
1.9615848035339996	-0.0	-0.37636530830345793
1.9630856335290525	-0.0	-0.37430668812814144
1.9645864635241053	-0.0	-0.3722422580724529
1.966087293519158	-0.0	-0.37017205831472094
1.9675881235142108	-0.0	-0.36809612911325834
1.9690889535092637	-0.0	-0.3660145108016281
1.9705897835043162	-0.0	-0.3639272437938444
1.9720906134993692	-0.0	-0.3618343685809606
1.973591443494422	-0.0	-0.3597359257274123
1.975092273489475	-0.0	-0.3576319558756914
1.9765931034845274	-0.0	-0.355522499741034
1.9780939334795804	-0.0	-0.35340759811315403
1.9795947634746334	-0.0	-0.35128729185449564
1.981095593469686	-0.0	-0.34916162190017774
1.9825964234647386	-0.0	-0.34703062925765665
1.9840972534597916	-0.0	-0.34489435500429155
1.9855980834548446	-0.0	-0.3427528402874812
1.987098913449897	-0.0	-0.3406061263248557
1.98859974344495	-0.0	-0.3384542544030696
1.9901005734400028	-0.0	-0.3362972658738284
1.9916014034350553	-0.0	-0.33413520215866677
1.9931022334301083	-0.0	-0.3319681047466874
1.9946030634251612	-0.0	-0.32979601519025253
1.9961038934202138	-0.0	-0.3276189751074384
1.9976047234152667	-0.0	-0.325437026181629
1.9991055534103195	-0.0	-0.3232502101588847
2.0006063834053722	-0.0	-0.32105856884669914
2.002107213400425	-0.0	-0.31886214411755204
2.0036080433954777	-0.0	-0.31666097790443143
2.005108873390531	-0.0	-0.31445511220005007
2.006609703385583	-0.0	-0.31224458905629987
2.0081105333806364	-0.0	-0.31002945058504944
2.009611363375689	-0.0	-0.3078097389589994
2.011112193370742	-0.0	-0.3055854964053806
2.0126130233657946	-0.0	-0.3033567652092855
2.0141138533608474	-0.0	-0.3011235877132358
2.0156146833559005	-0.0	-0.29888600631339113
2.017115513350953	-0.0	-0.29664406346212907
2.0186163433460056	-0.0	-0.2943978016656732
2.020117173341059	-0.0	-0.29214726348321723
2.021618003336111	-0.0	-0.28989249152749796
2.0231188333311643	-0.0	-0.2876335284610506
2.024619663326217	-0.0	-0.2853704169995144
2.0261204933212698	-0.0	-0.28310319990913135
2.0276213233163225	-0.0	-0.28083192000382895
2.0291221533113752	-0.0	-0.2785566201485652
2.0306229833064284	-0.0	-0.27627734325579384
2.0321238133014807	-0.0	-0.27399413228575353
2.0336246432965335	-0.0	-0.2717070302452127
2.0351254732915867	-0.0	-0.26941608018633867
2.036626303286639	-0.0	-0.2671213252076391
2.038127133281692	-0.0	-0.26482280845223694
2.039627963276745	-0.0	-0.2625205731074408
2.0411287932717976	-0.0	-0.2602146624021535
2.0426296232668504	-0.0	-0.25790511960840695
2.044130453261903	-0.0	-0.25559198804021555
2.0456312832569563	-0.0	-0.2532753110529936
2.0471321132520086	-0.0	-0.2509551320429799
2.048632943247062	-0.0	-0.24863149444350885
2.0501337732421145	-0.0	-0.24630444172781446
2.0516346032371673	-0.0	-0.24397401740856586
2.05313543323222	-0.0	-0.24164026503477642
2.0546362632272728	-0.0	-0.23930322819103647
2.0561370932223255	-0.0	-0.23696295049883304
2.0576379232173783	-0.0	-0.23461947561457816
2.059138753212431	-0.0	-0.2322728472286772
2.060639583207484	-0.0	-0.22992310906618532
2.0621404132025365	-0.0	-0.22757030488506
2.0636412431975897	-0.0	-0.2252144784744502
2.0651420731926424	-0.0	-0.22285567365554027
2.066642903187695	-0.0	-0.22049393428032238
2.068143733182748	-0.0	-0.218129304230087
2.0696445631778007	-0.0	-0.2157618274167267
2.071145393172854	-0.0	-0.21339154777949054
2.072646223167906	-0.0	-0.2110185092857862
2.074147053162959	-0.0	-0.2086427559305836
2.075647883158012	-0.0	-0.2062643317340038
2.0771487131530644	-0.0	-0.20388328074417625
2.0786495431481176	-0.0	-0.2014996470317924
2.0801503731431703	-0.0	-0.19911347469117155
2.081651203138223	-0.0	-0.19672480784273177
2.083152033133276	-0.0	-0.19433369062748146
2.0846528631283285	-0.0	-0.19194016720858645
2.0861536931233817	-0.0	-0.189544281771377
2.087654523118434	-0.0	-0.18714607852098994
2.089155353113487	-0.0	-0.18474560168198256
2.09065618310854	-0.0	-0.1823428954980968
2.0921570131035927	-0.0	-0.1799380042320697
2.0936578430986454	-0.0	-0.17753097216358538
2.095158673093698	-0.0	-0.175121843588542
2.096659503088751	-0.0	-0.17271066281939285
2.0981603330838037	-0.0	-0.170297474184238
2.0996611630788564	-0.0	-0.16788232202551562
2.1011619930739096	-0.0	-0.1654652506994404
2.102662823068962	-0.0	-0.16304630457493324
2.104163653064015	-0.0	-0.16062552803426616
2.105664483059068	-0.0	-0.1582029654703172
2.1071653130541206	-0.0	-0.15577866128590462
2.1086661430491733	-0.0	-0.15335265989674823
2.110166973044226	-0.0	-0.15092500572671885
2.111667803039279	-0.0	-0.14849574320734818
2.1131686330343316	-0.0	-0.14606491677926672
2.1146694630293843	-0.0	-0.1436325708898968
2.1161702930244375	-0.0	-0.14119874999267099
2.11767112301949	-0.0	-0.13876349854739295
2.119171953014543	-0.0	-0.13632686101909422
2.1206727830095957	-0.0	-0.1338888818761478
2.1221736130046485	-0.0	-0.13144960559065905
2.123674442999701	-0.0	-0.12900907663831745
2.125175272994754	-0.0	-0.12656733949547833
2.126676102989807	-0.0	-0.12412443864029662
2.1281769329848594	-0.0	-0.12168041855259637
2.129677762979912	-0.0	-0.11923532371077754
2.1311785929749654	-0.0	-0.11678919859252695
2.132679422970018	-0.0	-0.11434208767359083
2.134180252965071	-0.0	-0.11189403542816417
2.1356810829601236	-0.0	-0.109445086326674
2.1371819129551763	-0.0	-0.10699528483583126
2.138682742950229	-0.0	-0.10454467541772586
2.140183572945282	-0.0	-0.1020933025291412
2.141684402940335	-0.0	-0.09964121062078561
2.1431852329353873	-0.0	-0.09718844413604515
2.1446860629304405	-0.0	-0.0947350475114887
2.1461868929254933	-0.0	-0.09228106517523015
2.147687722920546	-0.0	-0.08982654154634588
2.1491885529155987	-0.0	-0.08737152103397201
2.1506893829106515	-0.0	-0.08491604803680507
2.1521902129057042	-0.0	-0.08246016694301651
2.153691042900757	-0.0	-0.08000392212764626
2.1551918728958097	-0.0	-0.07754735795344414
2.156692702890863	-0.0	-0.0750905187703833
2.158193532885915	-0.0	-0.07263344891420269
2.1596943628809684	-0.0	-0.0701761927051021
2.161195192876021	-0.0	-0.06771879444749138
2.162696022871074	-0.0	-0.06526129843089425
2.1641968528661266	-0.0	-0.06280374892677092
2.1656976828611794	-0.0	-0.060346190188751585
2.1671985128562326	-0.0	-0.057888666452072364
2.168699342851285	-0.0	-0.0554312219331268
2.1702001728463376	-0.0	-0.0529739008284326
2.171701002841391	-0.0	-0.05051674731345838
2.1732018328364435	-0.0	-0.048059805542258485
2.1747026628314963	-0.0	-0.04560311964670432
2.176203492826549	-0.0	-0.043146733736536366
2.1777043228216018	-0.0	-0.04069069189741542
2.1792051528166545	-0.0	-0.03823503819070996
2.1807059828117072	-0.0	-0.0357798166530534
2.1822068128067604	-0.0	-0.03332507129530851
2.1837076428018127	-0.0	-0.03087084610219403
2.1852084727968655	-0.0	-0.02841718503085377
2.1867093027919187	-0.0	-0.02596413201075835
2.1882101327869714	-0.0	-0.023511730943142312
2.189710962782024	-0.0	-0.02106002570016844
2.191211792777077	-0.0	-0.018609060123121173
2.1927126227721296	-0.0	-0.01615887802337521
2.1942134527671824	-0.0	-0.013709523181251227
2.195714282762235	-0.0	-0.011261039344215065
2.1972151127572883	-0.0	-0.008813470227461437
2.198715942752341	-0.0	-0.006366859512620536
2.200216772747394	-0.0	-0.003921250847176652
2.2017176027424465	-0.0	-0.0014766878440936727
2.2032184327374993	0.0	0.0009667859196135349
2.204719262732552	0.0	0.0034091269033611113
2.2062200927276048	0.0	0.00585029160319501
2.2077209227226575	0.0	0.00829023655252149
2.2092217527177103	0.0	0.01072891832338779
2.210722582712763	0.0	0.01316629352661158
2.212223412707816	0.0	0.015602318812565784
2.213724242702869	0.0	0.01803695087286148
2.2152250726979217	0.0	0.02047014643923714
2.2167259026929744	0.0	0.022901862285180284
2.218226732688027	0.0	0.025332055227621924
2.21972756268308	0.0	0.027760682125753007
2.2212283926781327	0.0	0.030187699881863532
2.222729222673186	0.0	0.03261306544349707
2.224230052668238	0.0	0.035036735803418366
2.225730882663291	0.0	0.03745866799992083
2.227231712658344	0.0	0.03987881911782515
2.228732542653397	0.0	0.042297146288798326
2.2302333726484496	0.0	0.044713606692581176
2.2317342026435023	0.0	0.04712815755726804
2.233235032638555	0.0	0.04954075615981881
2.234735862633608	0.0	0.05195135982749915
2.2362366926286605	0.0	0.05435992593731176
2.2377375226237137	0.0	0.05676641191737189
2.2392383526187665	0.0	0.05917077524836366
2.2407391826138188	0.0	0.06157297346225362
2.242240012608872	0.0	0.06397296414453889
2.2437408426039247	0.0	0.0663707049343488
2.2452416725989774	0.0	0.06876615352490849
2.24674250259403	0.0	0.0711592676648345
2.248243332589083	0.0	0.07355000515808979
2.2497441625841357	0.0	0.07593832386471532
2.2512449925791884	0.0	0.0783241817014496
2.2527458225742416	0.0	0.08070753664274931
2.2542466525692944	0.0	0.08308834672142155
2.255747482564347	0.0	0.08546657002925606
2.2572483125594	0.0	0.0878421647166311
2.2587491425544526	0.0	0.09021508899391202
2.2602499725495053	0.0	0.09258530113267065
2.261750802544558	0.0	0.09495275946564256
2.263251632539611	0.0	0.09731742238693049
2.2647524625346636	0.0	0.09967924835386177
2.2662532925297163	0.0	0.10203819588663347
2.2677541225247695	0.0	0.10439422356866498
2.2692549525198222	0.0	0.10674729004823809
2.270755782514875	0.0	0.10909735403818148
2.2722566125099277	0.0	0.11144437431726467
2.2737574425049805	0.0	0.11378830972953337
2.275258272500033	0.0	0.11612911918641088
2.276759102495086	0.0	0.1184667616669858
2.278259932490139	0.0	0.12080119621833459
2.279760762485192	0.0	0.12313238195573072
2.281261592480244	0.0	0.12546027806268514
2.2827624224752974	0.0	0.12778484379327767
2.28426325247035	0.0	0.13010603847236152
2.285764082465403	0.0	0.13242382149511944
2.2872649124604556	0.0	0.1347381523284854
2.2887657424555083	0.0	0.1370489905110812
2.290266572450561	0.0	0.13935629565392232
2.291767402445614	0.0	0.14166002744194517
2.293268232440667	0.0	0.14396014563363008
2.2947690624357198	0.0	0.14625661006180465
2.2962698924307725	0.0	0.1485493806340402
2.2977707224258253	0.0	0.15083841733372438
2.299271552420878	0.0	0.1531236802201456
2.3007723824159307	0.0	0.15540512942949167
2.3022732124109835	0.0	0.1576827251749757
2.3037740424060362	0.0	0.15995642774739907
2.3052748724010894	0.0	0.16222619751650727
2.3067757023961417	0.0	0.1644919949307089
2.308276532391195	0.0	0.16675378051698564
2.3097773623862476	0.0	0.16901151488309066
2.3112781923813004	0.0	0.17126515871812759
2.312779022376353	0.0	0.17351467279145483
2.314279852371406	0.0	0.17576001795367968
2.3157806823664586	0.0	0.17800115513805786
2.3172815123615114	0.0	0.18023804536095148
2.318782342356564	0.0	0.182470649722038
2.3202831723516173	0.0	0.18469892940406296
2.3217840023466696	0.0	0.18692284567455542
2.323284832341723	0.0	0.18914235988710373
2.3247856623367755	0.0	0.19135743347990863
2.3262864923318283	0.0	0.19356802797571843
2.327787322326881	0.0	0.19577410498613798
2.3292881523219338	0.0	0.1979756262095135
2.3307889823169865	0.0	0.2001725534298878
2.3322898123120392	0.0	0.20236484852143846
2.3337906423070924	0.0	0.20455247344703797
2.335291472302145	0.0	0.20673539025764087
2.3367923022971975	0.0	0.2089135610946996
2.3382931322922507	0.0	0.2110869481898362
2.3397939622873034	0.0	0.2132555138645233
2.341294792282356	0.0	0.21541922053335286
2.342795622277409	0.0	0.21757803070163428
2.3442964522724616	0.0	0.2197319069665272
2.345797282267515	0.0	0.22188081202002122
2.347298112262567	0.0	0.22402470864605317
2.3487989422576203	0.0	0.2261635597217394
2.350299772252673	0.0	0.22829732822026752
2.351800602247726	0.0	0.23042597720956265
2.3533014322427785	0.0	0.2325494698516494
2.3548022622378313	0.0	0.2346677694054744
2.356303092232884	0.0	0.23678083922765306
2.3578039222279368	0.0	0.23888864277112165
2.3593047522229895	0.0	0.24099114358508208
2.3608055822180427	0.0	0.2430883053173458
2.362306412213095	0.0	0.24518009171593577
2.363807242208148	0.0	0.24726646662573698
2.365308072203201	0.0	0.24934739399058145
2.3668089021982537	0.0	0.251422837858609
2.3683097321933064	0.0	0.25349276237526314
2.369810562188359	0.0	0.2555571317870609
2.371311392183412	0.0	0.25761591044346577
2.3728122221784647	0.0	0.25966906279448115
2.374313052173518	0.0	0.2617165533945915
2.3758138821685706	0.0	0.26375834690084854
2.377314712163623	0.0	0.265794408072892
2.378815542158676	0.0	0.26782470177645407
2.380316372153729	0.0	0.26984919298008847
2.3818172021487816	0.0	0.27186784675709125
2.3833180321438343	0.0	0.27388062828934534
2.384818862138887	0.0	0.275887502863497
2.3863196921339402	0.0	0.2778884358712284
2.3878205221289925	0.0	0.27988339281330343
2.3893213521240457	0.0	0.28187233929793526
2.3908221821190985	0.0	0.2838552410407773
2.3923230121141508	0.0	0.28583206386735044
2.393823842109204	0.0	0.2878027737117324
2.3953246721042567	0.0	0.28976733661767173
2.3968255020993094	0.0	0.29172571873895103
2.398326332094362	0.0	0.29367788634082237
2.399827162089415	0.0	0.29562380580003034
2.401327992084468	0.0	0.2975634436045995
2.4028288220795204	0.0	0.2994967663544053
2.4043296520745736	0.0	0.3014237407618999
2.4058304820696264	0.0	0.3033443336533445
2.407331312064679	0.0	0.30525851196949333
2.408832142059732	0.0	0.30716624276541127
2.4103329720547846	0.0	0.30906749321035565
2.4118338020498373	0.0	0.3109622305885719
2.41333463204489	0.0	0.3128504223008605
2.414835462039943	0.0	0.3147320358649609
2.416336292034996	0.0	0.3166070389140141
2.4178371220300483	0.0	0.3184753991985417
2.4193379520251015	0.0	0.32033708458907634
2.4208387820201542	0.0	0.3221920630733023
2.422339612015207	0.0	0.3240403027574495
2.4238404420102597	0.0	0.325881771868124
2.4253412720053125	0.0	0.3277164387512244
2.4268421020003657	0.0	0.3295442718730024
2.428342931995418	0.0	0.3313652398212119
2.429843761990471	0.0	0.33317931130573314
2.431344591985524	0.0	0.33498645515826764
2.432845421980576	0.0	0.3367866403322617
2.4343462519756294	0.0	0.3385798359047191
2.435847081970682	0.0	0.34036601107724096
2.437347911965735	0.0	0.34214513517547585
2.4388487419607876	0.0	0.3439171776478275
2.4403495719558403	0.0	0.3456821080693429
2.4418504019508935	0.0	0.34743989614303017
2.443351231945946	0.0	0.3491905116944122
2.444852061940999	0.0	0.350933924676871
2.4463528919360518	0.0	0.3526701051730906
2.447853721931104	0.0	0.35439902339212553
2.4493545519261573	0.0	0.3561206496731228
2.45085538192121	0.0	0.3578349544829083
2.452356211916263	0.0	0.3595419084161119
2.4538570419113155	0.0	0.3612414821999525
2.4553578719063682	0.0	0.3629336466926383
2.4568587019014214	0.0	0.36461837288241894
2.4583595318964737	0.0	0.36629563189005476
2.459860361891527	0.0	0.3679653949668653
2.4613611918865796	0.0	0.3696276334976284
2.4628620218816324	0.0	0.37128231900309044
2.464362851876685	0.0	0.37292942313556077
2.465863681871738	0.0	0.3745689176803304
2.467364511866791	0.0	0.3762007745616322
2.4688653418618434	0.0	0.3778249658387198
2.470366171856896	0.0	0.37944146370162346
2.4718670018519493	0.0	0.38105024048202446
2.4733678318470016	0.0	0.38265126865071186
2.474868661842055	0.0	0.3842445208115864
2.4763694918371075	0.0	0.38582996970907596
2.4778703218321603	0.0	0.38740758822629123
2.479371151827213	0.0	0.3889773493859086
2.4808719818222658	0.0	0.39053922635157556
2.482372811817319	0.0	0.3920931924267134
2.4838736418123712	0.0	0.39363922105663474
2.4853744718074244	0.0	0.39517728582794687
2.486875301802477	0.0	0.3967073604691577
2.4883761317975295	0.0	0.39822941885346363
2.4898769617925827	0.0	0.39974343499515685
2.4913777917876354	0.0	0.40124938305485486
2.492878621782688	0.0	0.4027472373369295
2.494379451777741	0.0	0.404236972290196
2.4958802817727936	0.0	0.40571856251120014
2.497381111767847	0.0	0.40719198274248
2.498881941762899	0.0	0.40865720787322674
2.5003827717579523	0.0	0.41011421293872574
2.501883601753005	0.0	0.4115629731258209
2.503384431748058	0.0	0.41300346376894337
2.5048852617431105	0.0	0.4144356603490483
2.5063860917381633	0.0	0.4158595384992504
2.5078869217332165	0.0	0.41727507400424185
2.509387751728269	0.0	0.4186822427992979
2.5108885817233215	0.0	0.420081020970619
2.5123894117183747	0.0	0.4214713847574486
2.513890241713427	0.0	0.422853310553178
2.51539107170848	0.0	0.4242267749010233
2.516891901703533	0.0	0.4255917544999851
2.5183927316985857	0.0	0.4269482262063836
2.5198935616936384	0.0	0.42829616702888823
2.521394391688691	0.0	0.4296355541325539
2.5228952216837444	0.0	0.4309663648404115
2.5243960516787967	0.0	0.43228857663363446
2.5258968816738494	0.0	0.43360216714657285
2.5273977116689026	0.0	0.43490711417382305
2.528898541663955	0.0	0.43620339567240035
2.530399371659008	0.0	0.4374909897547346
2.531900201654061	0.0	0.438769874695966
2.5334010316491136	0.0	0.44004002892951594
2.5349018616441663	0.0	0.441301431050374
2.536402691639219	0.0	0.44255405981847784
2.5379035216342722	0.0	0.44379789415397414
2.5394043516293245	0.0	0.44503291313861487
2.5409051816243777	0.0	0.4462590960202837
2.5424060116194305	0.0	0.44747642221355055
2.5439068416144828	0.0	0.44868487129347656
2.545407671609536	0.0	0.44988442300214204
2.5469085016045887	0.0	0.45107505724878993
2.5484093315996414	0.0	0.452256754106705
2.549910161594694	0.0	0.45342949382018133
2.551410991589747	0.0	0.4545932567989325
2.5529118215848	0.0	0.45574802362204003
2.5544126515798524	0.0	0.45689377503929895
2.5559134815749056	0.0	0.45803049196740314
2.5574143115699584	0.0	0.4591581554951886
2.558915141565011	0.0	0.46027674688288894
2.560415971560064	0.0	0.4613862475620382
2.5619168015551166	0.0	0.46248663913377425
2.5634176315501698	0.0	0.46357790337219984
2.564918461545222	0.0	0.4646600222309941
2.566419291540275	0.0	0.465732977832959
2.567920121535328	0.0	0.4667967524745644
2.5694209515303803	0.0	0.46785132862736234
2.5709217815254335	0.0	0.4688966889407707
2.5724226115204862	0.0	0.4699328162415137
2.573923441515539	0.0	0.4709596935312267
2.5754242715105917	0.0	0.47197730398813037
2.5769251015056445	0.0	0.4729856309674556
2.5784259315006977	0.0	0.47398465800992295
2.57992676149575	0.0	0.47497436882996696
2.581427591490803	0.0	0.4759547473189215
2.582928421485856	0.0	0.47692577755336973
2.584429251480908	0.0	0.4778874437921897
2.5859300814759614	0.0	0.4788397304724812
2.587430911471014	0.0	0.47978262221369883
2.588931741466067	0.0	0.4807161038172595
2.5904325714611196	0.0	0.4816401602688028
2.5919334014561723	0.0	0.48255477674127023
2.5934342314512255	0.0	0.48345993858690706
2.594935061446278	0.0	0.48435563134289333
2.596435891441331	0.0	0.4852418407338682
2.5979367214363838	0.0	0.4861185526706541
2.5994375514314365	0.0	0.4869857532487586
2.6009383814264893	0.0	0.4878434287523597
2.602439211421542	0.0	0.4886915656556376
2.6039400414165947	0.0	0.48953015061509964
2.6054408714116475	0.0	0.49035917047773614
2.6069417014067002	0.0	0.49117861228480225
2.6084425314017534	0.0	0.49198846326118395
2.6099433613968057	0.0	0.49278871082298087
2.611444191391859	0.0	0.4935793425805388
2.6129450213869116	0.0	0.49436034633032205
2.6144458513819644	0.0	0.49513171006411366
2.615946681377017	0.0	0.49589342196721276
2.61744751137207	0.0	0.4966454704141343
2.618948341367123	0.0	0.4973878439732514
2.6204491713621754	0.0	0.4981205314087646
2.621950001357228	0.0	0.4988435216778262
2.6234508313522813	0.0	0.4995568039310672
2.6249516613473336	0.0	0.5002603675159543
2.626452491342387	0.0	0.5009542019761697
2.6279533213374395	0.0	0.5016382970520095
2.6294541513324923	0.0	0.5023126426750844
2.630954981327545	0.0	0.5029772289778631
2.6324558113225978	0.0	0.5036320462936815
2.633956641317651	0.0	0.5042770851510925
2.6354574713127032	0.0	0.5049123362709161
2.6369583013077564	0.0	0.5055377905783076
2.638459131302809	0.0	0.5061534392006202
2.639959961297862	0.0	0.5067592734611551
2.6414607912929147	0.0	0.5073552848856615
2.6429616212879674	0.0	0.5079414651947268
2.64446245128302	0.0	0.5085178063113497
2.645963281278073	0.0	0.5090843003657574
2.6474641112731256	0.0	0.5096409396828487
2.648964941268179	0.0	0.5101877167924678
2.650465771263231	0.0	0.510724624432556
2.6519666012582843	0.0	0.5112516555318984
2.653467431253337	0.0	0.5117688032294592
2.65496826124839	0.0	0.5122760608673154
2.6564690912434425	0.0	0.5127734219861834
2.6579699212384953	0.0	0.5132608803428478
2.6594707512335485	0.0	0.513738429887267
2.660971581228601	0.0	0.5142060647769888
2.6624724112236535	0.0	0.5146637793765771
2.6639732412187067	0.0	0.5151115682531546
2.665474071213759	0.0	0.5155494261845316
2.666974901208812	0.0	0.5159773481482659
2.668475731203865	0.0	0.5163953293296623
2.6699765611989177	0.0	0.5168033651252023
2.6714773911939704	0.0	0.5172014511396601
2.672978221189023	0.0	0.5175895831735814
2.6744790511840764	0.0	0.5179677572395306
2.6759798811791287	0.0	0.5183359695638752
2.6774807111741814	0.0	0.5186942165738869
2.6789815411692346	0.0	0.519042494910021
2.6804823711642873	0.0	0.5193808014189902
2.68198320115934	0.0	0.5197091331506402
2.683484031154393	0.0	0.5200274873710697
2.6849848611494456	0.0	0.5203358615539397
2.6864856911444983	0.0	0.5206342533781422
2.687986521139551	0.0	0.5209226607357619
2.6894873511346042	0.0	0.5212010817238472
2.6909881811296565	0.0	0.5214695146497726
2.6924890111247097	0.0	0.5217279580358442
2.6939898411197625	0.0	0.5219764106078515
2.695490671114815	0.0	0.5222148713034641
2.696991501109868	0.0	0.5224433392742474
2.6984923311049207	0.0	0.522661813880123
2.6999931610999734	0.0	0.5228702946871417
2.701493991095026	0.0	0.5230687814728636
2.702994821090079	0.0	0.5232572742285045
2.704495651085132	0.0	0.5234357731519723
2.7059964810801844	0.0	0.5236042786512795
2.7074973110752376	0.0	0.523762791351515
2.7089981410702904	0.0	0.5239113120866058
2.710498971065343	0.0	0.5240498418935737
2.711999801060396	0.0	0.5241783820253987
2.7135006310554486	0.0	0.5242969339474766
2.7150014610505018	0.0	0.524405499332358
2.716502291045554	0.0	0.5245040800660734
2.718003121040607	0.0	0.5245926782439807
2.71950395103566	0.0	0.5246712961665212
2.7210047810307127	0.0	0.5247399363529884
2.7225056110257655	0.0	0.5247986015351381
2.7240064410208182	0.0	0.5248472946462587
2.725507271015871	0.0	0.5248860188315001
2.7270081010109237	0.0	0.5249147774493622
2.7285089310059765	0.0	0.5249335740669514
2.7300097610010297	0.0	0.5249424124634761
2.731510590996082	0.0	0.5249412966279805
2.7330114209911347	0.0	0.5249302307564051
2.734512250986188	0.0	0.5249092192543048
2.7360130809812406	0.0	0.5248782667354154
2.7375139109762934	0.0	0.5248373780332493
2.739014740971346	0.0	0.5247865581839615
2.740515570966399	0.0	0.5247258124188962
2.7420164009614516	0.0	0.5246551461963403
2.7435172309565043	0.0	0.5245745651842882
2.7450180609515575	0.0	0.5244840752445269
2.7465188909466103	0.0	0.5243836824566227
2.748019720941663	0.0	0.5242733931067236
2.7495205509367158	0.0	0.5241532136876423
2.7510213809317685	0.0	0.5240231509001783
2.7525222109268213	0.0	0.5238832116472186
2.754023040921874	0.0	0.5237334030463321
2.7555238709169267	0.0	0.5235737324216596
2.7570247009119795	0.0	0.5234042072977653
2.7585255309070322	0.0	0.523224835403335
2.7600263609020854	0.0	0.5230356246798776
2.761527190897138	0.0	0.5228365832706291
2.763028020892191	0.0	0.522627719523132
2.7645288508872436	0.0	0.5224090419929529
2.7660296808822964	0.0	0.5221805594348053
2.767530510877349	0.0	0.5219422808084034
2.769031340872402	0.0	0.5216942152779526
2.770532170867455	0.0	0.5214363722092652
2.7720330008625074	0.0	0.5211687611728212
2.77353383085756	0.0	0.5208913919437211
2.7750346608526133	0.0	0.5206042744922186
2.776535490847666	0.0	0.5203074189922079
2.778036320842719	0.0	0.5200008358223156
2.7795371508377715	0.0	0.5196845355514105
2.7810379808328243	0.0	0.5193585289538519
2.782538810827877	0.0	0.5190228270117829
2.7840396408229298	0.0	0.5186774408965437
2.785540470817983	0.0	0.5183223819749231
2.7870413008130357	0.0	0.5179576618212531
2.7885421308080884	0.0	0.5175832922052864
2.790042960803141	0.0	0.5171992850820802
2.791543790798194	0.0	0.5168056526125429
2.7930446207932467	0.0	0.5164024071564892
2.7945454507882994	0.0	0.5159895612624786
2.796046280783352	0.0	0.5155671276754438
2.797547110778405	0.0	0.5151351193329082
2.7990479407734576	0.0	0.5146935493640251
2.800548770768511	0.0	0.5142424310977142
2.8020496007635636	0.0	0.5137817780490136
2.8035504307586163	0.0	0.5133116039227416
2.805051260753669	0.0	0.5128319226195718
2.806552090748722	0.0	0.512342748230152
2.8080529207437745	0.0	0.5118440950324136
2.8095537507388273	0.0	0.5113359774921541
2.81105458073388	0.0	0.5108184102638783
2.812555410728933	0.0	0.5102914081868041
2.8140562407239855	0.0	0.5097549862925925
2.8155570707190387	0.0	0.5092091597976085
2.8170579007140915	0.0	0.5086539441009783
2.818558730709144	0.0	0.5080893547903698
2.820059560704197	0.0	0.5075154076315336
2.8215603906992497	0.0	0.5069321185727325
2.8230612206943024	0.0	0.5063395037523424
2.824562050689355	0.0	0.5057375794865725
2.8260628806844084	0.0	0.5051263622705842
2.827563710679461	0.0	0.5045058687848899
2.8290645406745134	0.0	0.5038761158824722
2.8305653706695666	0.0	0.5032371205953674
2.8320662006646193	0.0	0.5025889001405194
2.833567030659672	0.0	0.5019314719027091
2.835067860654725	0.0	0.5012648534471406
2.8365686906497776	0.0	0.5005890625160551
2.8380695206448303	0.0	0.4999041170220937
2.839570350639883	0.0	0.4992100350570434
2.8410711806349362	0.0	0.498506834883904
2.842572010629989	0.0	0.49779453492586584
2.8440728406250417	0.0	0.4970731537876883
2.8455736706200945	0.0	0.49634271025322163
2.847074500615147	0.0	0.49560322325790723
2.8485753306102	0.0	0.49485471191453895
2.8500761606052527	0.0	0.4940971955074377
2.8515769906003055	0.0	0.4933306934793396
2.853077820595358	0.0	0.4925552254421407
2.854578650590411	0.0	0.49177081117314275
2.856079480585464	0.0	0.49097747060917224
2.857580310580517	0.0	0.4901752238553094
2.8590811405755696	0.0	0.48936409117887797
2.8605819705706224	0.0	0.48854409300467344
2.862082800565675	0.0	0.4877152499277239
2.863583630560728	0.0	0.4868775826917452
2.8650844605557806	0.0	0.48603111219330164
2.8665852905508338	0.0	0.48517585949857983
2.8680861205458865	0.0	0.4843118458282056
2.869586950540939	0.0	0.483439092557521
2.871087780535992	0.0	0.4825576212124607
2.8725886105310448	0.0	0.4816674534806849
2.8740894405260975	0.0	0.48076861119761666
2.8755902705211502	0.0	0.47986111634599815
2.877091100516203	0.0	0.4789449910660806
2.8785919305112557	0.0	0.4780202576456377
2.8800927605063085	0.0	0.4770869385214822
2.8815935905013617	0.0	0.4761450562789294
2.8830944204964144	0.0	0.4751946336487459
2.8845952504914667	0.0	0.4742356935059846
2.88609608048652	0.0	0.4732682588759393
2.8875969104815726	0.0	0.47229235291820354
2.8890977404766254	0.0	0.47130799894534897
2.890598570471678	0.0	0.4703152204122176
2.892099400466731	0.0	0.46931404090563944
2.893600230461784	0.0	0.4683044841566936
2.8951010604568364	0.0	0.4672865740332557
2.8966018904518895	0.0	0.4662603345480051
2.8981027204469423	0.0	0.4652257898389146
2.899603550441995	0.0	0.4641829641891125
2.9011043804370478	0.0	0.46313188202087185
2.9026052104321005	0.0	0.46207256788216605
2.9041060404271533	0.0	0.4610050464532523
2.905606870422206	0.0	0.45992934254476703
2.9071077004172587	0.0	0.4588454811016276
2.908608530412312	0.0	0.457753487196708
2.9101093604073642	0.0	0.4566533860387723
2.9116101904024174	0.0	0.455545202955812
2.91311102039747	0.0	0.4544289634034977
2.914611850392523	0.0	0.4533046929665844
2.9161126803875757	0.0	0.45217241735637803
2.9176135103826284	0.0	0.45103216240396693
2.919114340377681	0.0	0.44988395406266285
2.920615170372734	0.0	0.44872781840581866
2.922116000367787	0.0	0.4475637816299354
2.92361683036284	0.0	0.4463918700565485
2.925117660357892	0.0	0.4452121101170078
2.9266184903529453	0.0	0.444024528363333
2.928119320347998	0.0	0.4428291514653844
2.929620150343051	0.0	0.4416260062067016
2.9311209803381035	0.0	0.4404151194897746
2.9326218103331563	0.0	0.43919651832559414
2.9341226403282095	0.0	0.4379702298413461
2.9356234703232618	0.0	0.43673628127280967
2.937124300318315	0.0	0.4354946999663183
2.9386251303133677	0.0	0.434245513385602
2.94012596030842	0.0	0.4329887490906864
2.941626790303473	0.0	0.43172443475742184
2.943127620298526	0.0	0.43045259816786663
2.9446284502935787	0.0	0.4291732672045358
2.9461292802886314	0.0	0.42788646986264356
2.947630110283684	0.0	0.42659223423760195
2.9491309402787373	0.0	0.4252905885245953
2.9506317702737896	0.0	0.4239815610220754
2.952132600268843	0.0	0.4226651801237173
2.9536334302638956	0.0	0.4213414743397047
2.9551342602589483	0.0	0.4200104722742609
2.956635090254001	0.0	0.4186722026124441
2.958135920249054	0.0	0.41732669414637125
2.9596367502441066	0.0	0.4159739757733133
2.9611375802391593	0.0	0.4146140764837484
2.962638410234212	0.0	0.413247025353724
2.9641392402292652	0.0	0.41187285154964665
2.9656400702243175	0.0	0.41049158434117217
2.9671409002193707	0.0	0.40910325308687295
2.9686417302144235	0.0	0.4077078872312606
2.970142560209476	0.0	0.40630551631638145
2.971643390204529	0.0	0.40489616996679967
2.9731442201995817	0.0	0.40347987789346246
2.974645050194635	0.0	0.40205666989569755
2.976145880189687	0.0	0.40062657586637246
2.9776467101847404	0.0	0.3991896257817421
2.979147540179793	0.0	0.3977458496956413
2.9806483701748454	0.0	0.3962952777361195
2.9821492001698986	0.0	0.3948379401344565
2.9836500301649513	0.0	0.39337386719895767
2.985150860160004	0.0	0.3919030893056144
2.986651690155057	0.0	0.39042563693032
2.9881525201501096	0.0	0.3889415406194093
2.9896533501451628	0.0	0.38745083099056515
2.991154180140215	0.0	0.3859535387454122
2.9926550101352682	0.0	0.38444969466578144
2.994155840130321	0.0	0.3829393295965296
2.9956566701253737	0.0	0.38142247447131916
2.9971575001204265	0.0	0.3798991602928672
2.998658330115479	0.0	0.37836941814102715
3.000159160110532	0.0	0.3768364697903053
