0.0	-0.0	-0.003001682707179043
0.0015008299950527925	-0.0	-0.006003229767815017
0.003001659990105585	-0.0	-0.009004708952250856
0.004502489985158378	-0.0	-0.012006025115071104
0.00600331998021117	-0.0	-0.015007123646459775
0.0075041499752639615	-0.0	-0.018007949666633
0.009004979970316756	-0.0	-0.021008447654785767
0.010505809965369548	-0.0	-0.024008561611242783
0.01200663996042234	-0.0	-0.027008235650544523
0.01350746995547513	-0.0	-0.030007414022603752
0.015008299950527923	-0.0	-0.03300604056540938
0.016509129945580715	-0.0	-0.036004058398108586
0.01800995994063351	-0.0	-0.03900140996202538
0.019510789935686303	-0.0	-0.041998037011709725
0.021011619930739096	-0.0	-0.044993880697085646
0.022512449925791888	-0.0	-0.04798888123741105
0.02401327992084468	-0.0	-0.05098297630232119
0.02551410991589747	-0.0	-0.05397609934737806
0.02701493991095026	-0.0	-0.0569681798838904
0.028515769906003054	-0.0	-0.05995914516344807
0.030016599901055846	-0.0	-0.06294892433906706
0.03151742989610864	-0.0	-0.06593745256970719
0.03301825989116143	-0.0	-0.06892466933314863
0.03451908988621422	-0.0	-0.07191051497518172
0.03601991988126702	-0.0	-0.07489492988283726
0.037520749876319814	-0.0	-0.0778778545020293
0.03902157987137261	-0.0	-0.08085922936699681
0.0405224098664254	-0.0	-0.08383899506457416
0.04202323986147819	-0.0	-0.08681709213576892
0.043524069856530984	-0.0	-0.08979346112525036
0.045024899851583776	-0.0	-0.09276804269493641
0.04652572984663657	-0.0	-0.09574077757150921
0.04802655984168936	-0.0	-0.09871160649703749
0.04952738983674215	-0.0	-0.10168047025050293
0.05102821983179494	-0.0	-0.10464730960374877
0.05252904982684774	-0.0	-0.10761206538850013
0.05402987982190052	-0.0	-0.11057467855472945
0.05553070981695332	-0.0	-0.1135350900885455
0.05703153981200611	-0.0	-0.11649324100464789
0.05853236980705891	-0.0	-0.11944907236126995
0.06003319980211169	-0.0	-0.12240252525514844
0.06153402979716449	-0.0	-0.12535354082684966
0.06303485979221728	-0.0	-0.12830206026628052
0.06453568978727008	-0.0	-0.13124802488170628
0.06603651978232286	-0.0	-0.13419137596482195
0.06753734977737566	-0.0	-0.13713205484815622
0.06903817977242845	-0.0	-0.14007000300415948
0.07053900976748124	-0.0	-0.1430051619204837
0.07203983976253404	-0.0	-0.1459374731169596
0.07354066975758683	-0.0	-0.14886687821579778
0.07504149975263963	-0.0	-0.15179331889576192
0.07654232974769241	-0.0	-0.15471673683975823
0.07804315974274521	-0.0	-0.1576370738437251
0.079543989737798	-0.0	-0.16055427179732593
0.0810448197328508	-0.0	-0.16346827260039545
0.08254564972790358	-0.0	-0.1663790182292206
0.08404647972295638	-0.0	-0.16928645076820106
0.08554730971800917	-0.0	-0.17219051232670285
0.08704813971306197	-0.0	-0.17509114511410467
0.08854896970811475	-0.0	-0.17798829137636538
0.09004979970316755	-0.0	-0.18088189344636313
0.09155062969822034	-0.0	-0.183771893754067
0.09305145969327314	-0.0	-0.18665823478422364
0.09455228968832592	-0.0	-0.189540859097514
0.09605311968337872	-0.0	-0.19241970931997504
0.0975539496784315	-0.0	-0.1952947281950403
0.0990547796734843	-0.0	-0.19816585855039964
0.10055560966853709	-0.0	-0.20103304325601906
0.10205643966358988	-0.0	-0.20389622527144693
0.10355726965864268	-0.0	-0.20675534768080384
0.10505809965369547	-0.0	-0.2096103535709473
0.10655892964874826	-0.0	-0.212461186156081
0.10805975964380105	-0.0	-0.2153077888077142
0.10956058963885383	-0.0	-0.21815010493475004
0.11106141963390664	-0.0	-0.22098807799628287
0.11256224962895943	-0.0	-0.22382165155633912
0.11406307962401221	-0.0	-0.22665076929623096
0.115563909619065	-0.0	-0.22947537500915602
0.11706473961411781	-0.0	-0.23229541256890662
0.1185655696091706	-0.0	-0.23511082591000765
0.12006639960422338	-0.0	-0.23792155907158313
0.1215672295992762	-0.0	-0.24072755626863018
0.12306805959432898	-0.0	-0.24352876176056718
0.12456888958938177	-0.0	-0.2463251198521586
0.12606971958443455	-0.0	-0.2491165750133157
0.12757054957948735	-0.0	-0.2519030718585317
0.12907137957454015	-0.0	-0.2546845550696164
0.13057220956959295	-0.0	-0.2574609693534934
0.13207303956464572	-0.0	-0.26023225961733387
0.13357386955969852	-0.0	-0.2629983709003156
0.13507469955475132	-0.0	-0.2657592482930281
0.1365755295498041	-0.0	-0.2685148369883299
0.1380763595448569	-0.0	-0.27126508231467383
0.1395771895399097	-0.0	-0.2740099297385849
0.1410780195349625	-0.0	-0.2767493248229764
0.14257884953001526	-0.0	-0.27948321323010833
0.1440796795250681	-0.0	-0.28221154074426097
0.14558050952012086	-0.0	-0.28493425329063476
0.14708133951517366	-0.0	-0.2876512969089049
0.14858216951022643	-0.0	-0.2903626177847711
0.15008299950527926	-0.0	-0.29306816215915465
0.15158382950033203	-0.0	-0.29576787639592145
0.15308465949538483	-0.0	-0.29846170705378483
0.1545854894904376	-0.0	-0.30114960080523007
0.15608631948549043	-0.0	-0.3038315044382525
0.1575871494805432	-0.0	-0.3065073648386044
0.159087979475596	-0.0	-0.3091771290379513
0.16058880947064877	-0.0	-0.3118407442199014
0.1620896394657016	-0.0	-0.31449815769134026
0.16359046946075437	-0.0	-0.3171493168846135
0.16509129945580717	-0.0	-0.3197941693921832
0.16659212945085994	-0.0	-0.32243266290940903
0.16809295944591277	-0.0	-0.3250647452449051
0.16959378944096554	-0.0	-0.3276903644105285
0.17109461943601834	-0.0	-0.3303094685712627
0.17259544943107114	-0.0	-0.3329220059828571
0.17409627942612393	-0.0	-0.335527925020233
0.1755971094211767	-0.0	-0.33812717421410093
0.1770979394162295	-0.0	-0.3407197023029642
0.1785987694112823	-0.0	-0.34330545814601454
0.1800995994063351	-0.0	-0.3458843907135895
0.18160042940138788	-0.0	-0.34845644914690654
0.18310125939644067	-0.0	-0.35102158272077993
0.18460208939149347	-0.0	-0.3535797408562705
0.18610291938654627	-0.0	-0.35613087318422904
0.18760374938159904	-0.0	-0.3586749294694363
0.18910457937665184	-0.0	-0.361211859561669
0.19060540937170464	-0.0	-0.36374161352138173
0.19210623936675744	-0.0	-0.3662641415765428
0.1936070693618102	-0.0	-0.3687793940748847
0.195107899356863	-0.0	-0.3712873215774434
0.1966087293519158	-0.0	-0.373787874781848
0.1981095593469686	-0.0	-0.3762810045007939
0.19961038934202138	-0.0	-0.37876666174755697
0.20111121933707418	-0.0	-0.38124479769660213
0.20261204933212695	-0.0	-0.3837153637045553
0.20411287932717975	-0.0	-0.38617831130276864
0.20561370932223258	-0.0	-0.38863359215153104
0.20711453931728535	-0.0	-0.39108115808404537
0.20861536931233815	-0.0	-0.3935209611117547
0.21011619930739095	-0.0	-0.3959529534278932
0.21161702930244372	-0.0	-0.3983770873673179
0.21311785929749652	-0.0	-0.4007933154568854
0.2146186892925493	-0.0	-0.4032015904333162
0.2161195192876021	-0.0	-0.40560186516326613
0.21762034928265492	-0.0	-0.4079940927012847
0.21912117927770766	-0.0	-0.4103782262791631
0.2206220092727605	-0.0	-0.4127542193069326
0.2221228392678133	-0.0	-0.4151220253653195
0.22362366926286606	-0.0	-0.4174815982293794
0.22512449925791886	-0.0	-0.41983289184970823
0.22662532925297169	-0.0	-0.4221758603654984
0.22812615924802443	-0.0	-0.4245104581034293
0.22962698924307726	-0.0	-0.42683663955684353
0.23112781923813	-0.0	-0.4291543594322396
0.23262864923318283	-0.0	-0.4314635725935327
0.23412947922823563	-0.0	-0.4337642341074743
0.2356303092232884	-0.0	-0.43605629923477573
0.2371311392183412	-0.0	-0.4383397234118734
0.238631969213394	-0.0	-0.4406144622797415
0.24013279920844677	-0.0	-0.44288047167024414
0.2416336292034996	-0.0	-0.4451377076275135
0.2431344591985524	-0.0	-0.44738612635387515
0.24463528919360517	-0.0	-0.44962568423155913
0.24613611918865796	-0.0	-0.45185633789678514
0.24763694918371074	-0.0	-0.45407804416752673
0.24913777917876354	-0.0	-0.45629076003840724
0.25063860917381636	-0.0	-0.45849444272519513
0.2521394391688691	-0.0	-0.4606890496278539
0.2536402691639219	-0.0	-0.46287453833272446
0.2551410991589747	-0.0	-0.4650508666470338
0.2566419291540275	-0.0	-0.4672179925975637
0.2581427591490803	-0.0	-0.4693758743972141
0.25964358914413305	-0.0	-0.47152447045554496
0.2611444191391859	-0.0	-0.47366373941184214
0.2626452491342387	-0.0	-0.4757936401241324
0.26414607912929144	-0.0	-0.47791413158603674
0.26564690912434424	-0.0	-0.4800251730612181
0.26714773911939704	-0.0	-0.4821267240549382
0.26864856911444984	-0.0	-0.48421874421456285
0.27014939910950264	-0.0	-0.48630119344274164
0.27165022910455544	-0.0	-0.4883740318441472
0.2731510590996082	-0.0	-0.4904372197152665
0.27465188909466104	-0.0	-0.49249071758382906
0.2761527190897138	-0.0	-0.4945344862243045
0.2776535490847666	-0.0	-0.49656848661240843
0.2791543790798194	-0.0	-0.4985926798864882
0.2806552090748722	-0.0	-0.5006070274545632
0.282156039069925	-0.0	-0.5026114909812314
0.2836568690649778	-0.0	-0.5046060322935004
0.2851576990600305	-0.0	-0.506590613437082
0.2866585290550834	-0.0	-0.5085651966962909
0.2881593590501362	-0.0	-0.5105297445680425
0.2896601890451889	-0.0	-0.5124842197864871
0.2911610190402417	-0.0	-0.5144285853129487
0.2926618490352945	-0.0	-0.5163628043347787
0.2941626790303473	-0.0	-0.5182868402522256
0.2956635090254001	-0.0	-0.5202006566817636
0.29716433902045286	-0.0	-0.522104217512276
0.2986651690155057	-0.0	-0.5239974868119588
0.3001659990105585	-0.0	-0.5258804288706339
0.30166682900561126	-0.0	-0.527753008257819
0.30316765900066406	-0.0	-0.5296151897528214
0.30466848899571686	-0.0	-0.5314669383766585
0.30616931899076966	-0.0	-0.5333082193474883
0.30767014898582246	-0.0	-0.5351389981443008
0.3091709789808752	-0.0	-0.5369592404796955
0.31067180897592805	-0.0	-0.5387689122668525
0.31217263897098085	-0.0	-0.5405679796903994
0.3136734689660336	-0.0	-0.542356409165688
0.3151742989610864	-0.0	-0.5441341673315827
0.3166751289561392	-0.0	-0.545901221082232
0.318175958951192	-0.0	-0.5476575375358512
0.3196767889462448	-0.0	-0.5494030840428971
0.32117761894129754	-0.0	-0.5511378282006771
0.3226784489363504	-0.0	-0.552861737833636
0.3241792789314032	-0.0	-0.5545747810268656
0.32568010892645594	-0.0	-0.5562769260746928
0.32718093892150873	-0.0	-0.5579681415354947
0.32868176891656153	-0.0	-0.5596483962422025
0.33018259891161433	-0.0	-0.5613176592220401
0.33168342890666713	-0.0	-0.5629758997409454
0.3331842589017199	-0.0	-0.5646230873203247
0.3346850888967727	-0.0	-0.5662591917508872
0.33618591889182553	-0.0	-0.5678841830265111
0.3376867488868783	-0.0	-0.569498031406086
0.3391875788819311	-0.0	-0.5711007074182479
0.3406884088769839	-0.0	-0.5726921817886623
0.34218923887203667	-0.0	-0.574272425513887
0.34369006886708947	-0.0	-0.5758414098409929
0.34519089886214227	-0.0	-0.5773991062506231
0.346691728857195	-0.0	-0.5789454864975686
0.34819255885224787	-0.0	-0.5804805225776274
0.3496933888473006	-0.0	-0.5820041866934282
0.3511942188423534	-0.0	-0.5835164513353589
0.3526950488374062	-0.0	-0.5850172892572283
0.354195878832459	-0.0	-0.5865066734240406
0.3556967088275118	-0.0	-0.5879845770738382
0.3571975388225646	-0.0	-0.5894509736975801
0.35869836881761735	-0.0	-0.5909058370076665
0.3601991988126702	-0.0	-0.5923491410068451
0.361700028807723	-0.0	-0.5937808599434201
0.36320085880277575	-0.0	-0.5952009682900217
0.36470168879782855	-0.0	-0.5966094408047456
0.36620251879288135	-0.0	-0.598006252488211
0.36770334878793415	-0.0	-0.5993913785816373
0.36920417878298695	-0.0	-0.6007647945724661
0.3707050087780397	-0.0	-0.6021264762339005
0.37220583877309255	-0.0	-0.6034763995935397
0.37370666876814534	-0.0	-0.6048145408844458
0.3752074987631981	-0.0	-0.6061408766318775
0.3767083287582509	-0.0	-0.6074553836181537
0.3782091587533037	-0.0	-0.6087580388744408
0.3797099887483565	-0.0	-0.6100488196946611
0.3812108187434093	-0.0	-0.6113277036227686
0.38271164873846203	-0.0	-0.6125946684473862
0.3842124787335149	-0.0	-0.6138496922361666
0.3857133087285677	-0.0	-0.6150927532820497
0.3872141387236204	-0.0	-0.6163238301462425
0.38871496871867317	-0.0	-0.6175429016795593
0.390215798713726	-0.0	-0.6187499469414584
0.3917166287087788	-0.0	-0.6199449452733125
0.3932174587038316	-0.0	-0.6211278762768457
0.3947182886988844	-0.0	-0.6222987197963427
0.3962191186939372	-0.0	-0.6234574559486448
0.39771994868898997	-0.0	-0.6246040651138669
0.39922077868404277	-0.0	-0.6257385278992978
0.40072160867909556	-0.0	-0.6268608251919217
0.40222243867414836	-0.0	-0.627970938153351
0.4037232686692012	-0.0	-0.6290688481737038
0.4052240986642539	-0.0	-0.6301545369045956
0.4067249286593067	-0.0	-0.6312279862639486
0.4082257586543595	-0.0	-0.6322891784369525
0.40972658864941236	-0.0	-0.6333380958660045
0.41122741864446516	-0.0	-0.6343747212236348
0.41272824863951796	-0.0	-0.6353990374682457
0.4142290786345707	-0.0	-0.6364110278214387
0.4157299086296235	-0.0	-0.6374106757440843
0.4172307386246763	-0.0	-0.6383979649805208
0.4187315686197291	-0.0	-0.6393728794952332
0.4202323986147819	-0.0	-0.6403354035177922
0.42173322860983464	-0.0	-0.6412855215731088
0.42323405860488744	-0.0	-0.6422232184445598
0.42473488859994024	-0.0	-0.6431484791361485
0.42623571859499304	-0.0	-0.6440612889121928
0.42773654859004584	-0.0	-0.64496163331789
0.4292373785850986	-0.0	-0.6458494981539428
0.4307382085801514	-0.0	-0.6467248694755613
0.4322390385752042	-0.0	-0.6475877335970868
0.43373986857025704	-0.0	-0.648438077087885
0.43524069856530984	-0.0	-0.6492758867631747
0.43674152856036264	-0.0	-0.6501011497352537
0.4382423585554153	-0.0	-0.6509138533576115
0.4397431885504682	-0.0	-0.6517139852143891
0.441244018545521	-0.0	-0.6525015331660193
0.4427448485405738	-0.0	-0.6532764853522611
0.4442456785356266	-0.0	-0.6540388301439309
0.4457465085306793	-0.0	-0.6547885561589181
0.4472473385257321	-0.0	-0.6555256523031292
0.4487481685207849	-0.0	-0.6562501077300992
0.4502489985158377	-0.0	-0.6569619118537138
0.4517498285108905	-0.0	-0.657661054331196
0.45325065850594337	-0.0	-0.6583475250781602
0.45475148850099606	-0.0	-0.6590213142794853
0.45625231849604886	-0.0	-0.6596824123669018
0.45775314849110166	-0.0	-0.6603308100420707
0.4592539784861545	-0.0	-0.6609664982552057
0.4607548084812073	-0.0	-0.6615894682031123
0.46225563847626	-0.0	-0.6621997113381393
0.46375646847131285	-0.0	-0.6627972193882621
0.46525729846636565	-0.0	-0.6633819843280855
0.46675812846141845	-0.0	-0.6639539983769568
0.46825895845647125	-0.0	-0.6645132540272981
0.46975978845152405	-0.0	-0.6650597439974482
0.4712606184465768	-0.0	-0.6655934612813724
0.4727614484416296	-0.0	-0.666114399132204
0.4742622784366824	-0.0	-0.666622551055956
0.4757631084317352	-0.0	-0.6671179107991678
0.477263938426788	-0.0	-0.6676004723620722
0.47876476842184074	-0.0	-0.6680702300271868
0.48026559841689354	-0.0	-0.6685271782918862
0.48176642841194633	-0.0	-0.6689713119167816
0.4832672584069992	-0.0	-0.6694026259398123
0.484768088402052	-0.0	-0.6698211156229106
0.4862689183971048	-0.0	-0.6702267764979769
0.4877697483921575	-0.0	-0.6706196043512707
0.48927057838721033	-0.0	-0.6709995951941174
0.49077140838226313	-0.0	-0.6713667453107323
0.49227223837731593	-0.0	-0.6717210512311829
0.49377306837236873	-0.0	-0.6720625097348659
0.4952738983674215	-0.0	-0.672391117862565
0.49677472836247427	-0.0	-0.6727068728999176
0.49827555835752707	-0.0	-0.6730097723778216
0.49977638835257987	-0.0	-0.6732998140687738
0.5012772183476327	-0.0	-0.6735769960063992
0.5027780483426855	-0.0	-0.6738413164671788
0.5042788783377382	-0.0	-0.6740927739942331
0.5057797083327911	-0.0	-0.6743313673691003
0.5072805383278438	-0.0	-0.6745570956088518
0.5087813683228967	-0.0	-0.6747699579851402
0.5102821983179494	-0.0	-0.6749699540212033
0.5117830283130022	-0.0	-0.6751570834822482
0.513283858308055	-0.0	-0.6753313463820707
0.5147846883031078	-0.0	-0.6754927430005885
0.5162855182981606	-0.0	-0.6756412738256223
0.5177863482932135	-0.0	-0.67577693962787
0.5192871782882661	-0.0	-0.6758997414151151
0.520788008283319	-0.0	-0.6760096804079649
0.5222888382783718	-0.0	-0.6761067581048722
0.5237896682734245	-0.0	-0.6761909762422643
0.5252904982684774	-0.0	-0.6762623368029756
0.5267913282635301	-0.0	-0.6763208420110695
0.5282921582585829	-0.0	-0.6763664943192257
0.5297929882536357	-0.0	-0.6763992964445439
0.5312938182486885	-0.0	-0.6764192513507529
0.5327946482437413	-0.0	-0.676426362230235
0.5342954782387941	-0.0	-0.6764206324979598
0.5357963082338468	-0.0	-0.6764020658404556
0.5372971382288997	-0.0	-0.6763706661993495
0.5387979682239524	-0.0	-0.6763264377268354
0.5402987982190053	-0.0	-0.6762693848243259
0.5417996282140581	-0.0	-0.6761995121332414
0.5433004582091109	-0.0	-0.676116824540559
0.5448012882041636	-0.0	-0.6760213271760754
0.5463021181992164	-0.0	-0.6759130253992023
0.5478029481942692	-0.0	-0.6757919247987444
0.5493037781893221	-0.0	-0.6756580312134647
0.5508046081843748	-0.0	-0.6755113507350428
0.5523054381794276	-0.0	-0.6753518896863269
0.5538062681744804	-0.0	-0.675179654614972
0.5553070981695332	-0.0	-0.6749946523159651
0.556807928164586	-0.0	-0.6747968898109491
0.5583087581596388	-0.0	-0.674586374365866
0.5598095881546916	-0.0	-0.6743631134915115
0.5613104181497444	-0.0	-0.6741271149116892
0.5628112481447971	-0.0	-0.6738783866278268
0.56431207813985	-0.0	-0.6736169368275448
0.5658129081349027	-0.0	-0.6733427739442415
0.5673137381299556	-0.0	-0.6730559066867575
0.5688145681250083	-0.0	-0.6727563439425805
0.570315398120061	-0.0	-0.6724440948646907
0.5718162281151139	-0.0	-0.6721191688293213
0.5733170581101668	-0.0	-0.6717815754598158
0.5748178881052195	-0.0	-0.6714313246062105
0.5763187181002724	-0.0	-0.6710684263311801
0.5778195480953251	-0.0	-0.6706928909630765
0.5793203780903778	-0.0	-0.6703047290357512
0.5808212080854307	-0.0	-0.6699039513215849
0.5823220380804834	-0.0	-0.6694905688235346
0.5838228680755363	-0.0	-0.6690645927750605
0.585323698070589	-0.0	-0.6686260346523311
0.5868245280656418	-0.0	-0.6681749061465572
0.5883253580606946	-0.0	-0.6677112191804508
0.5898261880557474	-0.0	-0.667234985910667
0.5913270180508002	-0.0	-0.6667462187247329
0.592827848045853	-0.0	-0.6662449302310253
0.5943286780409057	-0.0	-0.6657311332716415
0.5958295080359586	-0.0	-0.6652048409215116
0.5973303380310114	-0.0	-0.6646660664699793
0.5988311680260642	-0.0	-0.6641148234436598
0.600331998021117	-0.0	-0.6635511255960092
0.6018328280161698	-0.0	-0.6629749868957476
0.6033336580112225	-0.0	-0.66238642155767
0.6048344880062754	-0.0	-0.6617854440157186
0.6063353180013281	-0.0	-0.6611720689319345
0.607836147996381	-0.0	-0.6605463111664978
0.6093369779914337	-0.0	-0.6599081858160464
0.6108378079864865	-0.0	-0.6592577082356463
0.6123386379815393	-0.0	-0.6585948939720667
0.6138394679765921	-0.0	-0.6579197588121964
0.6153402979716449	-0.0	-0.6572323187563759
0.6168411279666978	-0.0	-0.6565325900183974
0.6183419579617504	-0.0	-0.6558205890571288
0.6198427879568033	-0.0	-0.6550963325469613
0.6213436179518561	-0.0	-0.6543598373775129
0.6228444479469089	-0.0	-0.653611120665354
0.6243452779419617	-0.0	-0.6528501997594808
0.6258461079370145	-0.0	-0.6520770922027013
0.6273469379320672	-0.0	-0.651291815777647
0.62884776792712	-0.0	-0.6504943884935688
0.6303485979221728	-0.0	-0.6496848285689895
0.6318494279172256	-0.0	-0.6488631544464621
0.6333502579122784	-0.0	-0.6480293847715611
0.6348510879073311	-0.0	-0.6471835384411506
0.636351917902384	-0.0	-0.6463256345535995
0.6378527478974367	-0.0	-0.645455692427497
0.6393535778924896	-0.0	-0.644573731598657
0.6408544078875424	-0.0	-0.6436797718117219
0.6423552378825951	-0.0	-0.6427738330477545
0.6438560678776479	-0.0	-0.6418559355075203
0.6453568978727008	-0.0	-0.6409260995911448
0.6468577278677535	-0.0	-0.6399843459055101
0.6483585578628064	-0.0	-0.6390306953053118
0.6498593878578591	-0.0	-0.6380651688470825
0.6513602178529119	-0.0	-0.6370877878068731
0.6528610478479647	-0.0	-0.636098573677367
0.6543618778430175	-0.0	-0.6350975481555264
0.6558627078380703	-0.0	-0.6340847331547615
0.6573635378331231	-0.0	-0.6330601508080371
0.6588643678281758	-0.0	-0.6320238234649506
0.6603651978232287	-0.0	-0.6309757736795634
0.6618660278182814	-0.0	-0.6299160242273038
0.6633668578133343	-0.0	-0.6288445981028589
0.6648676878083871	-0.0	-0.6277615185058608
0.6663685178034398	-0.0	-0.6266668088524632
0.6678693477984926	-0.0	-0.6255604927679438
0.6693701777935454	-0.0	-0.6244425940764596
0.6708710077885982	-0.0	-0.6233131368361842
0.6723718377836511	-0.0	-0.622172145311715
0.6738726677787038	-0.0	-0.621019643960981
0.6753734977737565	-0.0	-0.6198556574548443
0.6768743277688094	-0.0	-0.6186802106941898
0.6783751577638621	-0.0	-0.6174933287983467
0.679875987758915	-0.0	-0.6162950370629987
0.6813768177539677	-0.0	-0.6150853610088208
0.6828776477490205	-0.0	-0.61386432636184
0.6843784777440733	-0.0	-0.6126319590510673
0.6858793077391261	-0.0	-0.61138828523561
0.6873801377341789	-0.0	-0.6101333312652061
0.6888809677292317	-0.0	-0.6088671236949823
0.6903817977242845	-0.0	-0.607589689282717
0.6918826277193373	-0.0	-0.6063010550130663
0.69338345771439	-0.0	-0.6050012480642765
0.6948842877094429	-0.0	-0.6036902958118822
0.6963851177044957	-0.0	-0.6023682258532287
0.6978859476995485	-0.0	-0.601035065988683
0.6993867776946012	-0.0	-0.599690844220228
0.7008876076896541	-0.0	-0.5983355887466544
0.7023884376847068	-0.0	-0.596969327978096
0.7038892676797597	-0.0	-0.5955920905163166
0.7053900976748124	-0.0	-0.5942039051811917
0.7068909276698653	-0.0	-0.5928048010050134
0.708391757664918	-0.0	-0.5913948072027891
0.7098925876599708	-0.0	-0.5899739531935464
0.7113934176550236	-0.0	-0.5885422686043276
0.7128942476500764	-0.0	-0.5870997832628663
0.7143950776451292	-0.0	-0.5856465271793899
0.715895907640182	-0.0	-0.5841825305912627
0.7173967376352347	-0.0	-0.5827078239278112
0.7188975676302876	-0.0	-0.5812224378063668
0.7203983976253404	-0.0	-0.5797264030679953
0.7218992276203932	-0.0	-0.5782197507341106
0.723400057615446	-0.0	-0.5767025120135766
0.7249008876104988	-0.0	-0.575174718326564
0.7264017176055515	-0.0	-0.5736364012955989
0.7279025476006044	-0.0	-0.5720875927391647
0.7294033775956571	-0.0	-0.5705283246714793
0.73090420759071	-0.0	-0.5689586292923249
0.7324050375857627	-0.0	-0.5673785389852714
0.7339058675808154	-0.0	-0.5657880863670177
0.7354066975758683	-0.0	-0.5641873042374225
0.736907527570921	-0.0	-0.5625762255653745
0.7384083575659739	-0.0	-0.5609548835270004
0.7399091875610266	-0.0	-0.5593233115013378
0.7414100175560794	-0.0	-0.5576815430655262
0.7429108475511322	-0.0	-0.5560296119549722
0.7444116775461851	-0.0	-0.5543675521246376
0.7459125075412378	-0.0	-0.5526953977122362
0.7474133375362907	-0.0	-0.5510131830434128
0.7489141675313434	-0.0	-0.549320942658226
0.7504149975263962	-0.0	-0.54761871124028
0.751915827521449	-0.0	-0.5459065237002799
0.7534166575165018	-0.0	-0.5441844151305734
0.7549174875115546	-0.0	-0.5424524207857697
0.7564183175066074	-0.0	-0.5407105761374812
0.7579191475016601	-0.0	-0.5389589168366327
0.759419977496713	-0.0	-0.5371974787234112
0.7609208074917657	-0.0	-0.5354262978057401
0.7624216374868186	-0.0	-0.5336454102946009
0.7639224674818714	-0.0	-0.5318548525753685
0.7654232974769241	-0.0	-0.5300546612100311
0.7669241274719769	-0.0	-0.5282448729701814
0.7684249574670298	-0.0	-0.5264255247919678
0.7699257874620825	-0.0	-0.52459665379074
0.7714266174571354	-0.0	-0.5227582972774721
0.772927447452188	-0.0	-0.5209104927261397
0.7744282774472409	-0.0	-0.5190532777991297
0.7759291074422937	-0.0	-0.5171866903345917
0.7774299374373463	-0.0	-0.5153107683565713
0.7789307674323993	-0.0	-0.5134255500601419
0.780431597427452	-0.0	-0.5115310738370739
0.7819324274225049	-0.0	-0.5096273782372567
0.7834332574175576	-0.0	-0.5077145019641865
0.7849340874126104	-0.0	-0.5057924839341829
0.7864349174076632	-0.0	-0.5038613632224982
0.787935747402716	-0.0	-0.5019211790972717
0.7894365773977688	-0.0	-0.4999719709756635
0.7909374073928216	-0.0	-0.49801377844970773
0.7924382373878744	-0.0	-0.49604664128856935
0.7939390673829272	-0.0	-0.4940705994346972
0.7954398973779799	-0.0	-0.4920856930049707
0.7969407273730328	-0.0	-0.49009196227035684
0.7984415573680855	-0.0	-0.4880894476920837
0.7999423873631384	-0.0	-0.4860781898706722
0.8014432173581911	-0.0	-0.4840582295845507
0.8029440473532439	-0.0	-0.4820296078017057
0.8044448773482967	-0.0	-0.4799923656402537
0.8059457073433495	-0.0	-0.47794654437487727
0.8074465373384024	-0.0	-0.47589218544385214
0.8089473673334551	-0.0	-0.47382933046158604
0.8104481973285078	-0.0	-0.4717580211987936
0.8119490273235607	-0.0	-0.4696782995823116
0.8134498573186134	-0.0	-0.46759020770327275
0.8149506873136664	-0.0	-0.4654937878174758
0.816451517308719	-0.0	-0.4633890823321441
0.8179523473037718	-0.0	-0.4612761338086258
0.8194531772988247	-0.0	-0.45915498498188584
0.8209540072938774	-0.0	-0.45702567874275224
0.8224548372889303	-0.0	-0.45488825810669903
0.8239556672839831	-0.0	-0.45274276627812976
0.8254564972790359	-0.0	-0.4505892466010738
0.8269573272740887	-0.0	-0.44842774256532614
0.8284581572691414	-0.0	-0.44625829783969856
0.8299589872641943	-0.0	-0.44408095621435734
0.831459817259247	-0.0	-0.4418957616364042
0.8329606472542999	-0.0	-0.43970275820063004
0.8344614772493526	-0.0	-0.4375019901522887
0.8359623072444053	-0.0	-0.43529350188665294
0.8374631372394582	-0.0	-0.43307733795101233
0.8389639672345109	-0.0	-0.4308535430283983
0.8404647972295638	-0.0	-0.4286221619409505
0.8419656272246165	-0.0	-0.42638323965635205
0.8434664572196693	-0.0	-0.4241368212950425
0.8449672872147221	-0.0	-0.4218829521167911
0.8464681172097749	-0.0	-0.4196216774966187
0.8479689472048277	-0.0	-0.4173530429816464
0.8494697771998805	-0.0	-0.41507709424508377
0.8509706071949332	-0.0	-0.4127938770798673
0.8524714371899861	-0.0	-0.41050343743757073
0.8539722671850388	-0.0	-0.40820582138782996
0.8554730971800917	-0.0	-0.40590107514756313
0.8569739271751444	-0.0	-0.40358924506558386
0.8584747571701972	-0.0	-0.4012703776139833
0.85997558716525	-0.0	-0.3989445193936784
0.8614764171603028	-0.0	-0.39661171712549764
0.8629772471553557	-0.0	-0.39427201768665043
0.8644780771504084	-0.0	-0.39192546806245926
0.8659789071454613	-0.0	-0.38957211537432146
0.8674797371405141	-0.0	-0.38721200685330087
0.8689805671355667	-0.0	-0.3848451898522223
0.8704813971306197	-0.0	-0.3824717118720066
0.8719822271256723	-0.0	-0.38009162052453527
0.8734830571207253	-0.0	-0.37770496352140687
0.874983887115778	-0.0	-0.3753117886930589
0.8764847171108306	-0.0	-0.37291214403315254
0.8779855471058836	-0.0	-0.37050607761172694
0.8794863771009364	-0.0	-0.36809363760634245
0.8809872070959892	-0.0	-0.365674872337477
0.882488037091042	-0.0	-0.36324983023120627
0.8839888670860947	-0.0	-0.36081855981876
0.8854896970811476	-0.0	-0.35838110972949433
0.8869905270762003	-0.0	-0.3559375287261404
0.8884913570712532	-0.0	-0.3534878656732174
0.8899921870663059	-0.0	-0.35103216951916805
0.8914930170613586	-0.0	-0.3485704893449224
0.8929938470564115	-0.0	-0.3461028743365274
0.8944946770514642	-0.0	-0.34362937377774966
0.8959955070465171	-0.0	-0.3411500370390901
0.8974963370415698	-0.0	-0.33866491359675843
0.8989971670366227	-0.0	-0.3361740530346335
0.9004979970316754	-0.0	-0.33367750503279725
0.9019988270267282	-0.0	-0.3311753193815157
0.903499657021781	-0.0	-0.32866754595039205
0.9050004870168338	-0.0	-0.32615423467985943
0.9065013170118867	-0.0	-0.32363543561864894
0.9080021470069394	-0.0	-0.3211111989526392
0.9095029770019921	-0.0	-0.31858157491449746
0.911003806997045	-0.0	-0.3160466138154882
0.9125046369920977	-0.0	-0.3135063660778739
0.9140054669871507	-0.0	-0.310960882194747
0.9155062969822033	-0.0	-0.30841021276220865
0.9170071269772561	-0.0	-0.3058544084509997
0.918507956972309	-0.0	-0.3032935200094227
0.9200087869673617	-0.0	-0.300727598274364
0.9215096169624146	-0.0	-0.2981566941494344
0.9230104469574674	-0.0	-0.2955808586242024
0.92451127695252	-0.0	-0.29300014277589576
0.926012106947573	-0.0	-0.29041459773533607
0.9275129369426257	-0.0	-0.287824274724814
0.9290137669376786	-0.0	-0.28522922504066794
0.9305145969327313	-0.0	-0.2826295000355305
0.932015426927784	-0.0	-0.280025151136748
0.9335162569228369	-0.0	-0.2774162298449009
0.9350170869178897	-0.0	-0.2748027877416081
0.9365179169129425	-0.0	-0.27218487644207273
0.9380187469079952	-0.0	-0.2695625476325129
0.9395195769030481	-0.0	-0.26693585309878953
0.9410204068981008	-0.0	-0.26430484465043524
0.9425212368931536	-0.0	-0.2616695741672949
0.9440220668882064	-0.0	-0.25903009359334883
0.9455228968832592	-0.0	-0.25638645492576445
0.947023726878312	-0.0	-0.2537387102293955
0.9485245568733648	-0.0	-0.2510869115933221
0.9500253868684175	-0.0	-0.24843111119162037
0.9515262168634704	-0.0	-0.24577136125895124
0.9530270468585231	-0.0	-0.24310771403208375
0.954527876853576	-0.0	-0.2404402218355571
0.9560287068486287	-0.0	-0.23776893703404134
0.9575295368436815	-0.0	-0.23509391203300306
0.9590303668387343	-0.0	-0.23241519929305657
0.9605311968337871	-0.0	-0.22973285130784543
0.96203202682884	-0.0	-0.22704692062046478
0.9635328568238927	-0.0	-0.22435745981543523
0.9650336868189454	-0.0	-0.22166452150875324
0.9665345168139984	-0.0	-0.2189681583533653
0.968035346809051	-0.0	-0.21626842306461486
0.969536176804104	-0.0	-0.213565368358918
0.9710370067991567	-0.0	-0.2108590470080234
0.9725378367942096	-0.0	-0.20814951180820196
0.9740386667892623	-0.0	-0.20543681558527727
0.975539496784315	-0.0	-0.20272101120442698
0.9770403267793679	-0.0	-0.2000021515510237
0.9785411567744207	-0.0	-0.19728028953688562
0.9800419867694735	-0.0	-0.1945554780950246
0.9815428167645263	-0.0	-0.19182777021038208
0.983043646759579	-0.0	-0.1890972188616488
0.9845444767546319	-0.0	-0.18636387704674864
0.9860453067496846	-0.0	-0.1836277978170147
0.9875461367447375	-0.0	-0.18088903421098257
0.9890469667397902	-0.0	-0.17814763928446078
0.990547796734843	-0.0	-0.17540366612695302
0.9920486267298958	-0.0	-0.17265716783691376
0.9935494567249485	-0.0	-0.16990819753184574
0.9950502867200014	-0.0	-0.16715680833235871
0.9965511167150541	-0.0	-0.16440305336416652
0.9980519467101069	-0.0	-0.1616469857594188
0.9995527767051597	-0.0	-0.1588886586784123
1.0010536067002125	-0.0	-0.15612812528773143
1.0025544366952654	-0.0	-0.15336543873713165
1.0040552666903182	-0.0	-0.15060065220632785
1.005556096685371	-0.0	-0.14783381886083186
1.0070569266804237	-0.0	-0.1450649918606815
1.0085577566754764	-0.0	-0.1422942243947274
1.0100585866705294	-0.0	-0.13952156961542503
1.0115594166655821	-0.0	-0.1367470806926877
1.0130602466606349	-0.0	-0.13397081080426998
1.0145610766556876	-0.0	-0.13119281309216002
1.0160619066507404	-0.0	-0.12841314072257246
1.0175627366457933	-0.0	-0.12563184682425407
1.019063566640846	-0.0	-0.12284898453412584
1.0205643966358988	-0.0	-0.12006460699384301
1.0220652266309516	-0.0	-0.11727876729375995
1.0235660566260043	-0.0	-0.11449151855108355
1.0250668866210573	-0.0	-0.11170291385413388
1.02656771661611	-0.0	-0.10891300626796617
1.0280685466111628	-0.0	-0.10612184883799564
1.0295693766062155	-0.0	-0.10332949461292927
1.0310702066012682	-0.0	-0.10053599662079842
1.0325710365963212	-0.0	-0.097741407836706
1.034071866591374	-0.0	-0.09494578124481678
1.035572696586427	-0.0	-0.09214916981124592
1.0370735265814794	-0.0	-0.08935162645099251
1.0385743565765322	-0.0	-0.08655320406581436
1.0400751865715852	-0.0	-0.08375395555476924
1.041576016566638	-0.0	-0.08095393375655215
1.0430768465616909	-0.0	-0.07815319148703713
1.0445776765567436	-0.0	-0.07535178155710502
1.0460785065517963	-0.0	-0.07254975671376016
1.047579336546849	-0.0	-0.06974716968292426
1.0490801665419018	-0.0	-0.06694407317050914
1.0505809965369548	-0.0	-0.06414051983896692
1.0520818265320075	-0.0	-0.06133656231624087
1.0535826565270603	-0.0	-0.058532253180526794
1.055083486522113	-0.0	-0.05572764498890092
1.0565843165171658	-0.0	-0.05292279026204433
1.0580851465122187	-0.0	-0.05011774146600832
1.0595859765072715	-0.0	-0.04731255102760104
1.0610868065023242	-0.0	-0.04450727135006994
1.062587636497377	-0.0	-0.041701954781884744
1.0640884664924297	-0.0	-0.03889665360545647
1.0655892964874827	-0.0	-0.03609142008577529
1.0670901264825354	-0.0	-0.03328630644189352
1.0685909564775882	-0.0	-0.030481364834609042
1.070091786472641	-0.0	-0.027676647372827
1.0715926164676937	-0.0	-0.02487220612202984
1.0730934464627466	-0.0	-0.022068093100837523
1.0745942764577994	-0.0	-0.019264360278011573
1.0760951064528521	-0.0	-0.016461059550262905
1.0775959364479049	-0.0	-0.01365824277073178
1.0790967664429576	-0.0	-0.01085596175213171
1.0805975964380106	-0.0	-0.0080542682444463
1.0820984264330633	-0.0	-0.005253213936630666
1.0835992564281163	-0.0	-0.002452850450138701
1.0851000864231688	0.0	0.0003467706390326826
1.0866009164182218	0.0	0.003145597804560072
1.0881017464132745	0.0	0.00594357959043228
1.0896025764083273	0.0	0.008740664629369857
1.0911034064033802	0.0	0.011536801571033385
1.0926042363984327	0.0	0.01433193914149852
1.0941050663934857	0.0	0.01712602614954378
1.0956058963885384	0.0	0.019919011449441654
1.0971067263835912	0.0	0.022710843970622153
1.0986075563786442	0.0	0.025501472710460344
1.100108386373697	0.0	0.02829084671922266
1.1016092163687496	0.0	0.03107891512100152
1.1031100463638024	0.0	0.033865627133799266
1.1046108763588551	0.0	0.0366509320140107
1.106111706353908	0.0	0.03943477909766357
1.1076125363489608	0.0	0.042217117797496595
1.1091133663440136	0.0	0.04499789760062929
1.1106141963390663	0.0	0.047777068062274185
1.112115026334119	0.0	0.050554578799818894
1.113615856329172	0.0	0.05333037953765432
1.1151166863242248	0.0	0.056104420046072224
1.1166175163192775	0.0	0.05887665017170544
1.1181183463143303	0.0	0.061647019866414736
1.1196191763093832	0.0	0.06441547914445789
1.121120006304436	0.0	0.06718197808537471
1.1226208362994887	0.0	0.06994646685048314
1.1241216662945415	0.0	0.0727088957059962
1.1256224962895942	0.0	0.07546921497556766
1.1271233262846472	0.0	0.07822737506607198
1.1286241562797	0.0	0.08098332647910723
1.1301249862747527	0.0	0.08373701978273708
1.1316258162698054	0.0	0.08648840564522287
1.1331266462648582	0.0	0.08923743482000693
1.1346274762599111	0.0	0.09198405812085739
1.1361283062549639	0.0	0.0947282264637373
1.1376291362500166	0.0	0.0974698908560785
1.1391299662450696	0.0	0.10020900238095123
1.140630796240122	0.0	0.10294551221452189
1.142131626235175	0.0	0.10567937161946937
1.1436324562302278	0.0	0.10841053195253046
1.1451332862252805	0.0	0.11113894464966804
1.1466341162203335	0.0	0.11386456124445359
1.1481349462153863	0.0	0.11658733336192732
1.149635776210439	0.0	0.1193072127072063
1.1511366062054917	0.0	0.12202415108612306
1.1526374362005447	0.0	0.1247381003926871
1.1541382661955975	0.0	0.12744901261807265
1.1556390961906502	0.0	0.13015683984873236
1.157139926185703	0.0	0.1328615342484587
1.1586407561807557	0.0	0.13556304809921743
1.1601415861758086	0.0	0.1382613337580579
1.1616424161708614	0.0	0.1409563436898095
1.1631432461659141	0.0	0.14364803045905536
1.1646440761609669	0.0	0.14633634670398282
1.1661449061560196	0.0	0.14902124518091553
1.1676457361510726	0.0	0.15170267873391022
1.1691465661461253	0.0	0.15438060030818299
1.170647396141178	0.0	0.15705496295247648
1.1721482261362308	0.0	0.15972571980112113
1.1736490561312836	0.0	0.1623928241024043
1.1751498861263365	0.0	0.16505622919234636
1.1766507161213893	0.0	0.1677158885089778
1.178151546116442	0.0	0.17037175560399007
1.1796523761114948	0.0	0.17302378411188832
1.1811532061065475	0.0	0.17567192778594304
1.1826540361016005	0.0	0.1783161404706344
1.1841548660966532	0.0	0.18095637611052948
1.185655696091706	0.0	0.18359258875938075
1.187156526086759	0.0	0.18622473257158229
1.1886573560818114	0.0	0.1888527618057574
1.1901581860768644	0.0	0.19147663082642322
1.1916590160719172	0.0	0.1940962941024739
1.1931598460669701	0.0	0.1967117062073659
1.1946606760620229	0.0	0.1993228218110916
1.1961615060570754	0.0	0.20192959570573737
1.1976623360521284	0.0	0.20453198278269966
1.199163166047181	0.0	0.20712993802513946
1.200663996042234	0.0	0.20972341654611612
1.2021648260372868	0.0	0.2123123735501207
1.2036656560323395	0.0	0.21489676434831467
1.2051664860273923	0.0	0.2174765443678137
1.206667316022445	0.0	0.22005166915423965
1.208168146017498	0.0	0.22262209434982438
1.2096689760125507	0.0	0.2251877756825355
1.2111698060076035	0.0	0.22774866902233368
1.2126706360026562	0.0	0.23030473034366766
1.214171465997709	0.0	0.2328559157200004
1.215672295992762	0.0	0.23540218135325044
1.2171731259878147	0.0	0.23794348353802589
1.2186739559828674	0.0	0.240479778675827
1.2201747859779202	0.0	0.24301102329305915
1.221675615972973	0.0	0.24553717403585443
1.2231764459680259	0.0	0.2480581876391877
1.2246772759630786	0.0	0.2505740209520276
1.2261781059581316	0.0	0.2530846309557562
1.2276789359531841	0.0	0.2555899747372422
1.2291797659482369	0.0	0.2580900094838852
1.2306805959432898	0.0	0.26058469250917315
1.2321814259383426	0.0	0.2630739812443975
1.2336822559333955	0.0	0.26555783321076515
1.235183085928448	0.0	0.2680362060685908
1.2366839159235008	0.0	0.27050905759699145
1.2381847459185538	0.0	0.27297634566130063
1.2396855759136065	0.0	0.27543802825837765
1.2411864059086595	0.0	0.2778940635115401
1.2426872359037122	0.0	0.2803444096444513
1.2441880658987647	0.0	0.2827890249948794
1.2456888958938177	0.0	0.28522786802919614
1.2471897258888704	0.0	0.2876608973326125
1.2486905558839234	0.0	0.29008807159016725
1.2501913858789762	0.0	0.29250934961010266
1.251692215874029	0.0	0.29492469033229773
1.2531930458690816	0.0	0.2973340527978648
1.2546938758641344	0.0	0.29973739617496636
1.2561947058591874	0.0	0.30213467975382197
1.25769553585424	0.0	0.30452586293413253
1.2591963658492928	0.0	0.3069109052313682
1.2606971958443456	0.0	0.3092897662900468
1.2621980258393983	0.0	0.3116624058750045
1.2636988558344513	0.0	0.31402878386814137
1.265199685829504	0.0	0.3163888602778529
1.2667005158245568	0.0	0.3187425952143968
1.2682013458196095	0.0	0.3210899489216644
1.2697021758146623	0.0	0.3234308817661962
1.2712030058097152	0.0	0.3257653542297468
1.272703835804768	0.0	0.3280933269313665
1.2742046657998207	0.0	0.3304147605938541
1.2757054957948735	0.0	0.33272961605529683
1.2772063257899262	0.0	0.33503785430823935
1.2787071557849792	0.0	0.33733943645548453
1.280207985780032	0.0	0.3396343237062099
1.2817088157750849	0.0	0.34192247741317616
1.2832096457701374	0.0	0.3442038590448764
1.2847104757651902	0.0	0.34647843018660845
1.2862113057602431	0.0	0.3487461525479095
1.2877121357552959	0.0	0.35100698798349056
1.2892129657503488	0.0	0.35326089846882497
1.2907137957454016	0.0	0.35550784608232083
1.292214625740454	0.0	0.357747793048115
1.293715455735507	0.0	0.3599807017079259
1.2952162857305598	0.0	0.3622065345366989
1.2967171157256128	0.0	0.3644252541331008
1.2982179457206655	0.0	0.36663682322307073
1.2997187757157183	0.0	0.3688412046641842
1.301219605710771	0.0	0.37103836142860247
1.3027204357058237	0.0	0.3732282566313675
1.3042212657008767	0.0	0.3754108535183441
1.3057220956959295	0.0	0.3775861154415496
1.3072229256909822	0.0	0.3797540058969917
1.308723755686035	0.0	0.38191448851912035
1.3102245856810877	0.0	0.3840675270701384
1.3117254156761406	0.0	0.38621308543327015
1.3132262456711934	0.0	0.38835112761087476
1.3147270756662461	0.0	0.3904816177650953
1.3162279056612989	0.0	0.39260452017007125
1.3177287356563516	0.0	0.3947197992360172
1.3192295656514046	0.0	0.39682741950907474
1.3207303956464573	0.0	0.3989273456643222
1.32223122564151	0.0	0.40101954252781863
1.3237320556365628	0.0	0.40310397503651
1.3252328856316156	0.0	0.40518060824888147
1.3267337156266685	0.0	0.40724940738434845
1.3282345456217213	0.0	0.40931033779773573
1.3297353756167742	0.0	0.41136336496074694
1.3312362056118268	0.0	0.41340845449710195
1.3327370356068795	0.0	0.4154455721567204
1.3342378656019325	0.0	0.41747468381860636
1.3357386955969852	0.0	0.419495755520179
1.3372395255920382	0.0	0.4215087534234297
1.3387403555870907	0.0	0.4235136438392594
1.3402411855821437	0.0	0.4255103931953368
1.3417420155771964	0.0	0.42749896806065785
1.3432428455722492	0.0	0.42947933515778836
1.3447436755673021	0.0	0.4314514613346801
1.3462445055623549	0.0	0.43341531360620683
1.3477453355574076	0.0	0.4353708591005705
1.3492461655524604	0.0	0.4373180650873372
1.350746995547513	0.0	0.4392568989889033
1.352247825542566	0.0	0.4411873283668839
1.3537486555376188	0.0	0.4431093209234817
1.3552494855326715	0.0	0.4450228444937936
1.3567503155277243	0.0	0.4469278670819099
1.358251145522777	0.0	0.4488243568084299
1.35975197551783	0.0	0.45071228194622814
1.3612528055128827	0.0	0.45259161093539735
1.3627536355079355	0.0	0.4544623123307268
1.3642544655029882	0.0	0.4563243548307372
1.365755295498041	0.0	0.4581777073119674
1.367256125493094	0.0	0.460022338776786
1.3687569554881467	0.0	0.46185821836308183
1.3702577854831994	0.0	0.4636853153952691
1.3717586154782522	0.0	0.4655035993071322
1.3732594454733051	0.0	0.4673130396890957
1.3747602754683579	0.0	0.4691136062999116
1.3762611054634106	0.0	0.47090526902900703
1.3777619354584634	0.0	0.47268799793942573
1.3792627654535161	0.0	0.47446176321549194
1.380763595448569	0.0	0.47622653518951463
1.3822644254436218	0.0	0.4779822843960106
1.3837652554386746	0.0	0.47972898148807674
1.3852660854337275	0.0	0.48146659725166724
1.38676691542878	0.0	0.48319510266388493
1.388267745423833	0.0	0.4849144688481531
1.3897685754188858	0.0	0.48662466705390955
1.3912694054139385	0.0	0.48832566872666017
1.3927702354089915	0.0	0.4900174454589338
1.3942710654040442	0.0	0.491699968986547
1.395771895399097	0.0	0.4933732111921915
1.3972727253941497	0.0	0.49503714412884714
1.3987735553892024	0.0	0.4966917400318023
1.4002743853842554	0.0	0.49833697126683557
1.4017752153793082	0.0	0.49997281036361474
1.403276045374361	0.0	0.5015992300162886
1.4047768753694136	0.0	0.5032162030902928
1.4062777053644664	0.0	0.5048237026011927
1.4077785353595194	0.0	0.50642170172652
1.409279365354572	0.0	0.5080101737967843
1.4107801953496248	0.0	0.5095890923190709
1.4122810253446776	0.0	0.5111584309868057
1.4137818553397306	0.0	0.5127181636178385
1.4152826853347833	0.0	0.5142682642144734
1.416783515329836	0.0	0.5158087069486733
1.4182843453248888	0.0	0.5173394661418289
1.4197851753199415	0.0	0.5188605163022998
1.4212860053149945	0.0	0.5203718320976004
1.4227868353100472	0.0	0.5218733883647197
1.4242876653051	0.0	0.5233651601026494
1.4257884953001527	0.0	0.5248471224975724
1.4272893252952055	0.0	0.5263192509115814
1.4287901552902584	0.0	0.5277815208340785
1.4302909852853112	0.0	0.5292339079587814
1.431791815280364	0.0	0.5306763881633076
1.4332926452754169	0.0	0.532108937473518
1.4347934752704694	0.0	0.5335315320988767
1.4362943052655224	0.0	0.5349441484257198
1.4377951352605751	0.0	0.5363467630151096
1.4392959652556279	0.0	0.537739352597213
1.4407967952506808	0.0	0.5391218940928645
1.4422976252457334	0.0	0.540494364586751
1.4437984552407863	0.0	0.5418567413389518
1.445299285235839	0.0	0.5432090017995109
1.446800115230892	0.0	0.5445511235944565
1.4483009452259448	0.0	0.5458830845293883
1.4498017752209975	0.0	0.5472048625798616
1.4513026052160503	0.0	0.5485164359196074
1.452803435211103	0.0	0.5498177828909806
1.454304265206156	0.0	0.551108882020642
1.4558050952012087	0.0	0.5523897120297299
1.4573059251962615	0.0	0.5536602518027909
1.4588067551913142	0.0	0.5549204804362332
1.460307585186367	0.0	0.5561703772033366
1.46180841518142	0.0	0.5574099215417511
1.4633092451764727	0.0	0.5586390930792392
1.4648100751715254	0.0	0.5598578716447362
1.4663109051665781	0.0	0.5610662372610997
1.4678117351616309	0.0	0.5622641701320166
1.4693125651566838	0.0	0.5634516506569459
1.4708133951517366	0.0	0.5646286593955742
1.4723142251467893	0.0	0.5657951771302495
1.473815055141842	0.0	0.5669511848348754
1.4753158851368948	0.0	0.568096663632376
1.4768167151319478	0.0	0.5692315948786562
1.4783175451270005	0.0	0.5703559601210286
1.4798183751220533	0.0	0.5714697410884858
1.481319205117106	0.0	0.5725729197087512
1.4828200351121588	0.0	0.5736654781030643
1.4843208651072117	0.0	0.574747398597831
1.4858216951022645	0.0	0.5758186636819042
1.4873225250973174	0.0	0.5768792560760448
1.4888233550923702	0.0	0.5779291587058111
1.4903241850874227	0.0	0.5789683546523648
1.4918250150824757	0.0	0.5799968272231917
1.4933258450775284	0.0	0.5810145599376382
1.4948266750725814	0.0	0.5820215364864119
1.4963275050676341	0.0	0.583017740769677
1.4978283350626869	0.0	0.5840031568999408
1.4993291650577396	0.0	0.5849777691755319
1.5008299950527924	0.0	0.5859415621173677
1.5023308250478453	0.0	0.586894520435775
1.503831655042898	0.0	0.5878366290300104
1.5053324850379508	0.0	0.5887678730239154
1.5068333150330036	0.0	0.5896882377526748
1.5083341450280563	0.0	0.5905977087418826
1.5098349750231093	0.0	0.5914962717109812
1.511335805018162	0.0	0.5923839126122463
1.5128366350132147	0.0	0.59326061760005
1.5143374650082675	0.0	0.5941263730218738
1.5158382950033202	0.0	0.5949811654369862
1.5173391249983732	0.0	0.5958249816276504
1.518839954993426	0.0	0.5966578085756371
1.5203407849884787	0.0	0.5974796334504999
1.5218416149835314	0.0	0.5982904436727862
1.5233424449785842	0.0	0.5990902268582972
1.5248432749736371	0.0	0.5998789708122076
1.5263441049686899	0.0	0.600656663575669
1.5278449349637429	0.0	0.6014232933957393
1.5293457649587954	0.0	0.6021788487326696
1.5308465949538481	0.0	0.6029233182697419
1.532347424948901	0.0	0.6036566908832366
1.5338482549439538	0.0	0.6043789556682119
1.5353490849390068	0.0	0.6050901019525959
1.5368499149340595	0.0	0.6057901192453682
1.538350744929112	0.0	0.6064789973022849
1.539851574924165	0.0	0.607156726102356
1.5413524049192178	0.0	0.6078232958047918
1.5428532349142707	0.0	0.6084786968098094
1.5443540649093235	0.0	0.6091229197291916
1.545854894904376	0.0	0.6097559553964215
1.547355724899429	0.0	0.6103777948623538
1.5488565548944817	0.0	0.6109884293843789
1.5503573848895347	0.0	0.6115878504641492
1.5518582148845874	0.0	0.6121760498055617
1.5533590448796402	0.0	0.6127530193091731
1.5548598748746927	0.0	0.613318751139664
1.5563607048697456	0.0	0.613873237669804
1.5578615348647986	0.0	0.614416471471241
1.5593623648598514	0.0	0.6149484453603293
1.560863194854904	0.0	0.6154691523585526
1.5623640248499568	0.0	0.6159785857333581
1.5638648548450098	0.0	0.6164767389633514
1.5653656848400623	0.0	0.6169636057339325
1.5668665148351153	0.0	0.6174391799630753
1.568367344830168	0.0	0.6179034557761395
1.5698681748252208	0.0	0.6183564275725955
1.5713690048202735	0.0	0.6187980899302647
1.5728698348153265	0.0	0.6192284376480026
1.5743706648103795	0.0	0.6196474657890477
1.575871494805432	0.0	0.6200551696074912
1.5773723248004847	0.0	0.620451544581713
1.5788731547955377	0.0	0.6208365864399404
1.5803739847905902	0.0	0.6212102911185631
1.5818748147856432	0.0	0.621572654769383
1.5833756447806961	0.0	0.6219236737956392
1.584876474775749	0.0	0.622263344808031
1.5863773047708014	0.0	0.6225916646486851
1.5878781347658544	0.0	0.622908630387124
1.5893789647609073	0.0	0.6232142393244084
1.5908797947559599	0.0	0.6235084889678019
1.5923806247510128	0.0	0.6237913770642801
1.5938814547460656	0.0	0.6240629016121084
1.595382284741118	0.0	0.6243230607995541
1.596883114736171	0.0	0.6245718530602191
1.598383944731224	0.0	0.6248092770476668
1.5998847747262768	0.0	0.6250353316469249
1.6013856047213293	0.0	0.6252500159811067
1.6028864347163823	0.0	0.6254533293839287
1.6043872647114352	0.0	0.6256452714223105
1.6058880947064877	0.0	0.6258258418835031
1.6073889247015407	0.0	0.6259950408025703
1.6088897546965935	0.0	0.6261528684447824
1.6103905846916464	0.0	0.6262993252760273
1.611891414686699	0.0	0.6264344120070465
1.613392244681752	0.0	0.6265581295619967
1.6148930746768049	0.0	0.6266704791145111
1.6163939046718574	0.0	0.6267714620636219
1.6178947346669101	0.0	0.6268610800293952
1.619395564661963	0.0	0.6269393348702044
1.6208963946570156	0.0	0.627006228644522
1.6223972246520686	0.0	0.6270617636526417
1.6238980546471213	0.0	0.627105942452693
1.6253988846421743	0.0	0.6271387678000573
1.6268997146372268	0.0	0.6271602426756252
1.6284005446322798	0.0	0.6271703702916779
1.6299013746273328	0.0	0.6271691540998762
1.6314022046223853	0.0	0.6271565977697343
1.632903034617438	0.0	0.627132705190284
1.634403864612491	0.0	0.6270974805130903
1.6359046946075435	0.0	0.6270509280821619
1.6374055246025965	0.0	0.6269930524882472
1.6389063545976494	0.0	0.6269238585358425
1.6404071845927022	0.0	0.6268433512539179
1.6419080145877547	0.0	0.6267515359088627
1.6434088445828077	0.0	0.6266484179836992
1.6449096745778606	0.0	0.626534003200977
1.6464105045729132	0.0	0.6264082975035403
1.6479113345679661	0.0	0.6262713070572278
1.6494121645630189	0.0	0.6261230382584175
1.6509129945580718	0.0	0.6259634977140918
1.6524138245531244	0.0	0.6257926922824112
1.6539146545481773	0.0	0.6256106290397965
1.65541548454323	0.0	0.6254173152692775
1.6569163145382828	0.0	0.6252127584874199
1.6584171445333356	0.0	0.6249969664336728
1.6599179745283885	0.0	0.6247699470929309
1.661418804523441	0.0	0.6245317086584733
1.662919634518494	0.0	0.624282259522939
1.6644204645135467	0.0	0.6240216083224154
1.6659212945085997	0.0	0.6237497639359568
1.6674221245036522	0.0	0.6234667354531108
1.6689229544987052	0.0	0.6231725321723641
1.6704237844937582	0.0	0.6228671636195625
1.6719246144888107	0.0	0.6225506395439898
1.6734254444838634	0.0	0.6222229699178137
1.6749262744789164	0.0	0.6218841649175915
1.676427104473969	0.0	0.621534234959778
1.6779279344690219	0.0	0.6211731906931064
1.6794287644640746	0.0	0.6208010429610832
1.6809295944591276	0.0	0.6204178028343517
1.6824304244541801	0.0	0.6200234816104703
1.683931254449233	0.0	0.6196180907863204
1.685432084444286	0.0	0.6192016420714211
1.6869329144393386	0.0	0.6187741474425228
1.6884337444343913	0.0	0.6183356190502883
1.6899345744294443	0.0	0.6178860692659337
1.6914354044244972	0.0	0.617425510693989
1.6929362344195498	0.0	0.6169539561366796
1.6944370644146027	0.0	0.6164714186272142
1.6959378944096555	0.0	0.6159779113943891
1.697438724404708	0.0	0.6154734478970961
1.698939554399761	0.0	0.6149580418108228
1.700440384394814	0.0	0.6144317070041658
1.7019412143898665	0.0	0.6138944575795905
1.7034420443849194	0.0	0.6133463078543452
1.7049428743799722	0.0	0.6127872723313159
1.7064437043750251	0.0	0.612217365740563
1.7079445343700776	0.0	0.6116366030396162
1.7094453643651306	0.0	0.6110449993619894
1.7109461943601834	0.0	0.6104425700803173
1.712447024355236	0.0	0.6098293307678521
1.7139478543502888	0.0	0.6092052971802282
1.7154486843453418	0.0	0.6085704853289933
1.7169495143403943	0.0	0.607924911409594
1.7184503443354473	0.0	0.6072685918069987
1.7199511743305	0.0	0.6066015431320173
1.721452004325553	0.0	0.6059237822059164
1.7229528343206055	0.0	0.6052353260409258
1.7244536643156585	0.0	0.6045361918586218
1.7259544943107115	0.0	0.6038263970773143
1.727455324305764	0.0	0.6031059593376419
1.7289561543008167	0.0	0.6023748964766068
1.7304569842958697	0.0	0.60163322652887
1.7319578142909227	0.0	0.6008809677158762
1.7334586442859752	0.0	0.6001181384583563
1.7349594742810281	0.0	0.599344757417678
1.736460304276081	0.0	0.5985608434301578
1.7379611342711334	0.0	0.5977664155170838
1.7394619642661864	0.0	0.5969614929167834
1.7409627942612393	0.0	0.5961460950599907
1.7424636242562919	0.0	0.5953202415565674
1.7439644542513446	0.0	0.5944839522369284
1.7454652842463976	0.0	0.5936372471292951
1.7469661142414505	0.0	0.5927801464325467
1.748466944236503	0.0	0.591912670551358
1.749967774231556	0.0	0.5910348400976416
1.7514686042266088	0.0	0.590146675856705
1.7529694342216613	0.0	0.5892481988062991
1.7544702642167143	0.0	0.5883394301153233
1.7559710942117672	0.0	0.5874203911579916
1.75747192420682	0.0	0.58649110349116
1.7589727542018727	0.0	0.5855515888414541
1.7604735841969255	0.0	0.5846018691318637
1.7619744141919784	0.0	0.5836419665012718
1.763475244187031	0.0	0.5826719032641008
1.764976074182084	0.0	0.5816917018858655
1.7664769041771367	0.0	0.5807013850569981
1.7679777341721894	0.0	0.5797009756374054
1.7694785641672421	0.0	0.5786904966617574
1.770979394162295	0.0	0.5776699713764746
1.772480224157348	0.0	0.5766394231657168
1.7739810541524006	0.0	0.5755988756246916
1.7754818841474533	0.0	0.5745483525387195
1.7769827141425063	0.0	0.5734878778517584
1.7784835441375588	0.0	0.5724174757032787
1.7799843741326118	0.0	0.571337170385175
1.7814852041276648	0.0	0.5702469863807854
1.7829860341227173	0.0	0.5691469483613057
1.78448686411777	0.0	0.5680370811649645
1.785987694112823	0.0	0.566917409809525
1.787488524107876	0.0	0.5657879594773796
1.7889893541029285	0.0	0.5646487555389252
1.7904901840979814	0.0	0.563499823538398
1.7919910140930342	0.0	0.5623411891623964
1.7934918440880867	0.0	0.5611728782917378
1.7949926740831397	0.0	0.5599949169719792
1.7964935040781926	0.0	0.55880733142788
1.7979943340732454	0.0	0.5576101480422073
1.7994951640682981	0.0	0.5564033933785579
1.8009959940633509	0.0	0.5551870941704466
1.8024968240584038	0.0	0.5539612772799921
1.8039976540534564	0.0	0.552725969763864
1.8054984840485093	0.0	0.5514811988615961
1.806999314043562	0.0	0.550226991948168
1.8085001440386146	0.0	0.5489633765467665
1.8100009740336676	0.0	0.5476903803813803
1.8115018040287205	0.0	0.5464080313350052
1.8130026340237735	0.0	0.5451163574223477
1.814503464018826	0.0	0.5438153868432339
1.8160042940138788	0.0	0.5425051479541299
1.8175051240089317	0.0	0.5411856692646645
1.8190059540039842	0.0	0.5398569794227612
1.8205067839990372	0.0	0.5385191072447081
1.82200761399409	0.0	0.5371720817322455
1.8235084439891427	0.0	0.5358159320174564
1.8250092739841954	0.0	0.534450687375008
1.8265101039792484	0.0	0.5330763772463792
1.8280109339743014	0.0	0.5316930312423012
1.8295117639693539	0.0	0.5303006790821354
1.8310125939644066	0.0	0.5288993506657034
1.8325134239594596	0.0	0.5274890760624854
1.8340142539545121	0.0	0.5260698854533297
1.835515083949565	0.0	0.5246418091813092
1.837015913944618	0.0	0.5232048777424383
1.8385167439396708	0.0	0.5217591217558976
1.8400175739347233	0.0	0.5203045720191449
1.8415184039297763	0.0	0.5188412594826166
1.8430192339248292	0.0	0.5173692151986475
1.8445200639198818	0.0	0.5158884703741045
1.8460208939149347	0.0	0.5143990563788188
1.8475217239099875	0.0	0.5129010047158117
1.84902255390504	0.0	0.5113943470294688
1.850523383900093	0.0	0.5098791150969959
1.852024213895146	0.0	0.508355340845026
1.8535250438901987	0.0	0.5068230563407796
1.8550258738852514	0.0	0.5052822937766414
1.8565267038803042	0.0	0.5037330854700485
1.8580275338753571	0.0	0.502175463907062
1.8595283638704097	0.0	0.5006094617201374
1.8610291938654626	0.0	0.49903511162742886
1.8625300238605154	0.0	0.49745244646888864
1.864030853855568	0.0	0.49586149927239986
1.8655316838506208	0.0	0.49426230321346054
1.8670325138456738	0.0	0.4926548915399893
1.8685333438407268	0.0	0.4910392976552869
1.8700341738357793	0.0	0.48941555508016177
1.871535003830832	0.0	0.48778369747534406
1.873035833825885	0.0	0.48614375864041287
1.8745366638209375	0.0	0.4844957724817658
1.8760374938159905	0.0	0.4828397730481632
1.8775383238110435	0.0	0.4811757944889331
1.8790391538060962	0.0	0.47950387109103193
1.8805399838011487	0.0	0.4778240372942463
1.8820408137962017	0.0	0.4761363276181437
1.8835416437912547	0.0	0.47444077672850116
1.8850424737863072	0.0	0.47273741941492803
1.88654330378136	0.0	0.4710262905632737
1.888044133776413	0.0	0.4693074252180249
1.8895449637714654	0.0	0.46758085851513675
1.8910457937665184	0.0	0.4658466256677566
1.8925466237615713	0.0	0.46410476208846513
1.894047453756624	0.0	0.4623553032970685
1.8955482837516766	0.0	0.4605982848678176
1.8970491137467296	0.0	0.45883374253016074
1.8985499437417825	0.0	0.457061712135714
1.900050773736835	0.0	0.45528222962808024
1.901551603731888	0.0	0.4534953310582723
1.9030524337269408	0.0	0.4517010526211824
1.9045532637219937	0.0	0.44989943060102633
1.9060540937170463	0.0	0.4480905013841779
1.9075549237120992	0.0	0.44627430150388603
1.909055753707152	0.0	0.44445086756456276
1.9105565837022047	0.0	0.4426202362816179
1.9120574136972575	0.0	0.44078244449177845
1.9135582436923104	0.0	0.4389375291236103
1.915059073687363	0.0	0.43708552723505945
1.916559903682416	0.0	0.4352264759675887
1.9180607336774687	0.0	0.43336041258316427
1.9195615636725216	0.0	0.4314873744243101
1.9210623936675741	0.0	0.4296073989463972
1.922563223662627	0.0	0.42772052373414027
1.92406405365768	0.0	0.42582678642588484
1.9255648836527326	0.0	0.42392622478421577
1.9270657136477853	0.0	0.4220188766754665
1.9285665436428383	0.0	0.42010478005337043
1.9300673736378908	0.0	0.41818397298510024
1.9315682036329438	0.0	0.4162564936159818
1.9330690336279968	0.0	0.4143223802002679
1.9345698636230495	0.0	0.41238167107535784
1.936070693618102	0.0	0.4104344046792555
1.937571523613155	0.0	0.4084806195645134
1.939072353608208	0.0	0.40652035436072803
1.9405731836032605	0.0	0.4045536477688806
1.9420740135983134	0.0	0.40258053861504217
1.9435748435933662	0.0	0.40060106581275823
1.9450756735884192	0.0	0.39861526832439687
1.9465765035834717	0.0	0.39662318524873413
1.9480773335785246	0.0	0.3946248557690614
1.9495781635735774	0.0	0.39262031913328627
1.95107899356863	0.0	0.39060961469010563
1.9525798235636829	0.0	0.3885927818792415
1.9540806535587358	0.0	0.3865698602127624
1.9555814835537884	0.0	0.38454088929827407
1.9570823135488413	0.0	0.38250590881547
1.958583143543894	0.0	0.38046495854683027
1.960083973538947	0.0	0.37841807835110225
1.9615848035339996	0.0	0.376365308150281
1.9630856335290525	0.0	0.3743066879699621
1.9645864635241053	0.0	0.37224225791152726
1.966087293519158	0.0	0.37017205815521464
1.9675881235142108	0.0	0.36809612894036736
1.9690889535092637	0.0	0.36601451063104884
1.9705897835043162	0.0	0.36392724363415313
1.9720906134993692	0.0	0.3618343684154208
1.973591443494422	0.0	0.35973592556693973
1.975092273489475	0.0	0.35763195571778483
1.9765931034845274	0.0	0.3555224995779585
1.9780939334795804	0.0	0.35340759794560306
1.9795947634746334	0.0	0.3512872916912074
1.981095593469686	0.0	0.3491616217425162
1.9825964234647386	0.0	0.34703062910110005
1.9840972534597916	0.0	0.3448943548476448
1.9855980834548446	0.0	0.34275284013059637
1.987098913449897	0.0	0.34060612616371966
1.98859974344495	0.0	0.3384542542238423
1.9901005734400028	0.0	0.33629726570093516
1.9916014034350553	0.0	0.3341352019978035
1.9931022334301083	0.0	0.3319681045821278
1.9946030634251612	0.0	0.32979601502822187
1.9961038934202138	0.0	0.32761897495082637
1.9976047234152667	0.0	0.32543702602478575
1.9991055534103195	0.0	0.32325020999311144
2.0006063834053722	0.0	0.32105856869035754
2.002107213400425	0.0	0.31886214396779644
2.0036080433954777	0.0	0.3166609777426481
2.005108873390531	0.0	0.3144551120254508
2.006609703385583	0.0	0.31224458888078055
2.0081105333806364	0.0	0.31002945042358976
2.009611363375689	0.0	0.3078097387951286
2.011112193370742	0.0	0.30558549623795445
2.0126130233657946	0.0	0.3033567650482188
2.0141138533608474	0.0	0.30112358754737234
2.0156146833559005	0.0	0.2988860061504057
2.017115513350953	0.0	0.2966440633033047
2.0186163433460056	0.0	0.29439780150916284
2.020117173341059	0.0	0.292147263327294
2.021618003336111	0.0	0.2898924913555895
2.0231188333311643	0.0	0.2876335282906586
2.024619663326217	0.0	0.28537041683543557
2.0261204933212698	0.0	0.2831031997407528
2.0276213233163225	0.0	0.28083191983729744
2.0291221533113752	0.0	0.27855661998357095
2.0306229833064284	0.0	0.2762773430970319
2.0321238133014807	0.0	0.2739941321218065
2.0336246432965335	0.0	0.271707030070373
2.0351254732915867	0.0	0.2694160800187161
2.036626303286639	0.0	0.2671213250522522
2.038127133281692	0.0	0.264822808301374
2.039627963276745	0.0	0.2625205729397858
2.0411287932717976	0.0	0.26021466222393186
2.0426296232668504	0.0	0.25790511943292926
2.044130453261903	0.0	0.25559198787855475
2.0456312832569563	0.0	0.25327531090779665
2.0471321132520086	0.0	0.2509551318860257
2.048632943247062	0.0	0.24863149428483938
2.0501337732421145	0.0	0.24630444158508175
2.0516346032371673	0.0	0.24397401726297357
2.05313543323222	0.0	0.24164026487669876
2.0546362632272728	0.0	0.23930322802594053
2.0561370932223255	0.0	0.23696295032255085
2.0576379232173783	0.0	0.2346194754373759
2.059138753212431	0.0	0.23227284705982937
2.060639583207484	0.0	0.22992310890850756
2.0621404132025365	0.0	0.22757030472819362
2.0636412431975897	0.0	0.22521447831852237
2.0651420731926424	0.0	0.22285567350231944
2.066642903187695	0.0	0.22049393411317364
2.068143733182748	0.0	0.21812930406497255
2.0696445631778007	0.0	0.21576182725399792
2.071145393172854	0.0	0.21339154761884457
2.072646223167906	0.0	0.2110185091293244
2.074147053162959	0.0	0.20864275577496325
2.075647883158012	0.0	0.20626433159717977
2.0771487131530644	0.0	0.2038832806072112
2.0786495431481176	0.0	0.20149964688342614
2.0801503731431703	0.0	0.19911347454650627
2.081651203138223	0.0	0.19672480769050266
2.083152033133276	0.0	0.19433369047227028
2.0846528631283285	0.0	0.19194016705447098
2.0861536931233817	0.0	0.1895442816142656
2.087654523118434	0.0	0.18714607836306485
2.089155353113487	0.0	0.18474560152544678
2.09065618310854	0.0	0.1823428953495132
2.0921570131035927	0.0	0.17993800408014807
2.0936578430986454	0.0	0.1775309720035867
2.095158673093698	0.0	0.1751218434275169
2.096659503088751	0.0	0.17271066266262244
2.0981603330838037	0.0	0.17029747403101603
2.0996611630788564	0.0	0.1678823218743025
2.1011619930739096	0.0	0.16546525054895544
2.102662823068962	0.0	0.16304630442395013
2.104163653064015	0.0	0.16062552786275067
2.105664483059068	0.0	0.1582029652841537
2.1071653130541206	0.0	0.15577866112241645
2.1086661430491733	0.0	0.15335265973686052
2.110166973044226	0.0	0.15092500555789645
2.111667803039279	0.0	0.14849574304138186
2.1131686330343316	0.0	0.14606491661044088
2.1146694630293843	0.0	0.14363257071445837
2.1161702930244375	0.0	0.14119874981987018
2.11767112301949	0.0	0.1387634983829408
2.119171953014543	0.0	0.13632686085164958
2.1206727830095957	0.0	0.13388888170389834
2.1221736130046485	0.0	0.13144960541988213
2.123674442999701	0.0	0.12900907645198173
2.125175272994754	0.0	0.12656733930972283
2.126676102989807	0.0	0.12412443847337444
2.1281769329848594	0.0	0.12168041838496103
2.129677762979912	0.0	0.1192353235422834
2.1311785929749654	0.0	0.1167891984217639
2.132679422970018	0.0	0.11434208750903464
2.134180252965071	0.0	0.111894035260582
2.1356810829601236	0.0	0.10944508616055859
2.1371819129551763	0.0	0.10699528466748508
2.138682742950229	0.0	0.10454467524875899
2.140183572945282	0.0	0.10209330235764881
2.141684402940335	0.0	0.09964121043225842
2.1431852329353873	0.0	0.09718844395063757
2.1446860629304405	0.0	0.09473504733557753
2.1461868929254933	0.0	0.09228106500524613
2.147687722920546	0.0	0.08982654138073326
2.1491885529155987	0.0	0.087371520873882
2.1506893829106515	0.0	0.08491604788403387
2.1521902129057042	0.0	0.08246016678164353
2.153691042900757	0.0	0.0800039219654977
2.1551918728958097	0.0	0.0775473577974701
2.156692702890863	0.0	0.07509051862116284
2.158193532885915	0.0	0.07263344875905854
2.1596943628809684	0.0	0.07017619253400964
2.161195192876021	0.0	0.06771879428721414
2.162696022871074	0.0	0.0652612982716561
2.1641968528661266	0.0	0.06280374875722265
2.1656976828611794	0.0	0.060346190016316026
2.1671985128562326	0.0	0.057888666289196776
2.168699342851285	0.0	0.05543122178087688
2.1702001728463376	0.0	0.05297390067436107
2.171701002841391	0.0	0.050516747153282845
2.1732018328364435	0.0	0.04805980538015616
2.1747026628314963	0.0	0.0456031194876095
2.176203492826549	0.0	0.04314673357834888
2.1777043228216018	0.0	0.040690691735773124
2.1792051528166545	0.0	0.03823503802537937
2.1807059828117072	0.0	0.03577981649476305
2.1822068128067604	0.0	0.03332507114214201
2.1837076428018127	0.0	0.0308708459381418
2.1852084727968655	0.0	0.028417184864077218
2.1867093027919187	0.0	0.02596413184922239
2.1882101327869714	0.0	0.023511730782609624
2.189710962782024	0.0	0.021060025534185952
2.191211792777077	0.0	0.018609059960583096
2.1927126227721296	0.0	0.016158877863211234
2.1942134527671824	0.0	0.013709523014186872
2.195714282762235	0.0	0.011261039178894875
2.1972151127572883	0.0	0.008813470062135467
2.198715942752341	0.0	0.006366859350807174
2.200216772747394	0.0	0.003921250691159841
2.2017176027424465	0.0	0.0014766876794369372
2.2032184327374993	-0.0	-0.000966786087970123
2.204719262732552	-0.0	-0.0034091270659338626
2.2062200927276048	-0.0	-0.005850291759296198
2.2077209227226575	-0.0	-0.008290236704263996
2.2092217527177103	-0.0	-0.01072891847170091
2.210722582712763	-0.0	-0.013166293678149501
2.212223412707816	-0.0	-0.015602318973921432
2.213724242702869	-0.0	-0.018036951028709537
2.2152250726979217	-0.0	-0.020470146603675424
2.2167259026929744	-0.0	-0.022901862468080843
2.218226732688027	-0.0	-0.025332055400915116
2.21972756268308	-0.0	-0.027760682284509165
2.2212283926781327	-0.0	-0.030187700034482165
2.222729222673186	-0.0	-0.03261306559397161
2.224230052668238	-0.0	-0.03503673596118859
2.225730882663291	-0.0	-0.037458668163600876
2.227231712658344	-0.0	-0.039878819275575725
2.228732542653397	-0.0	-0.042297146442791256
2.2302333726484496	-0.0	-0.044713606850501665
2.2317342026435023	-0.0	-0.04712815771724939
2.233235032638555	-0.0	-0.04954075632663697
2.234735862633608	-0.0	-0.05195135999189351
2.2362366926286605	-0.0	-0.054359926093379425
2.2377375226237137	-0.0	-0.05676641207917831
2.2392383526187665	-0.0	-0.05917077540536293
2.2407391826138188	-0.0	-0.06157297361411171
2.242240012608872	-0.0	-0.06397296429346691
2.2437408426039247	-0.0	-0.066370705081995
2.2452416725989774	-0.0	-0.06876615368254578
2.24674250259403	-0.0	-0.07115926782626412
2.248243332589083	-0.0	-0.07355000531272075
2.2497441625841357	-0.0	-0.07593832401398086
2.2512449925791884	-0.0	-0.07832418185207903
2.2527458225742416	-0.0	-0.08070753680257
2.2542466525692944	-0.0	-0.08308834689415878
2.255747482564347	-0.0	-0.0854665701923894
2.2572483125594	-0.0	-0.08784216487014204
2.2587491425544526	-0.0	-0.09021508914967455
2.2602499725495053	-0.0	-0.09258530128509047
2.261750802544558	-0.0	-0.09495275961977998
2.263251632539611	-0.0	-0.09731742255194785
2.2647524625346636	-0.0	-0.09967924852769705
2.2662532925297163	-0.0	-0.10203819605926322
2.2677541225247695	-0.0	-0.10439422373636968
2.2692549525198222	-0.0	-0.10674729020717919
2.270755782514875	-0.0	-0.10909735419183113
2.2722566125099277	-0.0	-0.11144437446050826
2.2737574425049805	-0.0	-0.11378830986960996
2.275258272500033	-0.0	-0.11612911934059568
2.276759102495086	-0.0	-0.11846676183979007
2.278259932490139	-0.0	-0.12080119638607627
2.279760762485192	-0.0	-0.12313238210778182
2.281261592480244	-0.0	-0.12546027822333458
2.2827624224752974	-0.0	-0.1277848439637749
2.28426325247035	-0.0	-0.1301060386451762
2.285764082465403	-0.0	-0.13242382167556152
2.2872649124604556	-0.0	-0.1347381525047861
2.2887657424555083	-0.0	-0.1370489906752097
2.290266572450561	-0.0	-0.13935629581500172
2.291767402445614	-0.0	-0.14166002760422433
2.293268232440667	-0.0	-0.14396014579465746
2.2947690624357198	-0.0	-0.14625661021886055
2.2962698924307725	-0.0	-0.14854938079109725
2.2977707224258253	-0.0	-0.15083841749446397
2.299271552420878	-0.0	-0.15312368038647486
2.3007723824159307	-0.0	-0.15540512959491937
2.3022732124109835	-0.0	-0.15768272534364206
2.3037740424060362	-0.0	-0.15995642792787237
2.3052748724010894	-0.0	-0.16222619769343788
2.3067757023961417	-0.0	-0.16449199509287363
2.308276532391195	-0.0	-0.16675378067924518
2.3097773623862476	-0.0	-0.16901151505621625
2.3112781923813004	-0.0	-0.17126515889702315
2.312779022376353	-0.0	-0.17351467295693915
2.314279852371406	-0.0	-0.17576001811066855
2.3157806823664586	-0.0	-0.17800115530134147
2.3172815123615114	-0.0	-0.1802380455196903
2.318782342356564	-0.0	-0.18247064986996042
2.3202831723516173	-0.0	-0.1846989295571867
2.3217840023466696	-0.0	-0.1869228458398132
2.323284832341723	-0.0	-0.18914236005299492
2.3247856623367755	-0.0	-0.19135743363238047
2.3262864923318283	-0.0	-0.19356802812731647
2.327787322326881	-0.0	-0.19577410514740115
2.3292881523219338	-0.0	-0.1979756263601175
2.3307889823169865	-0.0	-0.20017255357875108
2.3322898123120392	-0.0	-0.20236484868320098
2.3337906423070924	-0.0	-0.20455247360784806
2.335291472302145	-0.0	-0.20673539041704544
2.3367923022971975	-0.0	-0.2089135612517093
2.3382931322922507	-0.0	-0.21108694833886132
2.3397939622873034	-0.0	-0.213255514020035
2.341294792282356	-0.0	-0.21541922069254013
2.342795622277409	-0.0	-0.21757803085969116
2.3442964522724616	-0.0	-0.21973190713165783
2.345797282267515	-0.0	-0.221880812181007
2.347298112262567	-0.0	-0.22402470879496503
2.3487989422576203	-0.0	-0.22616355987245898
2.350299772252673	-0.0	-0.22829732837044847
2.351800602247726	-0.0	-0.23042597734923467
2.3533014322427785	-0.0	-0.2325494699979814
2.3548022622378313	-0.0	-0.23466776957509203
2.356303092232884	-0.0	-0.23678083940476977
2.3578039222279368	-0.0	-0.23888864293978454
2.3593047522229895	-0.0	-0.24099114375000696
2.3608055822180427	-0.0	-0.243088305481168
2.362306412213095	-0.0	-0.24518009186392062
2.363807242208148	-0.0	-0.2472664667631066
2.365308072203201	-0.0	-0.24934739414476395
2.3668089021982537	-0.0	-0.251422838011178
2.3683097321933064	-0.0	-0.25349276252319713
2.369810562188359	-0.0	-0.2555571319383538
2.371311392183412	-0.0	-0.2576159105912611
2.3728122221784647	-0.0	-0.25966906294609765
2.374313052173518	-0.0	-0.26171655355606965
2.3758138821685706	-0.0	-0.2637583470662589
2.377314712163623	-0.0	-0.26579440824154793
2.378815542158676	-0.0	-0.2678247019339608
2.380316372153729	-0.0	-0.26984919313377853
2.3818172021487816	-0.0	-0.271867846929113
2.3833180321438343	-0.0	-0.27388062846411104
2.384818862138887	-0.0	-0.2758875030302019
2.3863196921339402	-0.0	-0.27788843603521246
2.3878205221289925	-0.0	-0.27988339297825376
2.3893213521240457	-0.0	-0.281872339459633
2.3908221821190985	-0.0	-0.283855241203157
2.3923230121141508	-0.0	-0.28583206402887257
2.393823842109204	-0.0	-0.2878027738705244
2.3953246721042567	-0.0	-0.2897673367741867
2.3968255020993094	-0.0	-0.2917257188970796
2.398326332094362	-0.0	-0.29367788650483184
2.399827162089415	-0.0	-0.2956238059593124
2.401327992084468	-0.0	-0.2975634437518816
2.4028288220795204	-0.0	-0.29949676648855933
2.4043296520745736	-0.0	-0.3014237408919484
2.4058304820696264	-0.0	-0.30334433379394815
2.407331312064679	-0.0	-0.3052585121220322
2.408832142059732	-0.0	-0.3071662429209969
2.4103329720547846	-0.0	-0.30906749336572176
2.4118338020498373	-0.0	-0.31096223074807594
2.41333463204489	-0.0	-0.3128504224621607
2.414835462039943	-0.0	-0.31473203601840133
2.416336292034996	-0.0	-0.3166070390618556
2.4178371220300483	-0.0	-0.3184753993566425
2.4193379520251015	-0.0	-0.32033708475416994
2.4208387820201542	-0.0	-0.3221920632345239
2.422339612015207	-0.0	-0.3240403029146788
2.4238404420102597	-0.0	-0.32588177202168234
2.4253412720053125	-0.0	-0.32771643889698315
2.4268421020003657	-0.0	-0.32954427201529357
2.428342931995418	-0.0	-0.33136523997157086
2.429843761990471	-0.0	-0.33317931145897245
2.431344591985524	-0.0	-0.33498645530865434
2.432845421980576	-0.0	-0.33678664048462953
2.4343462519756294	-0.0	-0.33857983606449815
2.435847081970682	-0.0	-0.3403660112389665
2.437347911965735	-0.0	-0.3421451353251991
2.4388487419607876	-0.0	-0.3439171778000705
2.4403495719558403	-0.0	-0.3456821082299634
2.4418504019508935	-0.0	-0.34743989629433
2.443351231945946	-0.0	-0.3491905118370663
2.444852061940999	-0.0	-0.3509339248276021
2.4463528919360518	-0.0	-0.35267010533375276
2.447853721931104	-0.0	-0.35439902355996317
2.4493545519261573	-0.0	-0.35612064983576835
2.45085538192121	-0.0	-0.35783495462995923
2.452356211916263	-0.0	-0.35954190856559937
2.4538570419113155	-0.0	-0.3612414823562964
2.4553578719063682	-0.0	-0.3629336468508454
2.4568587019014214	-0.0	-0.364618373040922
2.4583595318964737	-0.0	-0.36629563204306986
2.459860361891527	-0.0	-0.36796539511778603
2.4613611918865796	-0.0	-0.3696276336581287
2.4628620218816324	-0.0	-0.3712823191664896
2.464362851876685	-0.0	-0.37292942329265366
2.465863681871738	-0.0	-0.3745689178450056
2.467364511866791	-0.0	-0.3762007747286145
2.4688653418618434	-0.0	-0.37782496598318166
2.470366171856896	-0.0	-0.37944146384462435
2.4718670018519493	-0.0	-0.3810502406395149
2.4733678318470016	-0.0	-0.3826512688025018
2.474868661842055	-0.0	-0.38424452095878986
2.4763694918371075	-0.0	-0.3858299698611155
2.4778703218321603	-0.0	-0.3874075883789827
2.479371151827213	-0.0	-0.38897734954312174
2.4808719818222658	-0.0	-0.39053922651719397
2.482372811817319	-0.0	-0.3920931925914303
2.4838736418123712	-0.0	-0.39363922122664535
2.4853744718074244	-0.0	-0.3951772859986463
2.486875301802477	-0.0	-0.39670736063233497
2.4883761317975295	-0.0	-0.39822941901002945
2.4898769617925827	-0.0	-0.39974343515145455
2.4913777917876354	-0.0	-0.4012493832062703
2.492878621782688	-0.0	-0.40274723748758207
2.494379451777741	-0.0	-0.40423697244715945
2.4958802817727936	-0.0	-0.40571856266922235
2.497381111767847	-0.0	-0.4071919829033964
2.498881941762899	-0.0	-0.4086572080310178
2.5003827717579523	-0.0	-0.410114213100234
2.501883601753005	-0.0	-0.4115629732930112
2.503384431748058	-0.0	-0.4130034639248758
2.5048852617431105	-0.0	-0.41443566049577096
2.5063860917381633	-0.0	-0.4158595386525152
2.5078869217332165	-0.0	-0.41727507416649906
2.509387751728269	-0.0	-0.4186822429591324
2.5108885817233215	-0.0	-0.420081021127809
2.5123894117183747	-0.0	-0.421471384916095
2.513890241713427	-0.0	-0.4228533106968631
2.51539107170848	-0.0	-0.424226775033321
2.516891901703533	-0.0	-0.4255917546381037
2.5183927316985857	-0.0	-0.4269482263422044
2.5198935616936384	-0.0	-0.4282961671647691
2.521394391688691	-0.0	-0.4296355542797713
2.5228952216837444	-0.0	-0.4309663649915264
2.5243960516787967	-0.0	-0.43228857677667226
2.5258968816738494	-0.0	-0.43360216729175133
2.5273977116689026	-0.0	-0.4349071143300838
2.528898541663955	-0.0	-0.4362033958266129
2.530399371659008	-0.0	-0.4374909899087252
2.531900201654061	-0.0	-0.43876987484180563
2.5334010316491136	-0.0	-0.4400400290719204
2.5349018616441663	-0.0	-0.44130143119889054
2.536402691639219	-0.0	-0.442554059959167
2.5379035216342722	-0.0	-0.44379789428981803
2.5394043516293245	-0.0	-0.44503291328040906
2.5409051816243777	-0.0	-0.44625909617599885
2.5424060116194305	-0.0	-0.4474764223701488
2.5439068416144828	-0.0	-0.44868487144142905
2.545407671609536	-0.0	-0.4498844231537516
2.5469085016045887	-0.0	-0.45107505739619225
2.5484093315996414	-0.0	-0.4522567542506028
2.549910161594694	-0.0	-0.45342949396564647
2.551410991589747	-0.0	-0.4545932569479576
2.5529118215848	-0.0	-0.45574802377382995
2.5544126515798524	-0.0	-0.4568937751942096
2.5559134815749056	-0.0	-0.4580304921321061
2.5574143115699584	-0.0	-0.45915815565899465
2.558915141565011	-0.0	-0.4602767470413827
2.560415971560064	-0.0	-0.46138624770892733
2.5619168015551166	-0.0	-0.46248663927647926
2.5634176315501698	-0.0	-0.4635779035285114
2.564918461545222	-0.0	-0.46466002238597875
2.566419291540275	-0.0	-0.4657329779843236
2.567920121535328	-0.0	-0.46679675261973363
2.5694209515303803	-0.0	-0.4678513287735903
2.5709217815254335	-0.0	-0.4688966890992645
2.5724226115204862	-0.0	-0.469932816403364
2.573923441515539	-0.0	-0.4709596936837193
2.5754242715105917	-0.0	-0.4719773041388892
2.5769251015056445	-0.0	-0.47298563113686976
2.5784259315006977	-0.0	-0.47398465817230034
2.57992676149575	-0.0	-0.47497436897801654
2.581427591490803	-0.0	-0.4759547474720475
2.582928421485856	-0.0	-0.47692577771715267
2.584429251480908	-0.0	-0.47788744395399846
2.5859300814759614	-0.0	-0.4788397306298977
2.587430911471014	-0.0	-0.4797826223706993
2.588931741466067	-0.0	-0.4807161039743154
2.5904325714611196	-0.0	-0.4816401604330619
2.5919334014561723	-0.0	-0.48255477690103543
2.5934342314512255	-0.0	-0.4834599387316186
2.594935061446278	-0.0	-0.48435563148406335
2.596435891441331	-0.0	-0.4852418408782191
2.5979367214363838	-0.0	-0.4861185528112878
2.5994375514314365	-0.0	-0.486985753397215
2.6009383814264893	-0.0	-0.48784342890973
2.602439211421542	-0.0	-0.4886915658083105
2.6039400414165947	-0.0	-0.4895301507709165
2.6054408714116475	-0.0	-0.49035917064091344
2.6069417014067002	-0.0	-0.4911786124450483
2.6084425314017534	-0.0	-0.49198846341549357
2.6099433613968057	-0.0	-0.49278871097841864
2.611444191391859	-0.0	-0.4935793427282093
2.6129450213869116	-0.0	-0.4943603464787322
2.6144458513819644	-0.0	-0.495131710222834
2.615946681377017	-0.0	-0.49589342212276144
2.61744751137207	-0.0	-0.4966454705667148
2.618948341367123	-0.0	-0.49738784412864295
2.6204491713621754	-0.0	-0.4981205315610677
2.621950001357228	-0.0	-0.49884352182097497
2.6234508313522813	-0.0	-0.49955680407928327
2.6249516613473336	-0.0	-0.5002603676738702
2.626452491342387	-0.0	-0.5009542021327633
2.6279533213374395	-0.0	-0.5016382972012149
2.6294541513324923	-0.0	-0.502312642825686
2.630954981327545	-0.0	-0.5029772291377949
2.6324558113225978	-0.0	-0.503632046454316
2.633956641317651	-0.0	-0.5042770852927525
2.6354574713127032	-0.0	-0.5049123364146105
2.6369583013077564	-0.0	-0.5055377907374811
2.638459131302809	-0.0	-0.5061534393659612
2.639959961297862	-0.0	-0.5067592736305646
2.6414607912929147	-0.0	-0.5073552850406738
2.6429616212879674	-0.0	-0.5079414653414633
2.64446245128302	-0.0	-0.5085178064627836
2.645963281278073	-0.0	-0.5090843005189388
2.6474641112731256	-0.0	-0.5096409398454527
2.648964941268179	-0.0	-0.5101877169685535
2.650465771263231	-0.0	-0.5107246245948177
2.6519666012582843	-0.0	-0.5112516556838133
2.653467431253337	-0.0	-0.5117688033825575
2.65496826124839	-0.0	-0.5122760610130163
2.6564690912434425	-0.0	-0.5127734221447465
2.6579699212384953	-0.0	-0.5132608805029089
2.6594707512335485	-0.0	-0.5137384300417246
2.660971581228601	-0.0	-0.5142060649276831
2.6624724112236535	-0.0	-0.5146637795231195
2.6639732412187067	-0.0	-0.5151115684023416
2.665474071213759	-0.0	-0.5155494263284756
2.666974901208812	-0.0	-0.5159773482980353
2.668475731203865	-0.0	-0.5163953294919518
2.6699765611989177	-0.0	-0.5168033652943622
2.6714773911939704	-0.0	-0.517201451293794
2.672978221189023	-0.0	-0.5175895833143075
2.6744790511840764	-0.0	-0.5179677573856106
2.6759798811791287	-0.0	-0.5183359697151334
2.6774807111741814	-0.0	-0.5186942167340035
2.6789815411692346	-0.0	-0.519042495067493
2.6804823711642873	-0.0	-0.5193808015668271
2.68198320115934	-0.0	-0.5197091333088519
2.683484031154393	-0.0	-0.5200274875344875
2.6849848611494456	-0.0	-0.5203358617151937
2.6864856911444983	-0.0	-0.5206342535404317
2.687986521139551	-0.0	-0.5209226608851892
2.6894873511346042	-0.0	-0.5212010818687899
2.6909881811296565	-0.0	-0.5214695147952331
2.6924890111247097	-0.0	-0.5217279581780498
2.6939898411197625	-0.0	-0.521976410759609
2.695490671114815	-0.0	-0.5222148714699888
2.696991501109868	-0.0	-0.5224433394479474
2.6984923311049207	-0.0	-0.522661814046065
2.6999931610999734	-0.0	-0.522870294843837
2.701493991095026	-0.0	-0.5230687816255182
2.702994821090079	-0.0	-0.5232572743731329
2.704495651085132	-0.0	-0.5234357732961382
2.7059964810801844	-0.0	-0.5236042788087515
2.7074973110752376	-0.0	-0.5237627915154875
2.7089981410702904	-0.0	-0.5239113122466669
2.710498971065343	-0.0	-0.5240498420518317
2.711999801060396	-0.0	-0.5241783821857279
2.7135006310554486	-0.0	-0.524296934111338
2.7150014610505018	-0.0	-0.5244054994998443
2.716502291045554	-0.0	-0.5245040802265969
2.718003121040607	-0.0	-0.5245926783924186
2.71950395103566	-0.0	-0.5246712963227171
2.7210047810307127	-0.0	-0.5247399365237665
2.7225056110257655	-0.0	-0.5247986017000168
2.7240064410208182	-0.0	-0.5248472947969621
2.725507271015871	-0.0	-0.5248860189769513
2.7270081010109237	-0.0	-0.5249147775937778
2.7285089310059765	-0.0	-0.5249335742196799
2.7300097610010297	-0.0	-0.5249424126190803
2.731510590996082	-0.0	-0.5249412967782493
2.7330114209911347	-0.0	-0.5249302309053054
2.734512250986188	-0.0	-0.5249092194049527
2.7360130809812406	-0.0	-0.524878266898084
2.7375139109762934	-0.0	-0.5248373781927463
2.739014740971346	-0.0	-0.5247865583213496
2.740515570966399	-0.0	-0.5247258125631545
2.7420164009614516	-0.0	-0.5246551463560594
2.7435172309565043	-0.0	-0.5245745653363602
2.7450180609515575	-0.0	-0.5244840753972275
2.7465188909466103	-0.0	-0.5243836826108121
2.748019720941663	-0.0	-0.5242733932599052
2.7495205509367158	-0.0	-0.5241532138380868
2.7510213809317685	-0.0	-0.5240231510438079
2.7525222109268213	-0.0	-0.5238832117992536
2.754023040921874	-0.0	-0.5237334032098052
2.7555238709169267	-0.0	-0.5235737325814989
2.7570247009119795	-0.0	-0.5234042074468782
2.7585255309070322	-0.0	-0.5232248355571546
2.7600263609020854	-0.0	-0.5230356248374884
2.761527190897138	-0.0	-0.5228365834307828
2.763028020892191	-0.0	-0.5226277196853661
2.7645288508872436	-0.0	-0.5224090421467816
2.7660296808822964	-0.0	-0.5221805595863039
2.767530510877349	-0.0	-0.5219422809590698
2.769031340872402	-0.0	-0.5216942154285266
2.770532170867455	-0.0	-0.5214363723693541
2.7720330008625074	-0.0	-0.521168761341944
2.77353383085756	-0.0	-0.5208913921067134
2.7750346608526133	-0.0	-0.5206042746567644
2.776535490847666	-0.0	-0.5203074191515293
2.778036320842719	-0.0	-0.5200008359634116
2.7795371508377715	-0.0	-0.5196845356943188
2.7810379808328243	-0.0	-0.5193585291096411
2.782538810827877	-0.0	-0.519022827171169
2.7840396408229298	-0.0	-0.5186774410507053
2.785540470817983	-0.0	-0.5183223821350582
2.7870413008130357	-0.0	-0.5179576619876113
2.7885421308080884	-0.0	-0.5175832923564244
2.790042960803141	-0.0	-0.5171992852314892
2.791543790798194	-0.0	-0.5168056527760068
2.7930446207932467	-0.0	-0.5164024073217285
2.7945454507882994	-0.0	-0.515989561422586
2.796046280783352	-0.0	-0.5155671278302805
2.797547110778405	-0.0	-0.5151351194844809
2.7990479407734576	-0.0	-0.5146935495208869
2.800548770768511	-0.0	-0.5142424312532536
2.8020496007635636	-0.0	-0.5137817782022783
2.8035504307586163	-0.0	-0.5133116040804725
2.805051260753669	-0.0	-0.5128319227840251
2.806552090748722	-0.0	-0.5123427483976475
2.8080529207437745	-0.0	-0.5118440951903942
2.8095537507388273	-0.0	-0.5113359776388536
2.81105458073388	-0.0	-0.5108184104025146
2.812555410728933	-0.0	-0.5102914083293518
2.8140562407239855	-0.0	-0.5097549864393291
2.8155570707190387	-0.0	-0.5092091599433372
2.8170579007140915	-0.0	-0.5086539442477426
2.818558730709144	-0.0	-0.5080893549321963
2.820059560704197	-0.0	-0.507515407766425
2.8215603906992497	-0.0	-0.5069321187130426
2.8230612206943024	-0.0	-0.5063395039047287
2.824562050689355	-0.0	-0.5057375796440444
2.8260628806844084	-0.0	-0.505126362432245
2.827563710679461	-0.0	-0.5045058689449787
2.8290645406745134	-0.0	-0.5038761160423852
2.8305653706695666	-0.0	-0.5032371207565937
2.8320662006646193	-0.0	-0.502588900291833
2.833567030659672	-0.0	-0.5019314720572038
2.835067860654725	-0.0	-0.5012648536063509
2.8365686906497776	-0.0	-0.5005890626719737
2.8380695206448303	-0.0	-0.4999041171816185
2.839570350639883	-0.0	-0.49921003521473734
2.8410711806349362	-0.0	-0.49850683502066334
2.842572010629989	-0.0	-0.4977945350580018
2.8440728406250417	-0.0	-0.49707315393511836
2.8455736706200945	-0.0	-0.49634271039963457
2.847074500615147	-0.0	-0.4956032234070017
2.8485753306102	-0.0	-0.49485471207286164
2.8500761606052527	-0.0	-0.4940971956643179
2.8515769906003055	-0.0	-0.49333069363015397
2.853077820595358	-0.0	-0.4925552255912906
2.854578650590411	-0.0	-0.4917708113161898
2.856079480585464	-0.0	-0.49097747074844666
2.857580310580517	-0.0	-0.4901752240021292
2.8590811405755696	-0.0	-0.48936409133355746
2.8605819705706224	-0.0	-0.4885440931669722
2.862082800565675	-0.0	-0.4877152500826623
2.863583630560728	-0.0	-0.4868775828280976
2.8650844605557806	-0.0	-0.4860311123281376
2.8665852905508338	-0.0	-0.4851758596359864
2.8680861205458865	-0.0	-0.48431184597091975
2.869586950540939	-0.0	-0.4834390927050435
2.871087780535992	-0.0	-0.4825576213708389
2.8725886105310448	-0.0	-0.48166745364318714
2.8740894405260975	-0.0	-0.480768611354238
2.8755902705211502	-0.0	-0.479861116504062
2.877091100516203	-0.0	-0.47894499122865686
2.8785919305112557	-0.0	-0.47802025781396545
2.8800927605063085	-0.0	-0.477086938689551
2.8815935905013617	-0.0	-0.4761450564440207
2.8830944204964144	-0.0	-0.47519463381063787
2.8845952504914667	-0.0	-0.47423569366203266
2.88609608048652	-0.0	-0.4732682590247749
2.8875969104815726	-0.0	-0.472292353074455
2.8890977404766254	-0.0	-0.47130799910735194
2.890598570471678	-0.0	-0.470315220568617
2.892099400466731	-0.0	-0.4693140410484276
2.893600230461784	-0.0	-0.46830448429737354
2.8951010604568364	-0.0	-0.467286574175637
2.8966018904518895	-0.0	-0.4662603346845425
2.8981027204469423	-0.0	-0.465225789991153
2.899603550441995	-0.0	-0.46418296435788403
2.9011043804370478	-0.0	-0.46313188219376744
2.9026052104321005	-0.0	-0.462072568046832
2.9041060404271533	-0.0	-0.4610050466035119
2.905606870422206	-0.0	-0.4599293426875367
2.9071077004172587	-0.0	-0.4588454812435096
2.908608530412312	-0.0	-0.4577534873464128
2.9101093604073642	-0.0	-0.45665338618440854
2.9116101904024174	-0.0	-0.45554520309826735
2.91311102039747	-0.0	-0.45442896355654977
2.914611850392523	-0.0	-0.45330469312808797
2.9161126803875757	-0.0	-0.4521724175188618
2.9176135103826284	-0.0	-0.4510321625596821
2.919114340377681	-0.0	-0.4498839542090758
2.920615170372734	-0.0	-0.4487278185518802
2.922116000367787	-0.0	-0.4475637817820813
2.92361683036284	-0.0	-0.44639187020359017
2.925117660357892	-0.0	-0.44521211025765073
2.9266184903529453	-0.0	-0.44402452850275537
2.928119320347998	-0.0	-0.4428291516018848
2.929620150343051	-0.0	-0.4416260063512837
2.9311209803381035	-0.0	-0.4404151196363724
2.9326218103331563	-0.0	-0.4391965184744297
2.9341226403282095	-0.0	-0.43797022999302965
2.9356234703232618	-0.0	-0.43673628142612064
2.937124300318315	-0.0	-0.4354947001214971
2.9386251303133677	-0.0	-0.43424551353565816
2.94012596030842	-0.0	-0.4329887492454954
2.941626790303473	-0.0	-0.43172443491467194
2.943127620298526	-0.0	-0.4304525983226571
2.9446284502935787	-0.0	-0.4291732673604359
2.9461292802886314	-0.0	-0.4278864700184512
2.947630110283684	-0.0	-0.42659223438460664
2.9491309402787373	-0.0	-0.4252905886638697
2.9506317702737896	-0.0	-0.4239815611540079
2.952132600268843	-0.0	-0.42266518026822536
2.9536334302638956	-0.0	-0.42134147448992726
2.9551342602589483	-0.0	-0.4200104724098551
2.956635090254001	-0.0	-0.41867220274158407
2.958135920249054	-0.0	-0.417326694290343
2.9596367502441066	-0.0	-0.4159739759314141
2.9611375802391593	-0.0	-0.41461407662840444
2.962638410234212	-0.0	-0.4132470254913895
2.9641392402292652	-0.0	-0.41187285169358145
2.9656400702243175	-0.0	-0.41049158448601314
2.9671409002193707	-0.0	-0.4091032532311961
2.9686417302144235	-0.0	-0.407707887384886
2.970142560209476	-0.0	-0.4063055164687123
2.971643390204529	-0.0	-0.40489617011585716
2.9731442201995817	-0.0	-0.403479878046792
2.974645050194635	-0.0	-0.40205667005703466
2.976145880189687	-0.0	-0.4006265760322775
2.9776467101847404	-0.0	-0.39918962593673596
2.979147540179793	-0.0	-0.3977458498279807
2.9806483701748454	-0.0	-0.3962952778698829
2.9821492001698986	-0.0	-0.3948379402776146
2.9836500301649513	-0.0	-0.393373867340026
2.985150860160004	-0.0	-0.39190308946021996
2.986651690155057	-0.0	-0.3904256370933031
2.9881525201501096	-0.0	-0.388941540773423
2.9896533501451628	-0.0	-0.38745083113773626
2.991154180140215	-0.0	-0.38595353888901407
2.9926550101352682	-0.0	-0.3844496947944591
2.994155840130321	-0.0	-0.3829393297283142
2.9956566701253737	-0.0	-0.3814224746073202
2.9971575001204265	-0.0	-0.37989916044135136
2.998658330115479	-0.0	-0.3783694183049719
3.000159160110532	-0.0	-0.3768364699421909
