0.0	0.0	0.003001682684740256
0.0015008299950527925	0.0	0.00600322953776377
0.003001659990105585	0.0	0.009004708391826802
0.004502489985158378	0.0	0.01200602390465882
0.00600331998021117	0.0	0.01500712112728288
0.0075041499752639615	0.0	0.01800794457625483
0.009004979970316756	0.0	0.02100843856154128
0.010505809965369548	0.0	0.024008547565023217
0.01200663996042234	0.0	0.0270082162324974
0.01350746995547513	0.0	0.03000738829007216
0.015008299950527923	0.0	0.03300600645736613
0.016509129945580715	0.0	0.03600401368074764
0.01800995994063351	0.0	0.039001352206879066
0.019510789935686303	0.0	0.04199796306615702
0.021011619930739096	0.0	0.04499378680085374
0.022512449925791888	0.0	0.04798876235937678
0.02401327992084468	0.0	0.05098282483747383
0.02551410991589747	0.0	0.05397590506025074
0.02701493991095026	0.0	0.05696793092937474
0.028515769906003054	0.0	0.05995883173720081
0.030016599901055846	0.0	0.06294854305401497
0.03151742989610864	0.0	0.065937004848424
0.03301825989116143	0.0	0.0689241577807728
0.03451908988621422	0.0	0.07190994258228871
0.03601991988126702	0.0	0.07489430003586955
0.037520749876319814	0.0	0.07787717096699952
0.03902157987137261	0.0	0.08085849625557136
0.0405224098664254	0.0	0.08383821685323299
0.04202323986147819	0.0	0.08681627378079228
0.043524069856530984	0.0	0.089792608121008
0.045024899851583776	0.0	0.09276716102494831
0.04652572984663657	0.0	0.0957398737186855
0.04802655984168936	0.0	0.09871068750037386
0.04952738983674215	0.0	0.10167954373989901
0.05102821983179494	0.0	0.10464638388202097
0.05252904982684774	0.0	0.10761114944511461
0.05402987982190052	0.0	0.11057378202037656
0.05553070981695332	0.0	0.1135342232776731
0.05703153981200611	0.0	0.11649241497087397
0.05853236980705891	0.0	0.11944829893789058
0.06003319980211169	0.0	0.12240181710066032
0.06153402979716449	0.0	0.1253529114664349
0.06303485979221728	0.0	0.128301524129446
0.06453568978727008	0.0	0.13124759727241225
0.06603651978232286	0.0	0.1341910731677049
0.06753734977737566	0.0	0.13713189418031094
0.06903817977242845	0.0	0.1400700027700672
0.07053900976748124	0.0	0.14300534149330346
0.07203983976253404	0.0	0.14593785300465018
0.07354066975758683	0.0	0.14886748005893952
0.07504149975263963	0.0	0.15179416551276786
0.07654232974769241	0.0	0.15471785232570873
0.07804315974274521	0.0	0.1576384835621998
0.079543989737798	0.0	0.1605560023935581
0.0810448197328508	0.0	0.16347035209985736
0.08254564972790358	0.0	0.1663814760713803
0.08404647972295638	0.0	0.16928931781010687
0.08554730971800917	0.0	0.17219382093215993
0.08704813971306197	0.0	0.17509492916908598
0.08854896970811475	0.0	0.17799258636999138
0.09004979970316755	0.0	0.18088673650302448
0.09155062969822034	0.0	0.18377732365692132
0.09305145969327314	0.0	0.18666429204339516
0.09455228968832592	0.0	0.18954758599753285
0.09605311968337872	0.0	0.1924271499801087
0.0975539496784315	0.0	0.1953029285797905
0.0990547796734843	0.0	0.19817486651404267
0.10055560966853709	0.0	0.20104290863126467
0.10205643966358988	0.0	0.20390699991194228
0.10355726965864268	0.0	0.2067670854693525
0.10505809965369547	0.0	0.20962311055280522
0.10655892964874826	0.0	0.2124750205486852
0.10805975964380105	0.0	0.21532276098150735
0.10956058963885383	0.0	0.21816627751590362
0.11106141963390664	0.0	0.22100551595752627
0.11256224962895943	0.0	0.22384042225550288
0.11406307962401221	0.0	0.2266709425033143
0.115563909619065	0.0	0.22949702294020524
0.11706473961411781	0.0	0.23231860995315848
0.1185655696091706	0.0	0.23513565007733878
0.12006639960422338	0.0	0.23794808999801553
0.1215672295992762	0.0	0.24075587655251968
0.12306805959432898	0.0	0.2435589567312342
0.12456888958938177	0.0	0.24635727767921414
0.12606971958443455	0.0	0.24915078669622454
0.12757054957948735	0.0	0.25193943123908363
0.12907137957454015	0.0	0.2547231589242331
0.13057220956959295	0.0	0.2575019175266819
0.13207303956464572	0.0	0.260275654982434
0.13357386955969852	0.0	0.2630443193904337
0.13507469955475132	0.0	0.2658078590121252
0.1365755295498041	0.0	0.2685662222735563
0.1380763595448569	0.0	0.27131935776725885
0.1395771895399097	0.0	0.2740672142529863
0.1410780195349625	0.0	0.2768097406586846
0.14257884953001526	0.0	0.2795468860819923
0.1440796795250681	0.0	0.28227859979011727
0.14558050952012086	0.0	0.2850048312219629
0.14708133951517366	0.0	0.2877255299901756
0.14858216951022643	0.0	0.29044064588158724
0.15008299950527926	0.0	0.2931501288575896
0.15158382950033203	0.0	0.2958539290554015
0.15308465949538483	0.0	0.29855199678968053
0.1545854894904376	0.0	0.3012442825527528
0.15608631948549043	0.0	0.30393073701660256
0.1575871494805432	0.0	0.3066113110339278
0.159087979475596	0.0	0.3092859556379346
0.16058880947064877	0.0	0.31195462204353086
0.1620896394657016	0.0	0.31461726164933185
0.16359046946075437	0.0	0.3172738260376451
0.16509129945580717	0.0	0.3199242669759478
0.16659212945085994	0.0	0.3225685364181046
0.16809295944591277	0.0	0.3252065865038746
0.16959378944096554	0.0	0.3278383695608181
0.17109461943601834	0.0	0.33046383810494395
0.17259544943107114	0.0	0.3330829448409952
0.17409627942612393	0.0	0.3356956426642429
0.1755971094211767	0.0	0.3383018846617227
0.1770979394162295	0.0	0.34090162411063063
0.1785987694112823	0.0	0.3434948144816556
0.1800995994063351	0.0	0.3460814094389085
0.18160042940138788	0.0	0.3486613628380733
0.18310125939644067	0.0	0.3512346287321315
0.18460208939149347	0.0	0.3538011613688392
0.18610291938654627	0.0	0.35636091519150037
0.18760374938159904	0.0	0.3589138448407142
0.18910457937665184	0.0	0.3614599051546137
0.19060540937170464	0.0	0.36399905116830333
0.19210623936675744	0.0	0.3665312381152351
0.1936070693618102	0.0	0.3690564214299636
0.195107899356863	0.0	0.3715745567463269
0.1966087293519158	0.0	0.3740855998983367
0.1981095593469686	0.0	0.376589506919778
0.19961038934202138	0.0	0.379086234049293
0.20111121933707418	0.0	0.3815757377261202
0.20261204933212695	0.0	0.38405797458880025
0.20411287932717975	0.0	0.3865329014830099
0.20561370932223258	0.0	0.38900047545782895
0.20711453931728535	0.0	0.39146065376577927
0.20861536931233815	0.0	0.3939133938636017
0.21011619930739095	0.0	0.39635865341317145
0.21161702930244372	0.0	0.3987963902839415
0.21311785929749652	0.0	0.4012265625483539
0.2146186892925493	0.0	0.40364912848536993
0.2161195192876021	0.0	0.40606404658307027
0.21762034928265492	0.0	0.4084712755345916
0.21912117927770766	0.0	0.41087077424194285
0.2206220092727605	0.0	0.4132625018147754
0.2221228392678133	0.0	0.4156464175697615
0.22362366926286606	0.0	0.4180224810333194
0.22512449925791886	0.0	0.42039065193986824
0.22662532925297169	0.0	0.422750890234713
0.22812615924802443	0.0	0.4251031560724402
0.22962698924307726	0.0	0.4274474098140351
0.23112781923813	0.0	0.4297836120335303
0.23262864923318283	0.0	0.4321117235153171
0.23412947922823563	0.0	0.4344317052536972
0.2356303092232884	0.0	0.43674351845385556
0.2371311392183412	0.0	0.4390471245306104
0.238631969213394	0.0	0.4413424851120256
0.24013279920844677	0.0	0.44362956203592313
0.2416336292034996	0.0	0.445908317350703
0.2431344591985524	0.0	0.4481787133176602
0.24463528919360517	0.0	0.45044071240838107
0.24613611918865796	0.0	0.452694277305886
0.24763694918371074	0.0	0.45493937090732905
0.24913777917876354	0.0	0.4571759563233875
0.25063860917381636	0.0	0.4594039968769747
0.2521394391688691	0.0	0.461623456104072
0.2536402691639219	0.0	0.46383429775693974
0.2551410991589747	0.0	0.46603648580132234
0.2566419291540275	0.0	0.4682299844145715
0.2581427591490803	0.0	0.4704147579898159
0.25964358914413305	0.0	0.47259077113269554
0.2611444191391859	0.0	0.47475798866459523
0.2626452491342387	0.0	0.47691637562157213
0.26414607912929144	0.0	0.4790658972520672
0.26564690912434424	0.0	0.48120651901898576
0.26714773911939704	0.0	0.48333820659869875
0.26864856911444984	0.0	0.4854609258838677
0.27014939910950264	0.0	0.48757464298079073
0.27165022910455544	0.0	0.48967932421072524
0.2731510590996082	0.0	0.49177493610844486
0.27465188909466104	0.0	0.49386144542449156
0.2761527190897138	0.0	0.4959388191220359
0.2776535490847666	0.0	0.4980070243789026
0.2791543790798194	0.0	0.5000660285911901
0.2806552090748722	0.0	0.5021157993670061
0.282156039069925	0.0	0.5041563045280677
0.2836568690649778	0.0	0.5061875121105375
0.2851576990600305	0.0	0.5082093903672106
0.2866585290550834	0.0	0.510221907764607
0.2881593590501362	0.0	0.5122250329834798
0.2896601890451889	0.0	0.5142187349225137
0.2911610190402417	0.0	0.5162029826915246
0.2926618490352945	0.0	0.5181777456138448
0.2941626790303473	0.0	0.5201429932312744
0.2956635090254001	0.0	0.522098695296842
0.29716433902045286	0.0	0.5240448217799543
0.2986651690155057	0.0	0.5259813428644176
0.3001659990105585	0.0	0.527908228947564
0.30166682900561126	0.0	0.5298254506418416
0.30316765900066406	0.0	0.5317329787725776
0.30466848899571686	0.0	0.5336307843823784
0.30616931899076966	0.0	0.5355188387254718
0.30767014898582246	0.0	0.5373971132711324
0.3091709789808752	0.0	0.5392655797041299
0.31067180897592805	0.0	0.5411242099214053
0.31217263897098085	0.0	0.5429729760358157
0.3136734689660336	0.0	0.5448118503723801
0.3151742989610864	0.0	0.5466408054690095
0.3166751289561392	0.0	0.5484598140815934
0.318175958951192	0.0	0.5502688491785713
0.3196767889462448	0.0	0.5520678839383995
0.32117761894129754	0.0	0.5538568917556397
0.3226784489363504	0.0	0.5556358462405248
0.3241792789314032	0.0	0.5574047212149732
0.32568010892645594	0.0	0.559163490714161
0.32718093892150873	0.0	0.560912128985431
0.32868176891656153	0.0	0.5626506104906683
0.33018259891161433	0.0	0.5643789099079847
0.33168342890666713	0.0	0.5660970021260024
0.3331842589017199	0.0	0.5678048622446648
0.3346850888967727	0.0	0.5695024655780415
0.33618591889182553	0.0	0.571189787654986
0.3376867488868783	0.0	0.5728668042172066
0.3391875788819311	0.0	0.5745334912170481
0.3406884088769839	0.0	0.5761898248196506
0.34218923887203667	0.0	0.5778357814044658
0.34369006886708947	0.0	0.5794713375618775
0.34519089886214227	0.0	0.5810964700966644
0.346691728857195	0.0	0.5827111560261325
0.34819255885224787	0.0	0.5843153725764346
0.3496933888473006	0.0	0.5859090971890153
0.3511942188423534	0.0	0.5874923075179528
0.3526950488374062	0.0	0.5890649814290756
0.354195878832459	0.0	0.5906270969996112
0.3556967088275118	0.0	0.5921786325181171
0.3571975388225646	0.0	0.5937195664852475
0.35869836881761735	0.0	0.5952498776161533
0.3601991988126702	0.0	0.5967695448378194
0.361700028807723	0.0	0.5982785472834928
0.36320085880277575	0.0	0.5997768643027296
0.36470168879782855	0.0	0.601264475455357
0.36620251879288135	0.0	0.602741360513091
0.36770334878793415	0.0	0.6042074994623526
0.36920417878298695	0.0	0.6056628724943134
0.3707050087780397	0.0	0.6071074600153624
0.37220583877309255	0.0	0.6085412426441299
0.37370666876814534	0.0	0.6099642012098541
0.3752074987631981	0.0	0.6113763167536854
0.3767083287582509	0.0	0.6127775705252005
0.3782091587533037	0.0	0.6141679439883065
0.3797099887483565	0.0	0.615547418818152
0.3812108187434093	0.0	0.6169159768994356
0.38271164873846203	0.0	0.6182736003261092
0.3842124787335149	0.0	0.6196202714084528
0.3857133087285677	0.0	0.620955972664243
0.3872141387236204	0.0	0.6222806868219247
0.38871496871867317	0.0	0.6235943968237003
0.390215798713726	0.0	0.6248970858168644
0.3917166287087788	0.0	0.6261887371666393
0.3932174587038316	0.0	0.6274693344495069
0.3947182886988844	0.0	0.6287388614450915
0.3962191186939372	0.0	0.6299973021466632
0.39771994868898997	0.0	0.6312446407666673
0.39922077868404277	0.0	0.6324808617189805
0.40072160867909556	0.0	0.6337059496254571
0.40222243867414836	0.0	0.634919889327737
0.4037232686692012	0.0	0.6361226658728492
0.4052240986642539	0.0	0.6373142645186941
0.4067249286593067	0.0	0.638494670732676
0.4082257586543595	0.0	0.6396638701929691
0.40972658864941236	0.0	0.6408218487945655
0.41122741864446516	0.0	0.6419685926334165
0.41272824863951796	0.0	0.6431040880201829
0.4142290786345707	0.0	0.6442283214800221
0.4157299086296235	0.0	0.6453412797395225
0.4172307386246763	0.0	0.6464429497418129
0.4187315686197291	0.0	0.6475333186415688
0.4202323986147819	0.0	0.6486123738026827
0.42173322860983464	0.0	0.6496801027979122
0.42323405860488744	0.0	0.65073649341331
0.42473488859994024	0.0	0.6517815336434146
0.42623571859499304	0.0	0.6528152116930636
0.42773654859004584	0.0	0.6538375159812579
0.4292373785850986	0.0	0.6548484351302422
0.4307382085801514	0.0	0.6558479579789028
0.4322390385752042	0.0	0.6568360735777843
0.43373986857025704	0.0	0.6578127711850943
0.43524069856530984	0.0	0.6587780402694872
0.43674152856036264	0.0	0.6597318705081496
0.4382423585554153	0.0	0.6606742517961035
0.4397431885504682	0.0	0.6616051742380863
0.441244018545521	0.0	0.6625246281420423
0.4427448485405738	0.0	0.6634326040260754
0.4442456785356266	0.0	0.6643290926279368
0.4457465085306793	0.0	0.6652140848958245
0.4472473385257321	0.0	0.6660875719813181
0.4487481685207849	0.0	0.6669495452514096
0.4502489985158377	0.0	0.6677999962844532
0.4517498285108905	0.0	0.6686389168692863
0.45325065850594337	0.0	0.6694662990030387
0.45475148850099606	0.0	0.6702821348946921
0.45625231849604886	0.0	0.6710864169690381
0.45775314849110166	0.0	0.6718791378518
0.4592539784861545	0.0	0.6726602903903638
0.4607548084812073	0.0	0.673429867638882
0.46225563847626	0.0	0.6741878628593463
0.46375646847131285	0.0	0.6749342695314349
0.46525729846636565	0.0	0.6756690813371171
0.46675812846141845	0.0	0.6763922921777228
0.46825895845647125	0.0	0.6771038961637154
0.46975978845152405	0.0	0.677803887614257
0.4712606184465768	0.0	0.6784922610624889
0.4727614484416296	0.0	0.6791690112483927
0.4742622784366824	0.0	0.6798341331279999
0.4757631084317352	0.0	0.6804876218677335
0.477263938426788	0.0	0.6811294728413373
0.47876476842184074	0.0	0.6817596816381895
0.48026559841689354	0.0	0.6823782440573933
0.48176642841194633	0.0	0.6829851561109954
0.4832672584069992	0.0	0.6835804140187798
0.484768088402052	0.0	0.6841640142119385
0.4862689183971048	0.0	0.6847359533386108
0.4877697483921575	0.0	0.685296228254063
0.48927057838721033	0.0	0.6858448360245627
0.49077140838226313	0.0	0.6863817739294595
0.49227223837731593	0.0	0.6869070394576526
0.49377306837236873	0.0	0.6874206303116781
0.4952738983674215	0.0	0.6879225444002465
0.49677472836247427	0.0	0.6884127798473603
0.49827555835752707	0.0	0.6888913349917128
0.49977638835257987	0.0	0.6893582083789764
0.5012772183476327	0.0	0.6898133987658066
0.5027780483426855	0.0	0.6902569051203871
0.5042788783377382	0.0	0.6906887266218105
0.5057797083327911	0.0	0.6911088626619002
0.5072805383278438	0.0	0.6915173128476512
0.5087813683228967	0.0	0.6919140769910124
0.5102821983179494	0.0	0.6922991551102833
0.5117830283130022	0.0	0.6926725474469145
0.513283858308055	0.0	0.6930342544504274
0.5147846883031078	0.0	0.69338427677072
0.5162855182981606	0.0	0.6937226152811562
0.5177863482932135	0.0	0.6940492710673869
0.5192871782882661	0.0	0.6943642454108994
0.520788008283319	0.0	0.6946675398147146
0.5222888382783718	0.0	0.6949591559951761
0.5237896682734245	0.0	0.6952390958766416
0.5252904982684774	0.0	0.6955073615880255
0.5267913282635301	0.0	0.6957639554735342
0.5282921582585829	0.0	0.6960088800927768
0.5297929882536357	0.0	0.6962421382027528
0.5312938182486885	0.0	0.6964637327796647
0.5327946482437413	0.0	0.6966736670131392
0.5342954782387941	0.0	0.696871944299375
0.5357963082338468	0.0	0.69705856823947
0.5372971382288997	0.0	0.6972335426489532
0.5387979682239524	0.0	0.6973968715545867
0.5402987982190053	0.0	0.69754855918559
0.5417996282140581	0.0	0.6976886099900343
0.5433004582091109	0.0	0.6978170286253094
0.5448012882041636	0.0	0.6979338199516415
0.5463021181992164	0.0	0.6980389890408873
0.5478029481942692	0.0	0.6981325411713737
0.5493037781893221	0.0	0.6982144818338346
0.5508046081843748	0.0	0.6982848167271111
0.5523054381794276	0.0	0.698343551755886
0.5538062681744804	0.0	0.6983906930368885
0.5553070981695332	0.0	0.6984262468946866
0.556807928164586	0.0	0.6984502198598104
0.5583087581596388	0.0	0.698462618672238
0.5598095881546916	0.0	0.6984634502787229
0.5613104181497444	0.0	0.6984527218293086
0.5628112481447971	0.0	0.6984304406866763
0.56431207813985	0.0	0.6983966144239632
0.5658129081349027	0.0	0.6983512508125567
0.5673137381299556	0.0	0.6982943578350952
0.5688145681250083	0.0	0.6982259436773127
0.570315398120061	0.0	0.6981460167364159
0.5718162281151139	0.0	0.6980545856103955
0.5733170581101668	0.0	0.6979516590973784
0.5748178881052195	0.0	0.6978372462211127
0.5763187181002724	0.0	0.6977113561970304
0.5778195480953251	0.0	0.6975739984381303
0.5793203780903778	0.0	0.6974251825738216
0.5808212080854307	0.0	0.6972649184352218
0.5823220380804834	0.0	0.6970932160554714
0.5838228680755363	0.0	0.6969100856720084
0.585323698070589	0.0	0.6967155377200956
0.5868245280656418	0.0	0.6965095828509072
0.5883253580606946	0.0	0.6962922319118519
0.5898261880557474	0.0	0.6960634959438908
0.5913270180508002	0.0	0.6958233862064489
0.592827848045853	0.0	0.6955719141519677
0.5943286780409057	0.0	0.6953090914297331
0.5958295080359586	0.0	0.6950349299017248
0.5973303380310114	0.0	0.6947494416236786
0.5988311680260642	0.0	0.6944526388500242
0.600331998021117	0.0	0.6941445340418377
0.6018328280161698	0.0	0.6938251398503638
0.6033336580112225	0.0	0.6934944691324018
0.6048344880062754	0.0	0.6931525349454981
0.6063353180013281	0.0	0.6927993505444322
0.607836147996381	0.0	0.6924349293809205
0.6093369779914337	0.0	0.6920592850962931
0.6108378079864865	0.0	0.6916724315430204
0.6123386379815393	0.0	0.6912743827674398
0.6138394679765921	0.0	0.6908651530051511
0.6153402979716449	0.0	0.6904447566944426
0.6168411279666978	0.0	0.6900132084671001
0.6183419579617504	0.0	0.6895705231421927
0.6198427879568033	0.0	0.6891167157420146
0.6213436179518561	0.0	0.6886518014910121
0.6228444479469089	0.0	0.6881757957907069
0.6243452779419617	0.0	0.687688714244347
0.6258461079370145	0.0	0.6871905726501025
0.6273469379320672	0.0	0.6866813869855667
0.62884776792712	0.0	0.6861611734363665
0.6303485979221728	0.0	0.6856299483765955
0.6318494279172256	0.0	0.6850877283580331
0.6333502579122784	0.0	0.6845345301333162
0.6348510879073311	0.0	0.6839703706458604
0.636351917902384	0.0	0.6833952670202438
0.6378527478974367	0.0	0.6828092365768531
0.6393535778924896	0.0	0.6822122968248753
0.6408544078875424	0.0	0.6816044654595046
0.6423552378825951	0.0	0.6809857603541757
0.6438560678776479	0.0	0.6803561995726951
0.6453568978727008	0.0	0.6797158013797083
0.6468577278677535	0.0	0.6790645842102048
0.6483585578628064	0.0	0.6784025666786342
0.6498593878578591	0.0	0.677729767595718
0.6513602178529119	0.0	0.6770462059540239
0.6528610478479647	0.0	0.6763519009221591
0.6543618778430175	0.0	0.6756468718563288
0.6558627078380703	0.0	0.6749311382949912
0.6573635378331231	0.0	0.6742047199588951
0.6588643678281758	0.0	0.6734676367400758
0.6603651978232287	0.0	0.6727199087166871
0.6618660278182814	0.0	0.6719615561488769
0.6633668578133343	0.0	0.6711925994686535
0.6648676878083871	0.0	0.6704130592929413
0.6663685178034398	0.0	0.6696229564090636
0.6678693477984926	0.0	0.6688223117825838
0.6693701777935454	0.0	0.6680111465577683
0.6708710077885982	0.0	0.6671894820520007
0.6723718377836511	0.0	0.666357339759388
0.6738726677787038	0.0	0.6655147413439377
0.6753734977737565	0.0	0.6646617086440315
0.6768743277688094	0.0	0.6637982636698004
0.6783751577638621	0.0	0.6629244286089686
0.679875987758915	0.0	0.6620402258198254
0.6813768177539677	0.0	0.6611456778170409
0.6828776477490205	0.0	0.6602408073004423
0.6843784777440733	0.0	0.6593256371316006
0.6858793077391261	0.0	0.6584001903430776
0.6873801377341789	0.0	0.6574644901365949
0.6888809677292317	0.0	0.6565185598748972
0.6903817977242845	0.0	0.6555624230920708
0.6918826277193373	0.0	0.6545961034817087
0.69338345771439	0.0	0.6536196249075994
0.6948842877094429	0.0	0.6526330113981048
0.6963851177044957	0.0	0.6516362871363588
0.6978859476995485	0.0	0.6506294764722695
0.6993867776946012	0.0	0.6496126039255523
0.7008876076896541	0.0	0.6485856941694553
0.7023884376847068	0.0	0.6475487720389709
0.7038892676797597	0.0	0.6465018625248619
0.7053900976748124	0.0	0.6454449907693895
0.7068909276698653	0.0	0.6443781820851406
0.708391757664918	0.0	0.6433014619514202
0.7098925876599708	0.0	0.6422148559856429
0.7113934176550236	0.0	0.6411183899517655
0.7128942476500764	0.0	0.6400120897949257
0.7143950776451292	0.0	0.6388959816102249
0.715895907640182	0.0	0.6377700916270268
0.7173967376352347	0.0	0.6366344462396758
0.7188975676302876	0.0	0.6354890719874127
0.7203983976253404	0.0	0.6343339955697241
0.7218992276203932	0.0	0.6331692438365232
0.723400057615446	0.0	0.6319948437751661
0.7249008876104988	0.0	0.6308108225372498
0.7264017176055515	0.0	0.6296172074081904
0.7279025476006044	0.0	0.6284140258170979
0.7294033775956571	0.0	0.6272013053565835
0.73090420759071	0.0	0.6259790737597717
0.7324050375857627	0.0	0.6247473588910726
0.7339058675808154	0.0	0.6235061887698158
0.7354066975758683	0.0	0.6222555915608748
0.736907527570921	0.0	0.6209955955586701
0.7384083575659739	0.0	0.6197262292093054
0.7399091875610266	0.0	0.6184475211067403
0.7414100175560794	0.0	0.617159499967712
0.7429108475511322	0.0	0.615862194650341
0.7444116775461851	0.0	0.6145556341553877
0.7459125075412378	0.0	0.613239847624052
0.7474133375362907	0.0	0.6119148643397675
0.7489141675313434	0.0	0.6105807137009784
0.7504149975263962	0.0	0.6092374252544285
0.751915827521449	0.0	0.6078850286911658
0.7534166575165018	0.0	0.6065235538134955
0.7549174875115546	0.0	0.6051530305647911
0.7564183175066074	0.0	0.6037734890304002
0.7579191475016601	0.0	0.6023849594153606
0.759419977496713	0.0	0.6009874720550892
0.7609208074917657	0.0	0.5995810574236295
0.7624216374868186	0.0	0.5981657461144567
0.7639224674818714	0.0	0.5967415688504998
0.7654232974769241	0.0	0.5953085564904116
0.7669241274719769	0.0	0.5938667400047863
0.7684249574670298	0.0	0.5924161504960946
0.7699257874620825	0.0	0.5909568191958737
0.7714266174571354	0.0	0.5894887774554244
0.772927447452188	0.0	0.5880120567485667
0.7744282774472409	0.0	0.5865266886718067
0.7759291074422937	0.0	0.5850327049483489
0.7774299374373463	0.0	0.5835301374152811
0.7789307674323993	0.0	0.5820190180257376
0.780431597427452	0.0	0.5804993788646556
0.7819324274225049	0.0	0.5789712521316877
0.7834332574175576	0.0	0.5774346701415709
0.7849340874126104	0.0	0.575889665322112
0.7864349174076632	0.0	0.5743362702196053
0.787935747402716	0.0	0.5727745175066554
0.7894365773977688	0.0	0.571204439958173
0.7909374073928216	0.0	0.5696260704643573
0.7924382373878744	0.0	0.5680394420393321
0.7939390673829272	0.0	0.5664445877962542
0.7954398973779799	0.0	0.5648415409560783
0.7969407273730328	0.0	0.5632303348651085
0.7984415573680855	0.0	0.5616110029828658
0.7999423873631384	0.0	0.5599835788607653
0.8014432173581911	0.0	0.5583480961734257
0.8029440473532439	0.0	0.5567045887035047
0.8044448773482967	0.0	0.5550530903212819
0.8059457073433495	0.0	0.5533936350283596
0.8074465373384024	0.0	0.5517262569317709
0.8089473673334551	0.0	0.5500509902147054
0.8104481973285078	0.0	0.5483678691930619
0.8119490273235607	0.0	0.5466769282855075
0.8134498573186134	0.0	0.5449782019974622
0.8149506873136664	0.0	0.5432717249506699
0.816451517308719	0.0	0.5415575318652229
0.8179523473037718	0.0	0.5398356575590258
0.8194531772988247	0.0	0.5381061369463709
0.8209540072938774	0.0	0.5363690050534733
0.8224548372889303	0.0	0.5346242970009386
0.8239556672839831	0.0	0.5328720480074806
0.8254564972790359	0.0	0.5311122933894399
0.8269573272740887	0.0	0.5293450685502064
0.8284581572691414	0.0	0.5275704090005425
0.8299589872641943	0.0	0.5257883503577153
0.831459817259247	0.0	0.5239989283056049
0.8329606472542999	0.0	0.5222021786355018
0.8344614772493526	0.0	0.5203981372458846
0.8359623072444053	0.0	0.5185868401183602
0.8374631372394582	0.0	0.5167683233323475
0.8389639672345109	0.0	0.5149426230445497
0.8404647972295638	0.0	0.5131097755095191
0.8419656272246165	0.0	0.5112698170847055
0.8434664572196693	0.0	0.5094227842036781
0.8449672872147221	0.0	0.5075687133865002
0.8464681172097749	0.0	0.5057076412573716
0.8479689472048277	0.0	0.5038396045259321
0.8494697771998805	0.0	0.501964639976776
0.8509706071949332	0.0	0.500082784483432
0.8524714371899861	0.0	0.49819407502049634
0.8539722671850388	0.0	0.4962985486430302
0.8554730971800917	0.0	0.4943962424794768
0.8569739271751444	0.0	0.4924871937579224
0.8584747571701972	0.0	0.49057143979011764
0.85997558716525	0.0	0.4886490179596235
0.8614764171603028	0.0	0.4867199657340908
0.8629772471553557	0.0	0.4847843206771515
0.8644780771504084	0.0	0.48284212042674435
0.8659789071454613	0.0	0.48089340269291425
0.8674797371405141	0.0	0.47893820528366615
0.8689805671355667	0.0	0.4769765660903179
0.8704813971306197	0.0	0.4750085230666217
0.8719822271256723	0.0	0.4730341142382137
0.8734830571207253	0.0	0.4710533777291708
0.874983887115778	0.0	0.46906635174692024
0.8764847171108306	0.0	0.4670730745641896
0.8779855471058836	0.0	0.46507358452716274
0.8794863771009364	0.0	0.4630679200711434
0.8809872070959892	0.0	0.4610561197020066
0.882488037091042	0.0	0.4590382219953848
0.8839888670860947	0.0	0.4570142656060994
0.8854896970811476	0.0	0.4549842892662748
0.8869905270762003	0.0	0.4529483317826564
0.8884913570712532	0.0	0.4509064320331896
0.8899921870663059	0.0	0.4488586289750459
0.8914930170613586	0.0	0.4468049616326021
0.8929938470564115	0.0	0.44474546910666857
0.8944946770514642	0.0	0.4426801905586773
0.8959955070465171	0.0	0.44060916523137617
0.8974963370415698	0.0	0.43853243244555556
0.8989971670366227	0.0	0.43645003157489715
0.9004979970316754	0.0	0.43436200206966424
0.9019988270267282	0.0	0.43226838346524554
0.903499657021781	0.0	0.4301692153486266
0.9050004870168338	0.0	0.42806453736538047
0.9065013170118867	0.0	0.4259543892622763
0.9080021470069394	0.0	0.42383881083581243
0.9095029770019921	0.0	0.4217178419308105
0.911003806997045	0.0	0.41959152248836945
0.9125046369920977	0.0	0.41745989251196647
0.9140054669871507	0.0	0.41532299206102175
0.9155062969822033	0.0	0.41318086126319636
0.9170071269772561	0.0	0.41103354031559436
0.918507956972309	0.0	0.4088810694737224
0.9200087869673617	0.0	0.406723489059201
0.9215096169624146	0.0	0.40456083946202154
0.9230104469574674	0.0	0.4023931611367913
0.92451127695252	0.0	0.40022049459468917
0.926012106947573	0.0	0.39804288040193075
0.9275129369426257	0.0	0.39586035920930235
0.9290137669376786	0.0	0.39367297171816984
0.9305145969327313	0.0	0.39148075869209276
0.932015426927784	0.0	0.3892837609496118
0.9335162569228369	0.0	0.38708201936572817
0.9350170869178897	0.0	0.38487557490138236
0.9365179169129425	0.0	0.3826644685568135
0.9380187469079952	0.0	0.38044874139197626
0.9395195769030481	0.0	0.37822843454031824
0.9410204068981008	0.0	0.3760035891680206
0.9425212368931536	0.0	0.3737742465122426
0.9440220668882064	0.0	0.37154044788359947
0.9455228968832592	0.0	0.3693022346349455
0.947023726878312	0.0	0.3670596481708615
0.9485245568733648	0.0	0.36481272996524167
0.9500253868684175	0.0	0.36256152154712784
0.9515262168634704	0.0	0.36030606448478647
0.9530270468585231	0.0	0.3580464004255622
0.954527876853576	0.0	0.35578257106704647
0.9560287068486287	0.0	0.35351461813734497
0.9575295368436815	0.0	0.35124258344698883
0.9590303668387343	0.0	0.3489665088426455
0.9605311968337871	0.0	0.3466864362311971
0.96203202682884	0.0	0.3444024075877483
0.9635328568238927	0.0	0.34211446491022474
0.9650336868189454	0.0	0.3398226502692869
0.9665345168139984	0.0	0.3375270057885791
0.968035346809051	0.0	0.3352275736314141
0.969536176804104	0.0	0.33292439600709817
0.9710370067991567	0.0	0.33061751519724686
0.9725378367942096	0.0	0.32830697351926075
0.9740386667892623	0.0	0.32599281334568797
0.975539496784315	0.0	0.32367507709545834
0.9770403267793679	0.0	0.3213538072335688
0.9785411567744207	0.0	0.31902904628915196
0.9800419867694735	0.0	0.3167008368055801
0.9815428167645263	0.0	0.3143692213953358
0.983043646759579	0.0	0.31203424273755226
0.9845444767546319	0.0	0.30969594353827057
0.9860453067496846	0.0	0.307354366538503
0.9875461367447375	0.0	0.3050095545494446
0.9890469667397902	0.0	0.3026615504066464
0.990547796734843	0.0	0.3003103969920965
0.9920486267298958	0.0	0.2979561372555062
0.9935494567249485	0.0	0.29559881417223716
0.9950502867200014	0.0	0.2932384707602786
0.9965511167150541	0.0	0.2908751500935996
0.9980519467101069	0.0	0.2885088952741681
0.9995527767051597	0.0	0.28613974944815185
1.0010536067002125	0.0	0.2837677558242817
1.0025544366952654	0.0	0.28139295762735955
1.0040552666903182	0.0	0.27901539812119003
1.005556096685371	0.0	0.2766351206378371
1.0070569266804237	0.0	0.2742521685332954
1.0085577566754764	0.0	0.271866585199215
1.0100585866705294	0.0	0.26947841407181533
1.0115594166655821	0.0	0.2670876986202895
1.0130602466606349	0.0	0.26469448235716103
1.0145610766556876	0.0	0.26229880883667467
1.0160619066507404	0.0	0.25990072164223943
1.0175627366457933	0.0	0.25750026439277174
1.019063566640846	0.0	0.2550974807610226
1.0205643966358988	0.0	0.2526924144268077
1.0220652266309516	0.0	0.2502851091189316
1.0235660566260043	0.0	0.24787560861467053
1.0250668866210573	0.0	0.24546395670877708
1.02656771661611	0.0	0.24305019722722074
1.0280685466111628	0.0	0.2406343740408732
1.0295693766062155	0.0	0.23821653104790258
1.0310702066012682	0.0	0.23579671216434167
1.0325710365963212	0.0	0.23337496135659946
1.034071866591374	0.0	0.23095132262330073
1.035572696586427	0.0	0.22852583998589104
1.0370735265814794	0.0	0.22609855749418514
1.0385743565765322	0.0	0.22366951922037473
1.0400751865715852	0.0	0.22123876926979197
1.041576016566638	0.0	0.21880635179318889
1.0430768465616909	0.0	0.21637231094767936
1.0445776765567436	0.0	0.21393669091737777
1.0460785065517963	0.0	0.21149953593333484
1.047579336546849	0.0	0.20906089023255636
1.0490801665419018	0.0	0.20662079807479494
1.0505809965369548	0.0	0.20417930375286966
1.0520818265320075	0.0	0.20173645157406148
1.0535826565270603	0.0	0.1992922858859301
1.055083486522113	0.0	0.1968468510513849
1.0565843165171658	0.0	0.19440019143514758
1.0580851465122187	0.0	0.19195235145264897
1.0595859765072715	0.0	0.18950337552804883
1.0610868065023242	0.0	0.18705330809183168
1.062587636497377	0.0	0.18460219361383623
1.0640884664924297	0.0	0.1821500765716314
1.0655892964874827	0.0	0.17969700146682765
1.0670901264825354	0.0	0.17724301280865482
1.0685909564775882	0.0	0.1747881551203607
1.070091786472641	0.0	0.1723324729576677
1.0715926164676937	0.0	0.16987601087093515
1.0730934464627466	0.0	0.16741881344292292
1.0745942764577994	0.0	0.16496092526508285
1.0760951064528521	0.0	0.1625023909351915
1.0775959364479049	0.0	0.16004325505631462
1.0790967664429576	0.0	0.15758356224305783
1.0805975964380106	0.0	0.1551233571546701
1.0820984264330633	0.0	0.15266268442114367
1.0835992564281163	0.0	0.15020158868955874
1.0851000864231688	0.0	0.14774011464298387
1.0866009164182218	0.0	0.14527830692657595
1.0881017464132745	0.0	0.14281621021308413
1.0896025764083273	0.0	0.1403538691892757
1.0911034064033802	0.0	0.13789132853333685
1.0926042363984327	0.0	0.13542863293662127
1.0941050663934857	0.0	0.1329658270951799
1.0956058963885384	0.0	0.1305029557092062
1.0971067263835912	0.0	0.12804006345903174
1.0986075563786442	0.0	0.12557719504928844
1.100108386373697	0.0	0.12311439518571782
1.1016092163687496	0.0	0.12065170854591438
1.1031100463638024	0.0	0.11818917982770447
1.1046108763588551	0.0	0.11572685373172541
1.106111706353908	0.0	0.11326477493043048
1.1076125363489608	0.0	0.11080298811791037
1.1091133663440136	0.0	0.10834153797875004
1.1106141963390663	0.0	0.10588046917426973
1.112115026334119	0.0	0.1034198263644211
1.113615856329172	0.0	0.10095965420826816
1.1151166863242248	0.0	0.09849999736195293
1.1166175163192775	0.0	0.09604090046763636
1.1181183463143303	0.0	0.09358240814343789
1.1196191763093832	0.0	0.09112456500999204
1.121120006304436	0.0	0.08866741567054948
1.1226208362994887	0.0	0.08621100471075506
1.1241216662945415	0.0	0.08375537671677148
1.1256224962895942	0.0	0.08130057623500044
1.1271233262846472	0.0	0.07884664781280526
1.1286241562797	0.0	0.07639363599122456
1.1301249862747527	0.0	0.0739415852681331
1.1316258162698054	0.0	0.07149054012465059
1.1331266462648582	0.0	0.0690405450518832
1.1346274762599111	0.0	0.06659164448660325
1.1361283062549639	0.0	0.06414388284320593
1.1376291362500166	0.0	0.06169730454496334
1.1391299662450696	0.0	0.059251953968248054
1.140630796240122	0.0	0.056807875459806124
1.142131626235175	0.0	0.05436511335436282
1.1436324562302278	0.0	0.05192371195446476
1.1451332862252805	0.0	0.04948371551727554
1.1466341162203335	0.0	0.04704516829111886
1.1481349462153863	0.0	0.04460811450615786
1.149635776210439	0.0	0.04217259833748205
1.1511366062054917	0.0	0.039738663936287354
1.1526374362005447	0.0	0.0373063554087196
1.1541382661955975	0.0	0.03487571684834902
1.1556390961906502	0.0	0.03244679231124106
1.157139926185703	0.0	0.030019625796501265
1.1586407561807557	0.0	0.027594261275346976
1.1601415861758086	0.0	0.025170742683192155
1.1616424161708614	0.0	0.0227491139298188
1.1631432461659141	0.0	0.02032941886483111
1.1646440761609669	0.0	0.017911701295816092
1.1661449061560196	0.0	0.015496004993299799
1.1676457361510726	0.0	0.013082373694224133
1.1691465661461253	0.0	0.010670851088076702
1.170647396141178	0.0	0.008261480791998614
1.1721482261362308	0.0	0.005854306401308659
1.1736490561312836	0.0	0.0034493714690125407
1.1751498861263365	0.0	0.001046719473106388
1.1766507161213893	-0.0	-0.0013536061371525433
1.178151546116442	-0.0	-0.003751561961255822
1.1796523761114948	-0.0	-0.006147104668970255
1.1811532061065475	-0.0	-0.008540190984063625
1.1826540361016005	-0.0	-0.010930777666587928
1.1841548660966532	-0.0	-0.01331882153784558
1.185655696091706	-0.0	-0.015704279480167494
1.187156526086759	-0.0	-0.018087108444347466
1.1886573560818114	-0.0	-0.020467265420829314
1.1901581860768644	-0.0	-0.022844707463341565
1.1916590160719172	-0.0	-0.02521939170261961
1.1931598460669701	-0.0	-0.027591275315040756
1.1946606760620229	-0.0	-0.029960315545852052
1.1961615060570754	-0.0	-0.03232646970277153
1.1976623360521284	-0.0	-0.03468969516516099
1.199163166047181	-0.0	-0.0370499493751491
1.200663996042234	-0.0	-0.03940718984295754
1.2021648260372868	-0.0	-0.041761374146679096
1.2036656560323395	-0.0	-0.04411245992850495
1.2051664860273923	-0.0	-0.046460404915807274
1.206667316022445	-0.0	-0.04880516689772649
1.208168146017498	-0.0	-0.05114670373512072
1.2096689760125507	-0.0	-0.05348497337783878
1.2111698060076035	-0.0	-0.055819933832356484
1.2126706360026562	-0.0	-0.05815154319691435
1.214171465997709	-0.0	-0.06047975964502136
1.215672295992762	-0.0	-0.06280454141561644
1.2171731259878147	-0.0	-0.06512584684106762
1.2186739559828674	-0.0	-0.0674436343314525
1.2201747859779202	-0.0	-0.06975786237855297
1.221675615972973	-0.0	-0.07206848954953028
1.2231764459680259	-0.0	-0.07437547450445701
1.2246772759630786	-0.0	-0.07667877599779643
1.2261781059581316	-0.0	-0.0789783528542501
1.2276789359531841	-0.0	-0.0812741639815553
1.2291797659482369	-0.0	-0.08356616839530334
1.2306805959432898	-0.0	-0.08585432519852268
1.2321814259383426	-0.0	-0.08813859356688421
1.2336822559333955	-0.0	-0.09041893277784696
1.235183085928448	-0.0	-0.09269530221254443
1.2366839159235008	-0.0	-0.09496766133022658
1.2381847459185538	-0.0	-0.09723596968756706
1.2396855759136065	-0.0	-0.09950018694901955
1.2411864059086595	-0.0	-0.10176027286392281
1.2426872359037122	-0.0	-0.10401618728577089
1.2441880658987647	-0.0	-0.1062678901701049
1.2456888958938177	-0.0	-0.10851534155683326
1.2471897258888704	-0.0	-0.1107585016023363
1.2486905558839234	-0.0	-0.11299733056537428
1.2501913858789762	-0.0	-0.11523178879502967
1.251692215874029	-0.0	-0.11746183675815142
1.2531930458690816	-0.0	-0.11968743501949299
1.2546938758641344	-0.0	-0.12190854425369613
1.2561947058591874	-0.0	-0.12412512524688131
1.25769553585424	-0.0	-0.12633713888429407
1.2591963658492928	-0.0	-0.1285445461619929
1.2606971958443456	-0.0	-0.13074730818725613
1.2621980258393983	-0.0	-0.13294538618583132
1.2636988558344513	-0.0	-0.13513874148847208
1.265199685829504	-0.0	-0.13732733553685583
1.2667005158245568	-0.0	-0.13951112990562825
1.2682013458196095	-0.0	-0.14169008625975715
1.2697021758146623	-0.0	-0.1438641663847879
1.2712030058097152	-0.0	-0.1460333321982353
1.272703835804768	-0.0	-0.14819754573060936
1.2742046657998207	-0.0	-0.15035676911461515
1.2757054957948735	-0.0	-0.15251096461899571
1.2772063257899262	-0.0	-0.15466009463225794
1.2787071557849792	-0.0	-0.15680412165997248
1.280207985780032	-0.0	-0.15894300834667002
1.2817088157750849	-0.0	-0.161076717431309
1.2832096457701374	-0.0	-0.16320521178966257
1.2847104757651902	-0.0	-0.16532845443975586
1.2862113057602431	-0.0	-0.16744640849851708
1.2877121357552959	-0.0	-0.169559037229121
1.2892129657503488	-0.0	-0.17166630401957325
1.2907137957454016	-0.0	-0.1737681723738338
1.292214625740454	-0.0	-0.17586460594477202
1.293715455735507	-0.0	-0.17795556850650057
1.2952162857305598	-0.0	-0.1800410239633633
1.2967171157256128	-0.0	-0.18212093634305554
1.2982179457206655	-0.0	-0.18419526981807663
1.2997187757157183	-0.0	-0.18626398870284486
1.301219605710771	-0.0	-0.1883270574320232
1.3027204357058237	-0.0	-0.19038444057409343
1.3042212657008767	-0.0	-0.1924361028374591
1.3057220956959295	-0.0	-0.19448200907584548
1.3072229256909822	-0.0	-0.19652212427901594
1.308723755686035	-0.0	-0.19855641355871692
1.3102245856810877	-0.0	-0.20058484217057407
1.3117254156761406	-0.0	-0.20260737553672842
1.3132262456711934	-0.0	-0.20462397919767933
1.3147270756662461	-0.0	-0.20663461881809136
1.3162279056612989	-0.0	-0.2086392602314746
1.3177287356563516	-0.0	-0.2106378694093745
1.3192295656514046	-0.0	-0.21263041246669806
1.3207303956464573	-0.0	-0.21461685565390937
1.32223122564151	-0.0	-0.21659716537648505
1.3237320556365628	-0.0	-0.21857130817982334
1.3252328856316156	-0.0	-0.22053925074946615
1.3267337156266685	-0.0	-0.22250095993236652
1.3282345456217213	-0.0	-0.2244564027210211
1.3297353756167742	-0.0	-0.2264055462366414
1.3312362056118268	-0.0	-0.22834835776429094
1.3327370356068795	-0.0	-0.23028480474826238
1.3342378656019325	-0.0	-0.23221485475797515
1.3357386955969852	-0.0	-0.23413847552853181
1.3372395255920382	-0.0	-0.23605563494605278
1.3387403555870907	-0.0	-0.2379663010454755
1.3402411855821437	-0.0	-0.23987044201179356
1.3417420155771964	-0.0	-0.24176802619216986
1.3432428455722492	-0.0	-0.24365902207920012
1.3447436755673021	-0.0	-0.24554339830950728
1.3462445055623549	-0.0	-0.24742112368872626
1.3477453355574076	-0.0	-0.24929216717892835
1.3492461655524604	-0.0	-0.2511564978847326
1.350746995547513	-0.0	-0.2530140850734267
1.352247825542566	-0.0	-0.254864898181292
1.3537486555376188	-0.0	-0.25670890678048114
1.3552494855326715	-0.0	-0.25854608059455325
1.3567503155277243	-0.0	-0.26037638952674996
1.358251145522777	-0.0	-0.2621998036439063
1.35975197551783	-0.0	-0.26401629314588093
1.3612528055128827	-0.0	-0.26582582839760543
1.3627536355079355	-0.0	-0.2676283799509063
1.3642544655029882	-0.0	-0.2694239184823859
1.365755295498041	-0.0	-0.2712124148318698
1.367256125493094	-0.0	-0.2729938400184966
1.3687569554881467	-0.0	-0.2747681652186363
1.3702577854831994	-0.0	-0.2765353617632461
1.3717586154782522	-0.0	-0.2782954011389428
1.3732594454733051	-0.0	-0.2800482550093073
1.3747602754683579	-0.0	-0.2817938951927111
1.3762611054634106	-0.0	-0.2835322936671428
1.3777619354584634	-0.0	-0.2852634225760152
1.3792627654535161	-0.0	-0.2869872542307547
1.380763595448569	-0.0	-0.2887037611061033
1.3822644254436218	-0.0	-0.29041291583832524
1.3837652554386746	-0.0	-0.2921146912167368
1.3852660854337275	-0.0	-0.29380906021300013
1.38676691542878	-0.0	-0.29549599595393755
1.388267745423833	-0.0	-0.29717547172493464
1.3897685754188858	-0.0	-0.29884746099584936
1.3912694054139385	-0.0	-0.3005119373979509
1.3927702354089915	-0.0	-0.30216887470810766
1.3942710654040442	-0.0	-0.3038182468767493
1.395771895399097	-0.0	-0.3054600280473405
1.3972727253941497	-0.0	-0.30709419249672104
1.3987735553892024	-0.0	-0.30872071466767254
1.4002743853842554	-0.0	-0.3103395692008756
1.4017752153793082	-0.0	-0.31195073088665987
1.403276045374361	-0.0	-0.31355417466677993
1.4047768753694136	-0.0	-0.3151498756669448
1.4062777053644664	-0.0	-0.3167378091844647
1.4077785353595194	-0.0	-0.3183179506755457
1.409279365354572	-0.0	-0.31989027576220663
1.4107801953496248	-0.0	-0.3214547602451317
1.4122810253446776	-0.0	-0.32301138007857516
1.4137818553397306	-0.0	-0.3245601113922389
1.4152826853347833	-0.0	-0.32610093049504507
1.416783515329836	-0.0	-0.3276338138387781
1.4182843453248888	-0.0	-0.32915873806045315
1.4197851753199415	-0.0	-0.33067567996624514
1.4212860053149945	-0.0	-0.33218461653219183
1.4227868353100472	-0.0	-0.33368552489374476
1.4242876653051	-0.0	-0.33517838235662484
1.4257884953001527	-0.0	-0.33666316640288846
1.4272893252952055	-0.0	-0.3381398546704737
1.4287901552902584	-0.0	-0.3396084249784066
1.4302909852853112	-0.0	-0.34106885532545156
1.431791815280364	-0.0	-0.34252112384912947
1.4332926452754169	-0.0	-0.343965208859709
1.4347934752704694	-0.0	-0.34540108886966636
1.4362943052655224	-0.0	-0.346828742539056
1.4377951352605751	-0.0	-0.34824814868429455
1.4392959652556279	-0.0	-0.3496592863041076
1.4407967952506808	-0.0	-0.35106213456811886
1.4422976252457334	-0.0	-0.3524566728077517
1.4437984552407863	-0.0	-0.35384288053228125
1.445299285235839	-0.0	-0.3552207374216775
1.446800115230892	-0.0	-0.3565902233083706
1.4483009452259448	-0.0	-0.35795131820131115
1.4498017752209975	-0.0	-0.3593040022856003
1.4513026052160503	-0.0	-0.3606482559056048
1.452803435211103	-0.0	-0.36198405957988167
1.454304265206156	-0.0	-0.3633113939992178
1.4558050952012087	-0.0	-0.36463024001603306
1.4573059251962615	-0.0	-0.3659405786500764
1.4588067551913142	-0.0	-0.3672423910947135
1.460307585186367	-0.0	-0.36853565870969607
1.46180841518142	-0.0	-0.36982036302486027
1.4633092451764727	-0.0	-0.371096485737057
1.4648100751715254	-0.0	-0.3723640087119086
1.4663109051665781	-0.0	-0.37362291397750286
1.4678117351616309	-0.0	-0.37487318374020445
1.4693125651566838	-0.0	-0.3761148003644236
1.4708133951517366	-0.0	-0.3773477463865599
1.4723142251467893	-0.0	-0.3785720045207352
1.473815055141842	-0.0	-0.37978755762373023
1.4753158851368948	-0.0	-0.3809943887428271
1.4768167151319478	-0.0	-0.3821924810906765
1.4783175451270005	-0.0	-0.38338181803231564
1.4798183751220533	-0.0	-0.38456238311686564
1.481319205117106	-0.0	-0.38573416004635197
1.4828200351121588	-0.0	-0.38689713268611586
1.4843208651072117	-0.0	-0.3880512850969378
1.4858216951022645	-0.0	-0.389196601488175
1.4873225250973174	-0.0	-0.3903330662260647
1.4888233550923702	-0.0	-0.39146066386329553
1.4903241850874227	-0.0	-0.3925793790956033
1.4918250150824757	-0.0	-0.3936891967942269
1.4933258450775284	-0.0	-0.39479010201347225
1.4948266750725814	-0.0	-0.395882079951469
1.4963275050676341	-0.0	-0.39696511598077755
1.4978283350626869	-0.0	-0.39803919563644186
1.4993291650577396	-0.0	-0.39910430462470015
1.5008299950527924	-0.0	-0.40016042881791763
1.5023308250478453	-0.0	-0.4012075542431019
1.503831655042898	-0.0	-0.4022456671091996
1.5053324850379508	-0.0	-0.4032747537737895
1.5068333150330036	-0.0	-0.40429480076109503
1.5083341450280563	-0.0	-0.40530579476903056
1.5098349750231093	-0.0	-0.40630772265192816
1.511335805018162	-0.0	-0.40730057143681236
1.5128366350132147	-0.0	-0.40828432831441164
1.5143374650082675	-0.0	-0.4092589806228294
1.5158382950033202	-0.0	-0.4102245158778542
1.5173391249983732	-0.0	-0.4111809217628072
1.518839954993426	-0.0	-0.4121281861168355
1.5203407849884787	-0.0	-0.41306629694789493
1.5218416149835314	-0.0	-0.41399524242019264
1.5233424449785842	-0.0	-0.4149150108698143
1.5248432749736371	-0.0	-0.4158255907899106
1.5263441049686899	-0.0	-0.4167269708315113
1.5278449349637429	-0.0	-0.4176191398190408
1.5293457649587954	-0.0	-0.41850208673670747
1.5308465949538481	-0.0	-0.41937580073464314
1.532347424948901	-0.0	-0.42024027111647544
1.5338482549439538	-0.0	-0.4210954873427124
1.5353490849390068	-0.0	-0.4219414390555234
1.5368499149340595	-0.0	-0.42277811605079574
1.538350744929112	-0.0	-0.4236055082792811
1.539851574924165	-0.0	-0.4244236058603549
1.5413524049192178	-0.0	-0.42523239907310195
1.5428532349142707	-0.0	-0.42603187835507816
1.5443540649093235	-0.0	-0.42682203430922633
1.545854894904376	-0.0	-0.4276028577016205
1.547355724899429	-0.0	-0.4283743394531989
1.5488565548944817	-0.0	-0.4291364706520072
1.5503573848895347	-0.0	-0.4298892425369052
1.5518582148845874	-0.0	-0.4306326465150989
1.5533590448796402	-0.0	-0.43136667415953306
1.5548598748746927	-0.0	-0.4320913171959084
1.5563607048697456	-0.0	-0.4328065675114479
1.5578615348647986	-0.0	-0.4335124171475732
1.5593623648598514	-0.0	-0.43420885830926226
1.560863194854904	-0.0	-0.43489588337884544
1.5623640248499568	-0.0	-0.43557348488003605
1.5638648548450098	-0.0	-0.43624165549633087
1.5653656848400623	-0.0	-0.4369003880772243
1.5668665148351153	-0.0	-0.4375496756291835
1.568367344830168	-0.0	-0.43818951132493184
1.5698681748252208	-0.0	-0.4388198884823482
1.5713690048202735	-0.0	-0.4394408005791322
1.5728698348153265	-0.0	-0.4400522412670625
1.5743706648103795	-0.0	-0.4406542043638968
1.575871494805432	-0.0	-0.4412466838192514
1.5773723248004847	-0.0	-0.4418296737500531
1.5788731547955377	-0.0	-0.44240316844556954
1.5803739847905902	-0.0	-0.4429671623493409
1.5818748147856432	-0.0	-0.44352165005548144
1.5833756447806961	-0.0	-0.4440666263152259
1.584876474775749	-0.0	-0.44460208605390683
1.5863773047708014	-0.0	-0.44512802434129084
1.5878781347658544	-0.0	-0.4456444364129201
1.5893789647609073	-0.0	-0.4461513176624006
1.5908797947559599	-0.0	-0.446648663637611
1.5923806247510128	-0.0	-0.44713647005165075
1.5938814547460656	-0.0	-0.4476147327717254
1.595382284741118	-0.0	-0.448083447820127
1.596883114736171	-0.0	-0.44854261137944906
1.598383944731224	-0.0	-0.4489922197947319
1.5998847747262768	-0.0	-0.44943226956556576
1.6013856047213293	-0.0	-0.4498627573540062
1.6028864347163823	-0.0	-0.45028367998352004
1.6043872647114352	-0.0	-0.4506950344212498
1.6058880947064877	-0.0	-0.4510968177981348
1.6073889247015407	-0.0	-0.45148902741114905
1.6088897546965935	-0.0	-0.45187166070858
1.6103905846916464	-0.0	-0.4522447153108341
1.611891414686699	-0.0	-0.45260818897600175
1.613392244681752	-0.0	-0.4529620796168343
1.6148930746768049	-0.0	-0.45330638532363926
1.6163939046718574	-0.0	-0.4536411043510015
1.6178947346669101	-0.0	-0.45396623508702894
1.619395564661963	-0.0	-0.45428177608839765
1.6208963946570156	-0.0	-0.45458772607865033
1.6223972246520686	-0.0	-0.4548840839245803
1.6238980546471213	-0.0	-0.45517084865550156
1.6253988846421743	-0.0	-0.4554480194687044
1.6268997146372268	-0.0	-0.4557155957174717
1.6284005446322798	-0.0	-0.4559735769030527
1.6299013746273328	-0.0	-0.45622196269426607
1.6314022046223853	-0.0	-0.45646075290913596
1.632903034617438	-0.0	-0.4566899475334038
1.634403864612491	-0.0	-0.4569095467140004
1.6359046946075435	-0.0	-0.4571195507438811
1.6374055246025965	-0.0	-0.4573199600803711
1.6389063545976494	-0.0	-0.4575107753475147
1.6404071845927022	-0.0	-0.4576919973207436
1.6419080145877547	-0.0	-0.45786362692121824
1.6434088445828077	-0.0	-0.45802566525126126
1.6449096745778606	-0.0	-0.458178113564324
1.6464105045729132	-0.0	-0.45832097326757565
1.6479113345679661	-0.0	-0.4584542459380481
1.6494121645630189	-0.0	-0.45857793330081353
1.6509129945580718	-0.0	-0.4586920372366778
1.6524138245531244	-0.0	-0.458796559791427
1.6539146545481773	-0.0	-0.45889150318170874
1.65541548454323	-0.0	-0.45897686976982516
1.6569163145382828	-0.0	-0.45905266207347917
1.6584171445333356	-0.0	-0.4591188827780911
1.6599179745283885	-0.0	-0.45917553473293354
1.661418804523441	-0.0	-0.4592226209396839
1.662919634518494	-0.0	-0.4592601445595444
1.6644204645135467	-0.0	-0.4592881089146475
1.6659212945085997	-0.0	-0.4593065174901457
1.6674221245036522	-0.0	-0.4593153739259082
1.6689229544987052	-0.0	-0.45931468201851766
1.6704237844937582	-0.0	-0.45930444573569573
1.6719246144888107	-0.0	-0.4592846691983084
1.6734254444838634	-0.0	-0.45925535668545203
1.6749262744789164	-0.0	-0.4592165126429787
1.676427104473969	-0.0	-0.45916814167047676
1.6779279344690219	-0.0	-0.45911024853547394
1.6794287644640746	-0.0	-0.4590428381612687
1.6809295944591276	-0.0	-0.45896591563070244
1.6824304244541801	-0.0	-0.45887948618974805
1.683931254449233	-0.0	-0.4587835552439953
1.685432084444286	-0.0	-0.4586781283604453
1.6869329144393386	-0.0	-0.4585632112596689
1.6884337444343913	-0.0	-0.4584388098347814
1.6899345744294443	-0.0	-0.45830493013293006
1.6914354044244972	-0.0	-0.4581615783726044
1.6929362344195498	-0.0	-0.458008760921111
1.6944370644146027	-0.0	-0.4578464843084806
1.6959378944096555	-0.0	-0.4576747552399881
1.697438724404708	-0.0	-0.4574935805626981
1.698939554399761	-0.0	-0.4573029672931495
1.700440384394814	-0.0	-0.4571029226136381
1.7019412143898665	-0.0	-0.4568934538657997
1.7034420443849194	-0.0	-0.4566745685527737
1.7049428743799722	-0.0	-0.4564462743402942
1.7064437043750251	-0.0	-0.45620857905282486
1.7079445343700776	-0.0	-0.45596149068432207
1.7094453643651306	-0.0	-0.4557050173776148
1.7109461943601834	-0.0	-0.45543916744657836
1.712447024355236	-0.0	-0.455163949376578
1.7139478543502888	-0.0	-0.45487937179704324
1.7154486843453418	-0.0	-0.45458544351357255
1.7169495143403943	-0.0	-0.45428217348043354
1.7184503443354473	-0.0	-0.4539695708220154
1.7199511743305	-0.0	-0.45364764483120135
1.721452004325553	-0.0	-0.4533164049571631
1.7229528343206055	-0.0	-0.4529758608154028
1.7244536643156585	-0.0	-0.4526260221770082
1.7259544943107115	-0.0	-0.45226689898015576
1.727455324305764	-0.0	-0.4518985013242666
1.7289561543008167	-0.0	-0.45152083947185584
1.7304569842958697	-0.0	-0.451133923857354
1.7319578142909227	-0.0	-0.45073776506082797
1.7334586442859752	-0.0	-0.4503323738340194
1.7349594742810281	-0.0	-0.44991776109684983
1.736460304276081	-0.0	-0.44949393792225595
1.7379611342711334	-0.0	-0.4490609155558664
1.7394619642661864	-0.0	-0.44861870540305676
1.7409627942612393	-0.0	-0.44816731902201407
1.7424636242562919	-0.0	-0.44770676814422794
1.7439644542513446	-0.0	-0.44723706466385665
1.7454652842463976	-0.0	-0.4467582206360627
1.7469661142414505	-0.0	-0.4462702482793246
1.748466944236503	-0.0	-0.44577315997351347
1.749967774231556	-0.0	-0.44526696826353623
1.7514686042266088	-0.0	-0.44475168586355235
1.7529694342216613	-0.0	-0.44422732563722234
1.7544702642167143	-0.0	-0.4436939006080647
1.7559710942117672	-0.0	-0.443151423983053
1.75747192420682	-0.0	-0.4425999091156109
1.7589727542018727	-0.0	-0.44203936952974593
1.7604735841969255	-0.0	-0.44146981890906434
1.7619744141919784	-0.0	-0.4408912710924807
1.763475244187031	-0.0	-0.4403037400940798
1.764976074182084	-0.0	-0.4397072400837356
1.7664769041771367	-0.0	-0.4391017853955072
1.7679777341721894	-0.0	-0.4384873905264922
1.7694785641672421	-0.0	-0.43786407013098294
1.770979394162295	-0.0	-0.4372318390317473
1.772480224157348	-0.0	-0.43659071221011625
1.7739810541524006	-0.0	-0.4359407048041347
1.7754818841474533	-0.0	-0.43528183212690674
1.7769827141425063	-0.0	-0.43461410964492153
1.7784835441375588	-0.0	-0.4339375529842113
1.7799843741326118	-0.0	-0.4332521779383041
1.7814852041276648	-0.0	-0.4325580004534839
1.7829860341227173	-0.0	-0.43185503664806113
1.78448686411777	-0.0	-0.43114330279182633
1.785987694112823	-0.0	-0.4304228153191621
1.787488524107876	-0.0	-0.4296935908285252
1.7889893541029285	-0.0	-0.42895564607504927
1.7904901840979814	-0.0	-0.42820899797387335
1.7919910140930342	-0.0	-0.4274536635979786
1.7934918440880867	-0.0	-0.4266896601866395
1.7949926740831397	-0.0	-0.4259170051343278
1.7964935040781926	-0.0	-0.4251357160005697
1.7979943340732454	-0.0	-0.4243458104997742
1.7994951640682981	-0.0	-0.42354730650117794
1.8009959940633509	-0.0	-0.42274022204265943
1.8024968240584038	-0.0	-0.42192457532006866
1.8039976540534564	-0.0	-0.42110038467304234
1.8054984840485093	-0.0	-0.42026766861198617
1.806999314043562	-0.0	-0.4194264458066271
1.8085001440386146	-0.0	-0.4185767350760455
1.8100009740336676	-0.0	-0.41771855540990555
1.8115018040287205	-0.0	-0.41685192594565307
1.8130026340237735	-0.0	-0.41597686596594446
1.814503464018826	-0.0	-0.4150933949305114
1.8160042940138788	-0.0	-0.4142015324612179
1.8175051240089317	-0.0	-0.4133012983086056
1.8190059540039842	-0.0	-0.41239271238958364
1.8205067839990372	-0.0	-0.41147579478550506
1.82200761399409	-0.0	-0.410550565727964
1.8235084439891427	-0.0	-0.4096170455982595
1.8250092739841954	-0.0	-0.408675254932111
1.8265101039792484	-0.0	-0.4077252144252437
1.8280109339743014	-0.0	-0.40676694492397514
1.8295117639693539	-0.0	-0.4058004674388821
1.8310125939644066	-0.0	-0.40482580311713406
1.8325134239594596	-0.0	-0.4038429732489478
1.8340142539545121	-0.0	-0.40285199930740356
1.835515083949565	-0.0	-0.40185290290563275
1.837015913944618	-0.0	-0.4008457057934336
1.8385167439396708	-0.0	-0.39983042988530737
1.8400175739347233	-0.0	-0.3988070972434627
1.8415184039297763	-0.0	-0.3977757300803494
1.8430192339248292	-0.0	-0.39673635075486713
1.8445200639198818	-0.0	-0.3956889817771737
1.8460208939149347	-0.0	-0.39463364581297566
1.8475217239099875	-0.0	-0.3935703656638142
1.84902255390504	-0.0	-0.3924991642835799
1.850523383900093	-0.0	-0.3914200647761084
1.852024213895146	-0.0	-0.39033309039373804
1.8535250438901987	-0.0	-0.3892382645332598
1.8550258738852514	-0.0	-0.3881356107311644
1.8565267038803042	-0.0	-0.38702515267764204
1.8580275338753571	-0.0	-0.385906914203803
1.8595283638704097	-0.0	-0.38478091928084596
1.8610291938654626	-0.0	-0.3836471920315051
1.8625300238605154	-0.0	-0.3825057567206925
1.864030853855568	-0.0	-0.3813566377513001
1.8655316838506208	-0.0	-0.3801998596674731
1.8670325138456738	-0.0	-0.3790354471659096
1.8685333438407268	-0.0	-0.3778634250751475
1.8700341738357793	-0.0	-0.37668381835913406
1.871535003830832	-0.0	-0.37549665213288996
1.873035833825885	-0.0	-0.3743019516475662
1.8745366638209375	-0.0	-0.3730997422901856
1.8760374938159905	-0.0	-0.37189004957881566
1.8775383238110435	-0.0	-0.37067289918666585
1.8790391538060962	-0.0	-0.36944831691449503
1.8805399838011487	-0.0	-0.3682163286932379
1.8820408137962017	-0.0	-0.36697696060031587
1.8835416437912547	-0.0	-0.3657302388349115
1.8850424737863072	-0.0	-0.36447618974250945
1.88654330378136	-0.0	-0.36321483980609315
1.888044133776413	-0.0	-0.3619462156290389
1.8895449637714654	-0.0	-0.36067034394656283
1.8910457937665184	-0.0	-0.3593872516286617
1.8925466237615713	-0.0	-0.35809696568479155
1.894047453756624	-0.0	-0.35679951325053416
1.8955482837516766	-0.0	-0.35549492158552537
1.8970491137467296	-0.0	-0.3541832180786336
1.8985499437417825	-0.0	-0.35286443025430303
1.900050773736835	-0.0	-0.35153858575786967
1.901551603731888	-0.0	-0.35020571236003695
1.9030524337269408	-0.0	-0.3488658379722436
1.9045532637219937	-0.0	-0.34751899061319064
1.9060540937170463	-0.0	-0.3461651984286108
1.9075549237120992	-0.0	-0.3448044896996647
1.909055753707152	-0.0	-0.3434368928265183
1.9105565837022047	-0.0	-0.3420624363256803
1.9120574136972575	-0.0	-0.34068114883505046
1.9135582436923104	-0.0	-0.3392930591189131
1.915059073687363	-0.0	-0.3378981960633876
1.916559903682416	-0.0	-0.3364965886717496
1.9180607336774687	-0.0	-0.3350882660605103
1.9195615636725216	-0.0	-0.3336732574633925
1.9210623936675741	-0.0	-0.3322515922432037
1.922563223662627	-0.0	-0.3308232998759315
1.92406405365768	-0.0	-0.32938840993940693
1.9255648836527326	-0.0	-0.32794695213969505
1.9270657136477853	-0.0	-0.3264989562939882
1.9285665436428383	-0.0	-0.32504445233075396
1.9300673736378908	-0.0	-0.32358347029513534
1.9315682036329438	-0.0	-0.3221160403364676
1.9330690336279968	-0.0	-0.3206421927158793
1.9345698636230495	-0.0	-0.31916195780784523
1.936070693618102	-0.0	-0.31767536609757946
1.937571523613155	-0.0	-0.31618244817310115
1.939072353608208	-0.0	-0.31468323473045007
1.9405731836032605	-0.0	-0.31317775657960417
1.9420740135983134	-0.0	-0.3116660446334578
1.9435748435933662	-0.0	-0.31014812990417817
1.9450756735884192	-0.0	-0.30862404350712624
1.9465765035834717	-0.0	-0.3070938166694191
1.9480773335785246	-0.0	-0.3055574807170399
1.9495781635735774	-0.0	-0.3040150670726004
1.95107899356863	-0.0	-0.3024666072637367
1.9525798235636829	-0.0	-0.30091213291789437
1.9540806535587358	-0.0	-0.2993516757617549
1.9555814835537884	-0.0	-0.2977852676238805
1.9570823135488413	-0.0	-0.2962129404208993
1.958583143543894	-0.0	-0.29463472616826847
1.960083973538947	-0.0	-0.2930506569813287
1.9615848035339996	-0.0	-0.2914607650716422
1.9630856335290525	-0.0	-0.2898650827398543
1.9645864635241053	-0.0	-0.2882636423764331
1.966087293519158	-0.0	-0.28665647646856773
1.9675881235142108	-0.0	-0.28504361759789354
1.9690889535092637	-0.0	-0.2834250984354433
1.9705897835043162	-0.0	-0.2818009517301628
1.9720906134993692	-0.0	-0.28017121033491293
1.973591443494422	-0.0	-0.278535907183001
1.975092273489475	-0.0	-0.2768950752915099
1.9765931034845274	-0.0	-0.27524874776912084
1.9780939334795804	-0.0	-0.27359695780557175
1.9795947634746334	-0.0	-0.27193973868450144
1.981095593469686	-0.0	-0.27027712376517765
1.9825964234647386	-0.0	-0.26860914647950146
1.9840972534597916	-0.0	-0.26693584035532725
1.9855980834548446	-0.0	-0.2652572390007157
1.987098913449897	-0.0	-0.2635733760943725
1.98859974344495	-0.0	-0.2618842854033654
1.9901005734400028	-0.0	-0.2601900007707702
1.9916014034350553	-0.0	-0.25849055611035415
1.9931022334301083	-0.0	-0.2567859854177088
1.9946030634251612	-0.0	-0.2550763227605597
1.9961038934202138	-0.0	-0.2533616022860618
1.9976047234152667	-0.0	-0.2516418582135963
1.9991055534103195	-0.0	-0.24991712483324513
2.0006063834053722	-0.0	-0.24818743651152372
2.002107213400425	-0.0	-0.2464528276772613
2.0036080433954777	-0.0	-0.24471333283515656
2.005108873390531	-0.0	-0.2429689865635124
2.006609703385583	-0.0	-0.24121982350126248
2.0081105333806364	-0.0	-0.23946587836240554
2.009611363375689	-0.0	-0.237707185921488
2.011112193370742	-0.0	-0.23594378101567526
2.0126130233657946	-0.0	-0.23417569855997172
2.0141138533608474	-0.0	-0.232402973524178
2.0156146833559005	-0.0	-0.23062564094344146
2.017115513350953	-0.0	-0.22884373592017024
2.0186163433460056	-0.0	-0.22705729361191085
2.020117173341059	-0.0	-0.2252663492350375
2.021618003336111	-0.0	-0.22347093807111398
2.0231188333311643	-0.0	-0.22167109546191885
2.024619663326217	-0.0	-0.2198668568038142
2.0261204933212698	-0.0	-0.21805825755689068
2.0276213233163225	-0.0	-0.2162453332289983
2.0291221533113752	-0.0	-0.21442811938379122
2.0306229833064284	-0.0	-0.21260665165209192
2.0321238133014807	-0.0	-0.21078096570789587
2.0336246432965335	-0.0	-0.2089510972784876
2.0351254732915867	-0.0	-0.2071170821504232
2.036626303286639	-0.0	-0.2052789561594237
2.038127133281692	-0.0	-0.20343675518723117
2.039627963276745	-0.0	-0.20159051516998625
2.0411287932717976	-0.0	-0.19974027209343836
2.0426296232668504	-0.0	-0.1978860619896816
2.044130453261903	-0.0	-0.19602792094017837
2.0456312832569563	-0.0	-0.19416588507253243
2.0471321132520086	-0.0	-0.1922999905639747
2.048632943247062	-0.0	-0.1904302736312567
2.0501337732421145	-0.0	-0.18855677053354478
2.0516346032371673	-0.0	-0.18667951758058496
2.05313543323222	-0.0	-0.18479855112782062
2.0546362632272728	-0.0	-0.18291390756349338
2.0561370932223255	-0.0	-0.1810256233234101
2.0576379232173783	-0.0	-0.1791337348867171
2.059138753212431	-0.0	-0.17723827875852557
2.060639583207484	-0.0	-0.17533929149481303
2.0621404132025365	-0.0	-0.1734368096909943
2.0636412431975897	-0.0	-0.17153086997599445
2.0651420731926424	-0.0	-0.16962150901689985
2.066642903187695	-0.0	-0.16770876351954073
2.068143733182748	-0.0	-0.16579267021734875
2.0696445631778007	-0.0	-0.16387326588212048
2.071145393172854	-0.0	-0.16195058732729037
2.072646223167906	-0.0	-0.16002467138686702
2.074147053162959	-0.0	-0.15809555493540595
2.075647883158012	-0.0	-0.1561632748801961
2.0771487131530644	-0.0	-0.1542278681559153
2.0786495431481176	-0.0	-0.15228937172590631
2.0801503731431703	-0.0	-0.15034782258900084
2.081651203138223	-0.0	-0.14840325776868243
2.083152033133276	-0.0	-0.14645571431786697
2.0846528631283285	-0.0	-0.14450522932033605
2.0861536931233817	-0.0	-0.1425518398782537
2.087654523118434	-0.0	-0.1405955831317881
2.089155353113487	-0.0	-0.1386364962415982
2.09065618310854	-0.0	-0.1366746163848577
2.0921570131035927	-0.0	-0.13470998076943008
2.0936578430986454	-0.0	-0.13274262663327713
2.095158673093698	-0.0	-0.13077259123130056
2.096659503088751	-0.0	-0.12879991184172243
2.0981603330838037	-0.0	-0.12682462576295964
2.0996611630788564	-0.0	-0.12484677031109041
2.1011619930739096	-0.0	-0.12286638283343766
2.102662823068962	-0.0	-0.1208835006883557
2.104163653064015	-0.0	-0.1188981612543752
2.105664483059068	-0.0	-0.11691040192783611
2.1071653130541206	-0.0	-0.114920260128038
2.1086661430491733	-0.0	-0.11292777329012009
2.110166973044226	-0.0	-0.11093297885741425
2.111667803039279	-0.0	-0.1089359142972939
2.1131686330343316	-0.0	-0.10693661709293509
2.1146694630293843	-0.0	-0.10493512474568374
2.1161702930244375	-0.0	-0.10293147475821729
2.11767112301949	-0.0	-0.10092570465244644
2.119171953014543	-0.0	-0.09891785197346342
2.1206727830095957	-0.0	-0.09690795426589817
2.1221736130046485	-0.0	-0.09489604909039595
2.123674442999701	-0.0	-0.09288217402376536
2.125175272994754	-0.0	-0.09086636664370265
2.126676102989807	-0.0	-0.08884866454530647
2.1281769329848594	-0.0	-0.08682910533457737
2.129677762979912	-0.0	-0.08480772662309168
2.1311785929749654	-0.0	-0.08278456603351254
2.132679422970018	-0.0	-0.08075966119164707
2.134180252965071	-0.0	-0.07873304973364016
2.1356810829601236	-0.0	-0.07670476930480029
2.1371819129551763	-0.0	-0.07467485755353352
2.138682742950229	-0.0	-0.07264335213032652
2.140183572945282	-0.0	-0.07061029069596675
2.141684402940335	-0.0	-0.06857571092592553
2.1431852329353873	-0.0	-0.06653965048247909
2.1446860629304405	-0.0	-0.06450214703936037
2.1461868929254933	-0.0	-0.06246323827448181
2.147687722920546	-0.0	-0.06042296185886706
2.1491885529155987	-0.0	-0.05838135548345723
2.1506893829106515	-0.0	-0.05633845682938265
2.1521902129057042	-0.0	-0.05429430357498112
2.153691042900757	-0.0	-0.05224893340830879
2.1551918728958097	-0.0	-0.050202384015461475
2.156692702890863	-0.0	-0.04815469308103704
2.158193532885915	-0.0	-0.046105898283382525
2.1596943628809684	-0.0	-0.044056037307123534
2.161195192876021	-0.0	-0.04200514783589626
2.162696022871074	-0.0	-0.03995326753929109
2.1641968528661266	-0.0	-0.03790043409961269
2.1656976828611794	-0.0	-0.03584668519119503
2.1671985128562326	-0.0	-0.03379205847355879
2.168699342851285	-0.0	-0.03173659161418611
2.1702001728463376	-0.0	-0.029680322271617533
2.171701002841391	-0.0	-0.02762328810285862
2.1732018328364435	-0.0	-0.025565526752293153
2.1747026628314963	-0.0	-0.02350707586257576
2.176203492826549	-0.0	-0.021447973073901443
2.1777043228216018	-0.0	-0.019388256005234673
2.1792051528166545	-0.0	-0.01732796228469421
2.1807059828117072	-0.0	-0.015267129524485164
2.1822068128067604	-0.0	-0.01320579533003478
2.1837076428018127	-0.0	-0.011143997293787882
2.1852084727968655	-0.0	-0.009081773000949095
2.1867093027919187	-0.0	-0.007019160034466835
2.1882101327869714	-0.0	-0.004956195952998329
2.189710962782024	-0.0	-0.002892918316116233
2.191211792777077	-0.0	-0.0008293646707713984
2.1927126227721296	0.0	0.0012344274564096626
2.1942134527671824	0.0	0.0032984205382641262
2.195714282762235	0.0	0.0053625770666034835
2.1972151127572883	0.0	0.007426859553415617
2.198715942752341	0.0	0.009491230512815158
2.200216772747394	0.0	0.011555652473813243
2.2017176027424465	0.0	0.01362008798646659
2.2032184327374993	0.0	0.015684499608821102
2.204719262732552	0.0	0.01774884991412433
2.2062200927276048	0.0	0.019813101502023266
2.2077209227226575	0.0	0.021877216978591397
2.2092217527177103	0.0	0.023941158960369514
2.210722582712763	0.0	0.026004890092480096
2.212223412707816	0.0	0.028068373035302734
2.213724242702869	0.0	0.030131570464677584
2.2152250726979217	0.0	0.03219444507623283
2.2167259026929744	0.0	0.034256959578052
2.218226732688027	0.0	0.036319076700706714
2.21972756268308	0.0	0.038380759200918386
2.2212283926781327	0.0	0.04044196985692558
2.222729222673186	0.0	0.04250267145315294
2.224230052668238	0.0	0.04456282680087765
2.225730882663291	0.0	0.046622398738007505
2.227231712658344	0.0	0.04868135011889101
2.228732542653397	0.0	0.05073964382467374
2.2302333726484496	0.0	0.05279724275790745
2.2317342026435023	0.0	0.05485410984126485
2.233235032638555	0.0	0.056910208018233
2.234735862633608	0.0	0.058965500266475
2.2362366926286605	0.0	0.061019949583358685
2.2377375226237137	0.0	0.06307351898587352
2.2392383526187665	0.0	0.06512617152637774
2.2407391826138188	0.0	0.06717787027625938
2.242240012608872	0.0	0.06922857832789658
2.2437408426039247	0.0	0.07127825881404802
2.2452416725989774	0.0	0.07332687488839772
2.24674250259403	0.0	0.07537438972514823
2.248243332589083	0.0	0.07742076653912307
2.2497441625841357	0.0	0.07946596857008419
2.2512449925791884	0.0	0.08150995907786823
2.2527458225742416	0.0	0.0835527013617307
2.2542466525692944	0.0	0.0855941587527636
2.255747482564347	0.0	0.0876342945985367
2.2572483125594	0.0	0.08967307229575688
2.2587491425544526	0.0	0.09171045526216741
2.2602499725495053	0.0	0.09374640694192947
2.261750802544558	0.0	0.09578089083002436
2.263251632539611	0.0	0.09781387043808674
2.2647524625346636	0.0	0.0998453093149232
2.2662532925297163	0.0	0.10187517104555054
2.2677541225247695	0.0	0.10390341924467687
2.2692549525198222	0.0	0.10593001757243029
2.270755782514875	0.0	0.10795492971809387
2.2722566125099277	0.0	0.10997811940094712
2.2737574425049805	0.0	0.11199955038307274
2.275258272500033	0.0	0.114019186463864
2.276759102495086	0.0	0.1160369914831964
2.278259932490139	0.0	0.11805292930962889
2.279760762485192	0.0	0.12006696385337694
2.281261592480244	0.0	0.1220790590712596
2.2827624224752974	0.0	0.12408917894950058
2.28426325247035	0.0	0.12609728751904084
2.285764082465403	0.0	0.12810334885499303
2.2872649124604556	0.0	0.13010732706311348
2.2887657424555083	0.0	0.1321091862960765
2.290266572450561	0.0	0.13410889075842133
2.291767402445614	0.0	0.1361064046872081
2.293268232440667	0.0	0.13810169236137537
2.2947690624357198	0.0	0.14009471810836088
2.2962698924307725	0.0	0.14208544629362496
2.2977707224258253	0.0	0.14407384133769227
2.299271552420878	0.0	0.14605986770152354
2.3007723824159307	0.0	0.14804348988658017
2.3022732124109835	0.0	0.15002467244820433
2.3037740424060362	0.0	0.15200337998713975
2.3052748724010894	0.0	0.1539795771542844
2.3067757023961417	0.0	0.1559532286420542
2.308276532391195	0.0	0.15792429919518308
2.3097773623862476	0.0	0.15989275361074157
2.3112781923813004	0.0	0.16185855673717509
2.312779022376353	0.0	0.16382167346424348
2.314279852371406	0.0	0.16578206873697438
2.3157806823664586	0.0	0.16773970755941736
2.3172815123615114	0.0	0.16969455498204997
2.318782342356564	0.0	0.17164657610631764
2.3202831723516173	0.0	0.17359573609106974
2.3217840023466696	0.0	0.17554200014739962
2.323284832341723	0.0	0.1774853335407253
2.3247856623367755	0.0	0.17942570159911145
2.3262864923318283	0.0	0.18136306969947327
2.327787322326881	0.0	0.1832974032730691
2.3292881523219338	0.0	0.18522866780833908
2.3307889823169865	0.0	0.1871568288624822
2.3322898123120392	0.0	0.18908185204787267
2.3337906423070924	0.0	0.19100370302952646
2.335291472302145	0.0	0.19292234753402435
2.3367923022971975	0.0	0.19483775134877215
2.3382931322922507	0.0	0.19674988032671661
2.3397939622873034	0.0	0.19865870037944733
2.341294792282356	0.0	0.20056417748383587
2.342795622277409	0.0	0.20246627767306646
2.3442964522724616	0.0	0.204364967048028
2.345797282267515	0.0	0.20626021177829418
2.347298112262567	0.0	0.20815197809208147
2.3487989422576203	0.0	0.21004023228733612
2.350299772252673	0.0	0.21192494072384654
2.351800602247726	0.0	0.2138060698378347
2.3533014322427785	0.0	0.21568358612454452
2.3548022622378313	0.0	0.21755745614489036
2.356303092232884	0.0	0.21942764654127797
2.3578039222279368	0.0	0.2212941240215432
2.3593047522229895	0.0	0.2231568553614484
2.3608055822180427	0.0	0.22501580740340638
2.362306412213095	0.0	0.22687094706407213
2.363807242208148	0.0	0.2287222413438946
2.365308072203201	0.0	0.2305696573057752
2.3668089021982537	0.0	0.2324131620834177
2.3683097321933064	0.0	0.23425272290112537
2.369810562188359	0.0	0.2360883070417519
2.371311392183412	0.0	0.23791988187124222
2.3728122221784647	0.0	0.23974741483556253
2.374313052173518	0.0	0.24157087345093578
2.3758138821685706	0.0	0.24339022531397614
2.377314712163623	0.0	0.24520543810467557
2.378815542158676	0.0	0.24701647958637624
2.380316372153729	0.0	0.24882331759008794
2.3818172021487816	0.0	0.2506259200309011
2.3833180321438343	0.0	0.2524242549140156
2.384818862138887	0.0	0.2542182903267703
2.3863196921339402	0.0	0.25600799442925715
2.3878205221289925	0.0	0.25779333547095656
2.3893213521240457	0.0	0.2595742817911903
2.3908221821190985	0.0	0.26135080180834885
2.3923230121141508	0.0	0.2631228640304793
2.393823842109204	0.0	0.26489043705329696
2.3953246721042567	0.0	0.2666534895540365
2.3968255020993094	0.0	0.26841199030485036
2.398326332094362	0.0	0.2701659081646255
2.399827162089415	0.0	0.27191521208173863
2.401327992084468	0.0	0.2736598710952588
2.4028288220795204	0.0	0.2753998543360195
2.4043296520745736	0.0	0.27713513102878273
2.4058304820696264	0.0	0.2788656704876525
2.407331312064679	0.0	0.28059144212547876
2.408832142059732	0.0	0.2823124154447217
2.4103329720547846	0.0	0.2840285600388755
2.4118338020498373	0.0	0.28573984560666255
2.41333463204489	0.0	0.28744624193903195
2.414835462039943	0.0	0.2891477189198443
2.416336292034996	0.0	0.2908442465391312
2.4178371220300483	0.0	0.2925357948855499
2.4193379520251015	0.0	0.2942223341414274
2.4208387820201542	0.0	0.29590383458568187
2.422339612015207	0.0	0.29758026660057324
2.4238404420102597	0.0	0.29925160067717715
2.4253412720053125	0.0	0.3009178074081908
2.4268421020003657	0.0	0.3025788574848447
2.428342931995418	0.0	0.3042347217031165
2.429843761990471	0.0	0.30588537096178914
2.431344591985524	0.0	0.30753077626853514
2.432845421980576	0.0	0.309170908733444
2.4343462519756294	0.0	0.31080573957138924
2.435847081970682	0.0	0.3124352401099621
2.437347911965735	0.0	0.3140593817887691
2.4388487419607876	0.0	0.3156781361455244
2.4403495719558403	0.0	0.31729147483378556
2.4418504019508935	0.0	0.31889936962021614
2.443351231945946	0.0	0.3205017923719179
2.444852061940999	0.0	0.32209871507483173
2.4463528919360518	0.0	0.3236901098287074
2.447853721931104	0.0	0.3252759488431459
2.4493545519261573	0.0	0.3268562044443498
2.45085538192121	0.0	0.3284308490717756
2.452356211916263	0.0	0.32999985527728337
2.4538570419113155	0.0	0.3315631957321639
2.4553578719063682	0.0	0.33312084322011154
2.4568587019014214	0.0	0.3346727706468406
2.4583595318964737	0.0	0.33621895103819893
2.459860361891527	0.0	0.3377593575303853
2.4613611918865796	0.0	0.33929396338733264
2.4628620218816324	0.0	0.3408227419828439
2.464362851876685	0.0	0.3423456668185304
2.465863681871738	0.0	0.3438627115195954
2.467364511866791	0.0	0.34537384982305386
2.4688653418618434	0.0	0.34687905559842647
2.470366171856896	0.0	0.348378302835719
2.4718670018519493	0.0	0.349871565648973
2.4733678318470016	0.0	0.35135881827138354
2.474868661842055	0.0	0.35284003506449046
2.4763694918371075	0.0	0.35431519052337507
2.4778703218321603	0.0	0.3557842592628271
2.479371151827213	0.0	0.3572472160178806
2.4808719818222658	0.0	0.3587040356616794
2.482372811817319	0.0	0.36015469319341853
2.4838736418123712	0.0	0.36159916373686535
2.4853744718074244	0.0	0.36303742255228755
2.486875301802477	0.0	0.3644694450178858
2.4883761317975295	0.0	0.3658952066568311
2.4898769617925827	0.0	0.3673146831280738
2.4913777917876354	0.0	0.3687278501985475
2.492878621782688	0.0	0.37013468377666103
2.494379451777741	0.0	0.37153515991416625
2.4958802817727936	0.0	0.37292925478993927
2.497381111767847	0.0	0.37431694471859817
2.498881941762899	0.0	0.37569820615039246
2.5003827717579523	0.0	0.3770730156631212
2.501883601753005	0.0	0.3784413499725261
2.503384431748058	0.0	0.3798031859383764
2.5048852617431105	0.0	0.38115850055781086
2.5063860917381633	0.0	0.38250727095736714
2.5078869217332165	0.0	0.38384947439649547
2.509387751728269	0.0	0.38518508828448045
2.5108885817233215	0.0	0.3865140901677912
2.5123894117183747	0.0	0.3878364577302481
2.513890241713427	0.0	0.38915216879559317
2.51539107170848	0.0	0.3904612013260845
2.516891901703533	0.0	0.39176353342595477
2.5183927316985857	0.0	0.39305914334523934
2.5198935616936384	0.0	0.39434800947230475
2.521394391688691	0.0	0.3956301103306864
2.5228952216837444	0.0	0.39690542459647254
2.5243960516787967	0.0	0.3981739310894826
2.5258968816738494	0.0	0.3994356087688662
2.5273977116689026	0.0	0.40069043672988475
2.528898541663955	0.0	0.40193839422525324
2.530399371659008	0.0	0.40317946065622634
2.531900201654061	0.0	0.4044136155526255
2.5334010316491136	0.0	0.40564083859584465
2.5349018616441663	0.0	0.40686110962219774
2.536402691639219	0.0	0.4080744086049429
2.5379035216342722	0.0	0.40928071566397306
2.5394043516293245	0.0	0.4104800110704764
2.5409051816243777	0.0	0.41167227524375544
2.5424060116194305	0.0	0.412857488755499
2.5439068416144828	0.0	0.41403563231352636
2.545407671609536	0.0	0.4152066867732164
2.5469085016045887	0.0	0.4163706331580907
2.5484093315996414	0.0	0.41752745263186997
2.549910161594694	0.0	0.41867712648907934
2.551410991589747	0.0	0.4198196361958264
2.5529118215848	0.0	0.4209549633686449
2.5544126515798524	0.0	0.42208308976151204
2.5559134815749056	0.0	0.4232039972912586
2.5574143115699584	0.0	0.4243176680179846
2.558915141565011	0.0	0.4254240841514761
2.560415971560064	0.0	0.42652322806786813
2.5619168015551166	0.0	0.4276150822806098
2.5634176315501698	0.0	0.42869962945167145
2.564918461545222	0.0	0.4297768524093723
2.566419291540275	0.0	0.43084673412459784
2.567920121535328	0.0	0.4319092577284795
2.5694209515303803	0.0	0.4329644065030187
2.5709217815254335	0.0	0.43401216387807223
2.5724226115204862	0.0	0.43505251344324347
2.573923441515539	0.0	0.4360854389361394
2.5754242715105917	0.0	0.4371109242533736
2.5769251015056445	0.0	0.43812895344265185
2.5784259315006977	0.0	0.4391395107100393
2.57992676149575	0.0	0.44014258041367327
2.581427591490803	0.0	0.4411381470589729
2.582928421485856	0.0	0.44212619531619
2.584429251480908	0.0	0.4431067100046338
2.5859300814759614	0.0	0.44407967609905125
2.587430911471014	0.0	0.44504507873467564
2.588931741466067	0.0	0.44600290319986646
2.5904325714611196	0.0	0.44695313493333527
2.5919334014561723	0.0	0.4478957595321531
2.5934342314512255	0.0	0.4488307627495687
2.594935061446278	0.0	0.4497581304928259
2.596435891441331	0.0	0.45067784883039486
2.5979367214363838	0.0	0.45158990398167087
2.5994375514314365	0.0	0.4524942823169377
2.6009383814264893	0.0	0.453390970370276
2.602439211421542	0.0	0.45427995483231354
2.6039400414165947	0.0	0.4551612225449733
2.6054408714116475	0.0	0.45603476051027664
2.6069417014067002	0.0	0.4569005558806521
2.6084425314017534	0.0	0.4577585959689224
2.6099433613968057	0.0	0.45860886825313085
2.611444191391859	0.0	0.4594513603490605
2.6129450213869116	0.0	0.4602860600346635
2.6144458513819644	0.0	0.4611129552490629
2.615946681377017	0.0	0.4619320340897229
2.61744751137207	0.0	0.462743284809268
2.618948341367123	0.0	0.4635466958048493
2.6204491713621754	0.0	0.4643422556362682
2.621950001357228	0.0	0.46512995302392324
2.6234508313522813	0.0	0.4659097768443352
2.6249516613473336	0.0	0.4666817161307016
2.626452491342387	0.0	0.46744576006538835
2.6279533213374395	0.0	0.46820189798891776
2.6294541513324923	0.0	0.46895011940584913
2.630954981327545	0.0	0.4696904139685603
2.6324558113225978	0.0	0.47042277147911554
2.633956641317651	0.0	0.4711471819071482
2.6354574713127032	0.0	0.4718636353760283
2.6369583013077564	0.0	0.4725721221562599
2.638459131302809	0.0	0.4732726326822547
2.639959961297862	0.0	0.473965157539276
2.6414607912929147	0.0	0.4746496874711869
2.6429616212879674	0.0	0.47532621337867553
2.64446245128302	0.0	0.4759947263113579
2.645963281278073	0.0	0.4766552174679261
2.6474641112731256	0.0	0.47730767822181697
2.648964941268179	0.0	0.4779521000989278
2.650465771263231	0.0	0.47858847475111493
2.6519666012582843	0.0	0.47921679400331524
2.653467431253337	0.0	0.4798370498474618
2.65496826124839	0.0	0.4804492344124688
2.6564690912434425	0.0	0.4810533399791745
2.6579699212384953	0.0	0.48164935899985173
2.6594707512335485	0.0	0.48223728406819305
2.660971581228601	0.0	0.48281710792631966
2.6624724112236535	0.0	0.48338882347465695
2.6639732412187067	0.0	0.4839524237663126
2.665474071213759	0.0	0.48450790202159383
2.666974901208812	0.0	0.48505525159716034
2.668475731203865	0.0	0.4855944659984519
2.6699765611989177	0.0	0.4861255388931516
2.6714773911939704	0.0	0.4866484640975747
2.672978221189023	0.0	0.4871632355791836
2.6744790511840764	0.0	0.48766984746818354
2.6759798811791287	0.0	0.4881682940373644
2.6774807111741814	0.0	0.48865856970191585
2.6789815411692346	0.0	0.48914066904088
2.6804823711642873	0.0	0.48961458678117264
2.68198320115934	0.0	0.49008031779599315
2.683484031154393	0.0	0.49053785711163
2.6849848611494456	0.0	0.4909871999102717
2.6864856911444983	0.0	0.4914283415254388
2.687986521139551	0.0	0.4918612774282436
2.6894873511346042	0.0	0.49228600324381194
2.6909881811296565	0.0	0.49270251475235616
2.6924890111247097	0.0	0.4931108078738623
2.6939898411197625	0.0	0.4935108786922796
2.695490671114815	0.0	0.49390272343184893
2.696991501109868	0.0	0.4942863384576205
2.6984923311049207	0.0	0.49466172029169114
2.6999931610999734	0.0	0.4950288656001851
2.701493991095026	0.0	0.49538777120586625
2.702994821090079	0.0	0.495738434069534
2.704495651085132	0.0	0.4960808513065746
2.7059964810801844	0.0	0.4964150201737387
2.7074973110752376	0.0	0.4967409380683457
2.7089981410702904	0.0	0.49705860255212225
2.710498971065343	0.0	0.4973680113166377
2.711999801060396	0.0	0.49766916220444224
2.7135006310554486	0.0	0.4979620532096955
2.7150014610505018	0.0	0.49824668246803244
2.716502291045554	0.0	0.4985230482594666
2.718003121040607	0.0	0.4987911490092222
2.71950395103566	0.0	0.49905098328446124
2.7210047810307127	0.0	0.4993025498070434
2.7225056110257655	0.0	0.4995458474431888
2.7240064410208182	0.0	0.49978087518357844
2.725507271015871	0.0	0.5000076321761251
2.7270081010109237	0.0	0.5002261177220895
2.7285089310059765	0.0	0.5004363312531114
2.7300097610010297	0.0	0.5006382723381815
2.731510590996082	0.0	0.5008319407064629
2.7330114209911347	0.0	0.5010173362313122
2.734512250986188	0.0	0.5011944588981379
2.7360130809812406	0.0	0.5013633088599923
2.7375139109762934	0.0	0.5015238864162106
2.739014740971346	0.0	0.501676191994566
2.740515570966399	0.0	0.5018202261647315
2.7420164009614516	0.0	0.5019559896387433
2.7435172309565043	0.0	0.5020834832766223
2.7450180609515575	0.0	0.5022027080730778
2.7465188909466103	0.0	0.5023136651659026
2.748019720941663	0.0	0.5024163558297048
2.7495205509367158	0.0	0.5025107814836927
2.7510213809317685	0.0	0.5025969436757711
2.7525222109268213	0.0	0.5026748441061938
2.754023040921874	0.0	0.5027444846112343
2.7555238709169267	0.0	0.5028058671634263
2.7570247009119795	0.0	0.5028589938738008
2.7585255309070322	0.0	0.5029038669970466
2.7600263609020854	0.0	0.5029404889221517
2.761527190897138	0.0	0.502968862175881
2.763028020892191	0.0	0.502988989421851
2.7645288508872436	0.0	0.5030008734640807
2.7660296808822964	0.0	0.503004517246474
2.767530510877349	0.0	0.50299992384041
2.769031340872402	0.0	0.5029870964715039
2.770532170867455	0.0	0.50296603848347
2.7720330008625074	0.0	0.5029367533632917
2.77353383085756	0.0	0.5028992447434776
2.7750346608526133	0.0	0.5028535163840675
2.776535490847666	0.0	0.5027995721742411
2.778036320842719	0.0	0.502737416150978
2.7795371508377715	0.0	0.5026670524901993
2.7810379808328243	0.0	0.5025884854893284
2.782538810827877	0.0	0.5025017195828441
2.7840396408229298	0.0	0.502406759350084
2.785540470817983	0.0	0.5023036095064615
2.7870413008130357	0.0	0.502192274888226
2.7885421308080884	0.0	0.5020727604747667
2.790042960803141	0.0	0.5019450713809558
2.791543790798194	0.0	0.5018092128524516
2.7930446207932467	0.0	0.5016651902627394
2.7945454507882994	0.0	0.5015130091273343
2.796046280783352	0.0	0.5013526750981965
2.797547110778405	0.0	0.5011841939615672
2.7990479407734576	0.0	0.501007571630701
2.800548770768511	0.0	0.5008228141441827
2.8020496007635636	0.0	0.5006299276899323
2.8035504307586163	0.0	0.500428918585934
2.805051260753669	0.0	0.5002197932669402
2.806552090748722	0.0	0.5000025583129141
2.8080529207437745	0.0	0.4997772204380999
2.8095537507388273	0.0	0.499543786480371
2.81105458073388	0.0	0.4993022634214429
2.812555410728933	0.0	0.499052658367252
2.8140562407239855	0.0	0.49879497855518623
2.8155570707190387	0.0	0.498529231357747
2.8170579007140915	0.0	0.4982554242780552
2.818558730709144	0.0	0.49797356493980927
2.820059560704197	0.0	0.4976836611067957
2.8215603906992497	0.0	0.49738572067841375
2.8230612206943024	0.0	0.4970797516805581
2.824562050689355	0.0	0.4967657622817082
2.8260628806844084	0.0	0.4964437607592147
2.827563710679461	0.0	0.4961137555292957
2.8290645406745134	0.0	0.49577575514163685
2.8305653706695666	0.0	0.4954297682739357
2.8320662006646193	0.0	0.49507580374360804
2.833567030659672	0.0	0.4947138704898493
2.835067860654725	0.0	0.4943439775833434
2.8365686906497776	0.0	0.49396613422025293
2.8380695206448303	0.0	0.4935803497235499
2.839570350639883	0.0	0.49318663355890235
2.8410711806349362	0.0	0.4927849953152556
2.842572010629989	0.0	0.49237544471910977
2.8440728406250417	0.0	0.4919579916158779
2.8455736706200945	0.0	0.491532645976063
2.847074500615147	0.0	0.4910994179168215
2.8485753306102	0.0	0.4906583176646062
2.8500761606052527	0.0	0.4902093555857732
2.8515769906003055	0.0	0.4897525421850283
2.853077820595358	0.0	0.48928788808438145
2.854578650590411	0.0	0.4888154040299894
2.856079480585464	0.0	0.4883351009014024
2.857580310580517	0.0	0.48784698971927604
2.8590811405755696	0.0	0.4873510816204603
2.8605819705706224	0.0	0.48684738786541576
2.862082800565675	0.0	0.4863359198586117
2.863583630560728	0.0	0.4858166891266854
2.8650844605557806	0.0	0.4852897073209571
2.8665852905508338	0.0	0.48475498622212765
2.8680861205458865	0.0	0.4842125377436624
2.869586950540939	0.0	0.48366237391866124
2.871087780535992	0.0	0.48310450691951684
2.8725886105310448	0.0	0.4825389490393474
2.8740894405260975	0.0	0.48196571270146527
2.8755902705211502	0.0	0.481384810464481
2.877091100516203	0.0	0.48079625500541917
2.8785919305112557	0.0	0.48020005913380986
2.8800927605063085	0.0	0.4795962357793911
2.8815935905013617	0.0	0.47898479800272353
2.8830944204964144	0.0	0.47836575900162676
2.8845952504914667	0.0	0.4777391320944236
2.88609608048652	0.0	0.47710493072842913
2.8875969104815726	0.0	0.4764631684853506
2.8890977404766254	0.0	0.4758138590596129
2.890598570471678	0.0	0.4751570162868017
2.892099400466731	0.0	0.4744926541242269
2.893600230461784	0.0	0.47382078664751964
2.8951010604568364	0.0	0.47314142807779935
2.8966018904518895	0.0	0.47245459276018414
2.8981027204469423	0.0	0.4717602951516223
2.899603550441995	0.0	0.4710585498507224
2.9011043804370478	0.0	0.47034937159013335
2.9026052104321005	0.0	0.4696327752074919
2.9041060404271533	0.0	0.46890877567983863
2.905606870422206	0.0	0.4681773881133356
2.9071077004172587	0.0	0.46743862773895734
2.908608530412312	0.0	0.4666925099162082
2.9101093604073642	0.0	0.46593905013149467
2.9116101904024174	0.0	0.4651782639962024
2.91311102039747	0.0	0.46441016724786094
2.914611850392523	0.0	0.4636347757529179
2.9161126803875757	0.0	0.4628521055059439
2.9176135103826284	0.0	0.46206217262787547
2.919114340377681	0.0	0.46126499336179855
2.920615170372734	0.0	0.46046058408219526
2.922116000367787	0.0	0.45964896128377397
2.92361683036284	0.0	0.4588301415916406
2.925117660357892	0.0	0.4580041417647753
2.9266184903529453	0.0	0.457170978677872
2.928119320347998	0.0	0.45633066934005373
2.929620150343051	0.0	0.45548323087804377
2.9311209803381035	0.0	0.4546286805517552
2.9326218103331563	0.0	0.4537670357462097
2.9341226403282095	0.0	0.452898313965157
2.9356234703232618	0.0	0.4520225328439836
2.937124300318315	0.0	0.45113971014307336
2.9386251303133677	0.0	0.4502498637634901
2.94012596030842	0.0	0.44935301170928776
2.941626790303473	0.0	0.44844917210665136
2.943127620298526	0.0	0.44753836323368995
2.9446284502935787	0.0	0.4466206034820809
2.9461292802886314	0.0	0.44569591134671377
2.947630110283684	0.0	0.44476430548340845
2.9491309402787373	0.0	0.4438258046706337
2.9506317702737896	0.0	0.4428804277744432
2.952132600268843	0.0	0.44192819379432136
2.9536334302638956	0.0	0.44096912189347515
2.9551342602589483	0.0	0.4400032313424295
2.956635090254001	0.0	0.43903054152126453
2.958135920249054	0.0	0.43805107194783693
2.9596367502441066	0.0	0.43706484225277664
2.9611375802391593	0.0	0.43607187219117466
2.962638410234212	0.0	0.435072181648982
2.9641392402292652	0.0	0.434065790638534
2.9656400702243175	0.0	0.4330527192997713
2.9671409002193707	0.0	0.4320329878817828
2.9686417302144235	0.0	0.4310066167601159
2.970142560209476	0.0	0.4299736264436563
2.971643390204529	0.0	0.4289340375503638
2.9731442201995817	0.0	0.4278878708349579
2.974645050194635	0.0	0.42683514717003534
2.976145880189687	0.0	0.42577588754570067
2.9776467101847404	0.0	0.4247101130828441
2.979147540179793	0.0	0.42363784500817586
2.9806483701748454	0.0	0.42255910468118907
2.9821492001698986	0.0	0.42147391359475206
2.9836500301649513	0.0	0.4203822933453336
2.985150860160004	0.0	0.4192842656636653
2.986651690155057	0.0	0.4181798523861132
2.9881525201501096	0.0	0.4170690754800146
2.9896533501451628	0.0	0.4159519570380554
2.991154180140215	0.0	0.41482851925940695
2.9926550101352682	0.0	0.41369878447628283
2.994155840130321	0.0	0.412562775136407
2.9956566701253737	0.0	0.4114205138118164
2.9971575001204265	0.0	0.4102720231723416
2.998658330115479	0.0	0.4091173260299173
3.000159160110532	0.0	0.4079595313654636
