0.0	0.0	-1.9999247553220663
0.0015008299950527925	0.0	-1.9999021424344112
0.003001659990105585	0.0	-1.9998252190598493
0.004502489985158378	0.0	-1.9996984048808875
0.00600331998021117	0.0	-1.999535114352101
0.0075041499752639615	0.0	-1.9993350439784126
0.009004979970316756	0.0	-1.999097820669125
0.010505809965369548	0.0	-1.9988233229399544
0.01200663996042234	0.0	-1.99851163394091
0.01350746995547513	0.0	-1.9981626615391173
0.015008299950527923	0.0	-1.9977760290211615
0.016509129945580715	0.0	-1.997351271089537
0.01800995994063351	0.0	-1.9968879331300604
0.019510789935686303	0.0	-1.9963855849141265
0.021011619930739096	0.0	-1.9958437149607329
0.022512449925791888	0.0	-1.9952611638151836
0.02401327992084468	0.0	-1.9946356781590064
0.02551410991589747	0.0	-1.9939645400539447
0.02701493991095026	0.0	-1.9932456826529352
0.028515769906003054	0.0	-1.9924789865911097
0.030016599901055846	0.0	-1.9916670862008021
0.03151742989610864	0.0	-1.9908134211667898
0.03301825989116143	0.0	-1.9899197194764302
0.03451908988621422	0.0	-1.9889862840456576
0.03601991988126702	0.0	-1.9880131482305818
0.037520749876319814	0.0	-1.9870003610734588
0.03902157987137261	0.0	-1.9859479695217497
0.0405224098664254	0.0	-1.9848559758304067
0.04202323986147819	0.0	-1.9837243659521677
0.043524069856530984	0.0	-1.9825531801682037
0.045024899851583776	0.0	-1.9813424791159164
0.04652572984663657	0.0	-1.980092289497456
0.04802655984168936	0.0	-1.9788026287363703
0.04952738983674215	0.0	-1.9774735067520048
0.05102821983179494	0.0	-1.9761049411157816
0.05252904982684774	0.0	-1.9746969911712708
0.05402987982190052	0.0	-1.9732497083512188
0.05553070981695332	0.0	-1.9717631142194254
0.05703153981200611	0.0	-1.970237232804114
0.05853236980705891	0.0	-1.9686720914358755
0.06003319980211169	0.0	-1.9670677175438571
0.06153402979716449	0.0	-1.9654241421676009
0.06303485979221728	0.0	-1.9637414211758484
0.06453568978727008	0.0	-1.9620195884791953
0.06603651978232286	0.0	-1.9602586521609862
0.06753734977737566	0.0	-1.9584586724396944
0.06903817977242845	0.0	-1.9566197009944835
0.07053900976748124	0.0	-1.9547417536100498
0.07203983976253404	0.0	-1.9528248751144792
0.07354066975758683	0.0	-1.9508691184561326
0.07504149975263963	0.0	-1.948874503855675
0.07654232974769241	0.0	-1.9468410703497532
0.07804315974274521	0.0	-1.9447688868193092
0.079543989737798	0.0	-1.9426579878773116
0.0810448197328508	0.0	-1.9405084023823065
0.08254564972790358	0.0	-1.93832019182191
0.08404647972295638	0.0	-1.9360934005312915
0.08554730971800917	0.0	-1.9338280701470878
0.08704813971306197	0.0	-1.9315242461750597
0.08854896970811475	0.0	-1.9291819697589274
0.09004979970316755	0.0	-1.926801302201512
0.09155062969822034	0.0	-1.9243822940976476
0.09305145969327314	0.0	-1.9219249889938672
0.09455228968832592	0.0	-1.9194294339608868
0.09605311968337872	0.0	-1.916895689882548
0.0975539496784315	0.0	-1.9143238239393257
0.0990547796734843	0.0	-1.9117138782853693
0.10055560966853709	0.0	-1.9090658968492042
0.10205643966358988	0.0	-1.9063799509762227
0.10355726965864268	0.0	-1.9036560830793352
0.10505809965369547	0.0	-1.9008943364956081
0.10655892964874826	0.0	-1.8980948060564655
0.10805975964380105	0.0	-1.895257556625833
0.10956058963885383	0.0	-1.89238261738261
0.11106141963390664	0.0	-1.8894700400059588
0.11256224962895943	0.0	-1.8865198985275156
0.11406307962401221	0.0	-1.883532269295438
0.115563909619065	0.0	-1.8805072164343009
0.11706473961411781	0.0	-1.8774447870271274
0.1185655696091706	0.0	-1.874345036154014
0.12006639960422338	0.0	-1.8712080572540006
0.1215672295992762	0.0	-1.8680339237179244
0.12306805959432898	0.0	-1.8648226654516997
0.12456888958938177	0.0	-1.8615743525808062
0.12606971958443455	0.0	-1.8582890882910805
0.12757054957948735	0.0	-1.8549669431762847
0.12907137957454015	0.0	-1.8516079480295031
0.13057220956959295	0.0	-1.8482121779296947
0.13207303956464572	0.0	-1.8447797435669637
0.13357386955969852	0.0	-1.8413107060469625
0.13507469955475132	0.0	-1.837805116568273
0.1365755295498041	0.0	-1.8342630543748086
0.1380763595448569	0.0	-1.8306846106382992
0.1395771895399097	0.0	-1.8270698634689895
0.1410780195349625	0.0	-1.8234188780758285
0.14257884953001526	0.0	-1.8197317282069847
0.1440796795250681	0.0	-1.816008501460784
0.14558050952012086	0.0	-1.812249282921808
0.14708133951517366	0.0	-1.8084541593751318
0.14858216951022643	0.0	-1.804623197865664
0.15008299950527926	0.0	-1.8007564577492963
0.15158382950033203	0.0	-1.7968540448981547
0.15308465949538483	0.0	-1.7929160621284472
0.1545854894904376	0.0	-1.7889425858252532
0.15608631948549043	0.0	-1.7849336870382457
0.1575871494805432	0.0	-1.7808894469459042
0.159087979475596	0.0	-1.7768099647786426
0.16058880947064877	0.0	-1.7726953322257493
0.1620896394657016	0.0	-1.7685456321538264
0.16359046946075437	0.0	-1.7643609597023806
0.16509129945580717	0.0	-1.7601414024943167
0.16659212945085994	0.0	-1.75588703254045
0.16809295944591277	0.0	-1.7515979552815841
0.16959378944096554	0.0	-1.7472742894417992
0.17109461943601834	0.0	-1.7429161162735678
0.17259544943107114	0.0	-1.73852350571749
0.17409627942612393	0.0	-1.7340965493765819
0.1755971094211767	0.0	-1.7296353683778196
0.1770979394162295	0.0	-1.725140072154361
0.1785987694112823	0.0	-1.7206107379415794
0.1800995994063351	0.0	-1.7160474596960642
0.18160042940138788	0.0	-1.71145033885391
0.18310125939644067	0.0	-1.7068194686446536
0.18460208939149347	0.0	-1.7021549676815257
0.18610291938654627	0.0	-1.69745695047446
0.18760374938159904	0.0	-1.6927254899583917
0.18910457937665184	0.0	-1.687960684636774
0.19060540937170464	0.0	-1.6831626605037537
0.19210623936675744	0.0	-1.6783315132656815
0.1936070693618102	0.0	-1.6734673538837024
0.195107899356863	0.0	-1.6685702989255378
0.1966087293519158	0.0	-1.6636404322312504
0.1981095593469686	0.0	-1.6586778589582487
0.19961038934202138	0.0	-1.6536826996296967
0.20111121933707418	0.0	-1.6486550686322872
0.20261204933212695	0.0	-1.6435950848626821
0.20411287932717975	0.0	-1.6385028494858798
0.20561370932223258	0.0	-1.6333784630631218
0.20711453931728535	0.0	-1.6282220425811005
0.20861536931233815	0.0	-1.6230337079838557
0.21011619930739095	0.0	-1.617813567016423
0.21161702930244372	0.0	-1.6125617308247902
0.21311785929749652	0.0	-1.607278333289372
0.2146186892925493	0.0	-1.6019634876139264
0.2161195192876021	0.0	-1.5966172996828776
0.21762034928265492	0.0	-1.5912398911406866
0.21912117927770766	0.0	-1.58583138041576
0.2206220092727605	0.0	-1.5803918837554758
0.2221228392678133	0.0	-1.5749215227673077
0.22362366926286606	0.0	-1.5694204206729705
0.22512449925791886	0.0	-1.5638886987842637
0.22662532925297169	0.0	-1.5583264823930074
0.22812615924802443	0.0	-1.5527338894839868
0.22962698924307726	0.0	-1.5471110465935771
0.23112781923813	0.0	-1.5414580771776207
0.23262864923318283	0.0	-1.5357751012540581
0.23412947922823563	0.0	-1.5300622510151454
0.2356303092232884	0.0	-1.5243196496209952
0.2371311392183412	0.0	-1.5185474237558203
0.238631969213394	0.0	-1.5127457051559758
0.24013279920844677	0.0	-1.5069146281331083
0.2416336292034996	0.0	-1.5010543161061096
0.2431344591985524	0.0	-1.4951648817119305
0.24463528919360517	0.0	-1.4892464695019485
0.24613611918865796	0.0	-1.4832992246436891
0.24763694918371074	0.0	-1.4773232665389637
0.24913777917876354	0.0	-1.4713187277127449
0.25063860917381636	0.0	-1.465285743203695
0.2521394391688691	0.0	-1.4592244364676563
0.2536402691639219	0.0	-1.4531349431840535
0.2551410991589747	0.0	-1.4470174100852933
0.2566419291540275	0.0	-1.4408719723209438
0.2581427591490803	0.0	-1.434698757413157
0.25964358914413305	0.0	-1.4284979074119566
0.2611444191391859	0.0	-1.4222695717236296
0.2626452491342387	0.0	-1.416013868394563
0.26414607912929144	0.0	-1.4097309325620448
0.26564690912434424	0.0	-1.4034209346786501
0.26714773911939704	0.0	-1.3970840025745959
0.26864856911444984	0.0	-1.390720268639279
0.27014939910950264	0.0	-1.3843298852239998
0.27165022910455544	0.0	-1.377912983535275
0.2731510590996082	0.0	-1.3714697045140924
0.27465188909466104	0.0	-1.3650002073998724
0.2761527190897138	0.0	-1.35850464143873
0.2776535490847666	0.0	-1.3519831278561751
0.2791543790798194	0.0	-1.3454358106737838
0.2806552090748722	0.0	-1.3388628652113943
0.282156039069925	0.0	-1.3322644310545508
0.2836568690649778	0.0	-1.3256406351708971
0.2851576990600305	0.0	-1.318991629911808
0.2866585290550834	0.0	-1.3123175655953918
0.2881593590501362	0.0	-1.3056185920838927
0.2896601890451889	0.0	-1.2988948640945381
0.2911610190402417	0.0	-1.2921465326108323
0.2926618490352945	0.0	-1.285373743860051
0.2941626790303473	0.0	-1.2785766408040016
0.2956635090254001	0.0	-1.2717553862308377
0.29716433902045286	0.0	-1.2649101306312864
0.2986651690155057	0.0	-1.258041007577643
0.3001659990105585	0.0	-1.2511481840846734
0.30166682900561126	0.0	-1.2442318232239624
0.30316765900066406	0.0	-1.237292075412189
0.30466848899571686	0.0	-1.2303290868520327
0.30616931899076966	0.0	-1.223343010116586
0.30767014898582246	0.0	-1.2163340099285327
0.3091709789808752	0.0	-1.2093022309379131
0.31067180897592805	0.0	-1.2022478304003335
0.31217263897098085	0.0	-1.1951709756138056
0.3136734689660336	0.0	-1.1880718179069591
0.3151742989610864	0.0	-1.1809505167903473
0.3166751289561392	0.0	-1.1738072319592001
0.318175958951192	0.0	-1.1666421154322126
0.3196767889462448	0.0	-1.159455326818509
0.32117761894129754	0.0	-1.1522470240266263
0.3226784489363504	0.0	-1.145017369561435
0.3241792789314032	0.0	-1.137766519963731
0.32568010892645594	0.0	-1.1304946329079986
0.32718093892150873	0.0	-1.1232018878297814
0.32868176891656153	0.0	-1.1158884409248613
0.33018259891161433	0.0	-1.1085544364489608
0.33168342890666713	0.0	-1.1012000390385093
0.3331842589017199	0.0	-1.0938254235205123
0.3346850888967727	0.0	-1.0864307472984867
0.33618591889182553	0.0	-1.079016166346292
0.3376867488868783	0.0	-1.0715818588179487
0.3391875788819311	0.0	-1.0641279802193568
0.3406884088769839	0.0	-1.0566546864381967
0.34218923887203667	0.0	-1.04916215118014
0.34369006886708947	0.0	-1.0416505357177617
0.34519089886214227	0.0	-1.034120009197498
0.346691728857195	0.0	-1.0265707432426168
0.34819255885224787	0.0	-1.0190028870498553
0.3496933888473006	0.0	-1.0114166053913118
0.3511942188423534	0.0	-1.0038120818920815
0.3526950488374062	0.0	-0.9961894746701584
0.354195878832459	0.0	-0.9885489450474221
0.3556967088275118	0.0	-0.9808906682451958
0.3571975388225646	0.0	-0.9732148022952942
0.35869836881761735	0.0	-0.9655215176996144
0.3601991988126702	0.0	-0.9578109929940666
0.361700028807723	0.0	-0.9500833847194838
0.36320085880277575	0.0	-0.9423388627124416
0.36470168879782855	0.0	-0.9345776028719014
0.36620251879288135	0.0	-0.9267997661499837
0.36770334878793415	0.0	-0.9190055147312153
0.36920417878298695	0.0	-0.9111950258453486
0.3707050087780397	0.0	-0.9033684794453388
0.37220583877309255	0.0	-0.8955260287327613
0.37370666876814534	0.0	-0.8876678395024038
0.3752074987631981	0.0	-0.8797940947385621
0.3767083287582509	0.0	-0.8719049629838965
0.3782091587533037	0.0	-0.86400061467861
0.3797099887483565	0.0	-0.8560812206572973
0.3812108187434093	0.0	-0.8481469457290431
0.38271164873846203	0.0	-0.8401979643634845
0.3842124787335149	0.0	-0.8322344445733326
0.3857133087285677	0.0	-0.8242565507857077
0.3872141387236204	0.0	-0.8162644688559082
0.38871496871867317	0.0	-0.8082583647758623
0.390215798713726	0.0	-0.8002384019745971
0.3917166287087788	0.0	-0.7922047611074499
0.3932174587038316	0.0	-0.7841576097189509
0.3947182886988844	0.0	-0.7760971194199404
0.3962191186939372	0.0	-0.7680234687217694
0.39771994868898997	0.0	-0.7599368210164409
0.39922077868404277	0.0	-0.7518373451669225
0.40072160867909556	0.0	-0.7437252258456692
0.40222243867414836	0.0	-0.7356006306711852
0.4037232686692012	0.0	-0.7274637228874515
0.4052240986642539	0.0	-0.7193146783319945
0.4067249286593067	0.0	-0.7111536747644417
0.4082257586543595	0.0	-0.7029808869130802
0.40972658864941236	0.0	-0.6947964771349437
0.41122741864446516	0.0	-0.6866006173366205
0.41272824863951796	0.0	-0.678393490440675
0.4142290786345707	0.0	-0.6701752638438745
0.4157299086296235	0.0	-0.6619461116954378
0.4172307386246763	0.0	-0.6537062017740225
0.4187315686197291	0.0	-0.6454556957342799
0.4202323986147819	0.0	-0.6371947802816538
0.42173322860983464	0.0	-0.6289236399160552
0.42323405860488744	0.0	-0.6206424342465711
0.42473488859994024	0.0	-0.6123513234983065
0.42623571859499304	0.0	-0.6040504879694155
0.42773654859004584	0.0	-0.5957401063559624
0.4292373785850986	0.0	-0.5874203485682745
0.4307382085801514	0.0	-0.5790913857244887
0.4322390385752042	0.0	-0.5707533891150272
0.43373986857025704	0.0	-0.5624065256067077
0.43524069856530984	0.0	-0.5540509760767898
0.43674152856036264	0.0	-0.5456869198497087
0.4382423585554153	0.0	-0.5373145141194505
0.4397431885504682	0.0	-0.528933927773727
0.441244018545521	0.0	-0.5205453459161135
0.4427448485405738	0.0	-0.5121489385803257
0.4442456785356266	0.0	-0.5037448650550698
0.4457465085306793	0.0	-0.4953333036051044
0.4472473385257321	0.0	-0.48691443268019735
0.4487481685207849	0.0	-0.47848842151307486
0.4502489985158377	0.0	-0.47005543790695364
0.4517498285108905	0.0	-0.46161564901215674
0.45325065850594337	0.0	-0.4531692306167586
0.45475148850099606	0.0	-0.44471635466437126
0.45625231849604886	0.0	-0.4362571933203437
0.45775314849110166	0.0	-0.42779191931685
0.4592539784861545	0.0	-0.41932069761081203
0.4607548084812073	0.0	-0.41084369548803584
0.46225563847626	0.0	-0.40236108990723357
0.46375646847131285	0.0	-0.39387305485743346
0.46525729846636565	0.0	-0.38537975403870317
0.46675812846141845	0.0	-0.37688135996136907
0.46825895845647125	0.0	-0.3683780388639143
0.46975978845152405	0.0	-0.3598699578350045
0.4712606184465768	0.0	-0.3513572950408652
0.4727614484416296	0.0	-0.34284022106961015
0.4742622784366824	0.0	-0.334318900299056
0.4757631084317352	0.0	-0.32579349737802304
0.477263938426788	0.0	-0.317264190867092
0.47876476842184074	0.0	-0.30873114638858007
0.48026559841689354	0.0	-0.3001945232188395
0.48176642841194633	0.0	-0.29165450144645644
0.4832672584069992	0.0	-0.2831112480861227
0.484768088402052	0.0	-0.2745649277004419
0.4862689183971048	0.0	-0.2660157149684343
0.4877697483921575	0.0	-0.2574637696101477
0.48927057838721033	0.0	-0.2489092575189769
0.49077140838226313	0.0	-0.24035235151334974
0.49227223837731593	0.0	-0.23179321656254157
0.49377306837236873	0.0	-0.22323202281100732
0.4952738983674215	0.0	-0.21466893891236824
0.49677472836247427	0.0	-0.20610412814770349
0.49827555835752707	0.0	-0.19753775271374532
0.49977638835257987	0.0	-0.1889699800934774
0.5012772183476327	0.0	-0.18040097818872386
0.5027780483426855	0.0	-0.17183091673741585
0.5042788783377382	0.0	-0.1632599639988566
0.5057797083327911	0.0	-0.1546882778693405
0.5072805383278438	0.0	-0.14611602162990972
0.5087813683228967	0.0	-0.13754336390944122
0.5102821983179494	0.0	-0.12897046913512938
0.5117830283130022	0.0	-0.12039750073581627
0.513283858308055	0.0	-0.11182463018685895
0.5147846883031078	0.0	-0.10325201540922216
0.5162855182981606	0.0	-0.0946798199057589
0.5177863482932135	0.0	-0.08610821690156874
0.5192871782882661	0.0	-0.07753735628356608
0.520788008283319	0.0	-0.06896740151765396
0.5222888382783718	0.0	-0.06039852444880021
0.5237896682734245	0.0	-0.05183088644826189
0.5252904982684774	0.0	-0.0432646499714211
0.5267913282635301	0.0	-0.03469997154686815
0.5282921582585829	0.0	-0.02613701542914223
0.5297929882536357	0.0	-0.01757595187365921
0.5312938182486885	0.0	-0.009016939220409173
0.5327946482437413	0.0	-0.0004601277997802963
0.5342954782387941	0.0	0.008094317764003489
0.5357963082338468	0.0	0.016646222015491485
0.5372971382288997	0.0	0.02519542981865272
0.5387979682239524	0.0	0.033741787996471
0.5402987982190053	0.0	0.04228513356357796
0.5417996282140581	0.0	0.050825304754620375
0.5433004582091109	0.0	0.059362138867587066
0.5448012882041636	0.0	0.06789547851138858
0.5463021181992164	0.0	0.07642517076791752
0.5478029481942692	0.0	0.08495105594175935
0.5493037781893221	0.0	0.09347296650070071
0.5508046081843748	0.0	0.10199074117220275
0.5523054381794276	0.0	0.11050422804853108
0.5538062681744804	0.0	0.11901326983712952
0.5553070981695332	0.0	0.127517708629424
0.556807928164586	0.0	0.1360173875272134
0.5583087581596388	0.0	0.14451214356972575
0.5598095881546916	0.0	0.15300182422081796
0.5613104181497444	0.0	0.16148626602694072
0.5628112481447971	0.0	0.16996531446804394
0.56431207813985	0.0	0.17843882563345662
0.5658129081349027	0.0	0.1869066258792018
0.5673137381299556	0.0	0.19536856392595361
0.5688145681250083	0.0	0.2038244918090474
0.570315398120061	0.0	0.21227424670334236
0.5718162281151139	0.0	0.2207176719078149
0.5733170581101668	0.0	0.22915460957543723
0.5748178881052195	0.0	0.23758491334341328
0.5763187181002724	0.0	0.24600842386149088
0.5778195480953251	0.0	0.254424984157532
0.5793203780903778	0.0	0.26283444630378494
0.5808212080854307	0.0	0.27123665401821456
0.5823220380804834	0.0	0.27963145369268444
0.5838228680755363	0.0	0.28801868767727046
0.585323698070589	0.0	0.29639820347274254
0.5868245280656418	0.0	0.3047698523136312
0.5883253580606946	0.0	0.3131334791376944
0.5898261880557474	0.0	0.32148892909218446
0.5913270180508002	0.0	0.32983605168648555
0.592827848045853	0.0	0.3381746954810074
0.5943286780409057	0.0	0.3465047050439342
0.5958295080359586	0.0	0.35482593137563195
0.5973303380310114	0.0	0.36313822399765366
0.5988311680260642	0.0	0.371441428291453
0.600331998021117	0.0	0.37973539697015146
0.6018328280161698	0.0	0.3880199763392112
0.6033336580112225	0.0	0.3962950114104012
0.6048344880062754	0.0	0.40456035318405037
0.6063353180013281	0.0	0.4128158596594577
0.607836147996381	0.0	0.4210613860511364
0.6093369779914337	0.0	0.4292967674883444
0.6108378079864865	0.0	0.43752185401034127
0.6123386379815393	0.0	0.4457365017557595
0.6138394679765921	0.0	0.4539405596177806
0.6153402979716449	0.0	0.4621338853739666
0.6168411279666978	0.0	0.47031632626632675
0.6183419579617504	0.0	0.4784877288468412
0.6198427879568033	0.0	0.48664794961154767
0.6213436179518561	0.0	0.49479684124886036
0.6228444479469089	0.0	0.5029342507173943
0.6243452779419617	0.0	0.5110600360165224
0.6258461079370145	0.0	0.519174052681065
0.6273469379320672	0.0	0.5272761453161192
0.62884776792712	0.0	0.5353661687048934
0.6303485979221728	0.0	0.5434439784931316
0.6318494279172256	0.0	0.5515094324091294
0.6333502579122784	0.0	0.559562379099587
0.6348510879073311	0.0	0.5676026677164465
0.636351917902384	0.0	0.5756301577624164
0.6378527478974367	0.0	0.583644703503146
0.6393535778924896	0.0	0.5916461629995177
0.6408544078875424	0.0	0.5996343879172189
0.6423552378825951	0.0	0.6076092262992856
0.6438560678776479	0.0	0.6155705385354847
0.6453568978727008	0.0	0.6235181893284111
0.6468577278677535	0.0	0.6314520272385485
0.6483585578628064	0.0	0.6393719024652363
0.6498593878578591	0.0	0.6472776746343861
0.6513602178529119	0.0	0.6551691984428786
0.6528610478479647	0.0	0.6630463336644254
0.6543618778430175	0.0	0.6709089401343588
0.6558627078380703	0.0	0.6787568725988998
0.6573635378331231	0.0	0.6865899857426864
0.6588643678281758	0.0	0.694408139277773
0.6603651978232287	0.0	0.7022111913390529
0.6618660278182814	0.0	0.7099989951325357
0.6633668578133343	0.0	0.7177714093351221
0.6648676878083871	0.0	0.7255282935356995
0.6663685178034398	0.0	0.7332695059308186
0.6678693477984926	0.0	0.7409949105945551
0.6693701777935454	0.0	0.7487043633081735
0.6708710077885982	0.0	0.7563977173393037
0.6723718377836511	0.0	0.7640748395098943
0.6738726677787038	0.0	0.7717355944732738
0.6753734977737565	0.0	0.7793798346590586
0.6768743277688094	0.0	0.7870074106609428
0.6783751577638621	0.0	0.7946181909521213
0.679875987758915	0.0	0.80221204182463
0.6813768177539677	0.0	0.8097888199100269
0.6828776477490205	0.0	0.8173483891715747
0.6843784777440733	0.0	0.8248906053289915
0.6858793077391261	0.0	0.8324153282175355
0.6873801377341789	0.0	0.8399224259037296
0.6888809677292317	0.0	0.8474117624493696
0.6903817977242845	0.0	0.854883194757091
0.6918826277193373	0.0	0.8623365827484795
0.69338345771439	0.0	0.8697717962027764
0.6948842877094429	0.0	0.8771886954975061
0.6963851177044957	0.0	0.8845871391002593
0.6978859476995485	0.0	0.8919669922063717
0.6993867776946012	0.0	0.8993281220814133
0.7008876076896541	0.0	0.9066703927503412
0.7023884376847068	0.0	0.9139936699630364
0.7038892676797597	0.0	0.9212978172144697
0.7053900976748124	0.0	0.9285826910745786
0.7068909276698653	0.0	0.9358481599055969
0.708391757664918	0.0	0.9430940948669717
0.7098925876599708	0.0	0.9503203586896709
0.7113934176550236	0.0	0.9575268152136797
0.7128942476500764	0.0	0.9647133367812883
0.7143950776451292	0.0	0.9718797869244915
0.715895907640182	0.0	0.9790260260208133
0.7173967376352347	0.0	0.9861519274845374
0.7188975676302876	0.0	0.993257354145239
0.7203983976253404	0.0	1.0003421713831884
0.7218992276203932	0.0	1.0074062566667739
0.723400057615446	0.0	1.0144494771506416
0.7249008876104988	0.0	1.0214716950236047
0.7264017176055515	0.0	1.0284727775882199
0.7279025476006044	0.0	1.0354525943527255
0.7294033775956571	0.0	1.0424110182878206
0.73090420759071	0.0	1.0493479263442973
0.7324050375857627	0.0	1.0562631796266961
0.7339058675808154	0.0	1.063156639448903
0.7354066975758683	0.0	1.07002818847923
0.736907527570921	0.0	1.0768777013642927
0.7384083575659739	0.0	1.0837050414634677
0.7399091875610266	0.0	1.0905100751797887
0.7414100175560794	0.0	1.0972926837891939
0.7429108475511322	0.0	1.104052741420592
0.7444116775461851	0.0	1.1107901140457859
0.7459125075412378	0.0	1.1175046781720208
0.7474133375362907	0.0	1.1241962997586348
0.7489141675313434	0.0	1.1308648595517277
0.7504149975263962	0.0	1.1375102340708236
0.751915827521449	0.0	1.1441322871435176
0.7534166575165018	0.0	1.150730904198348
0.7549174875115546	0.0	1.157305958883763
0.7564183175066074	0.0	1.1638573191676416
0.7579191475016601	0.0	1.1703848622596478
0.759419977496713	0.0	1.1768884692260777
0.7609208074917657	0.0	1.183368016537189
0.7624216374868186	0.0	1.1898233784453531
0.7639224674818714	0.0	1.1962544380129787
0.7654232974769241	0.0	1.202661066572057
0.7669241274719769	0.0	1.2090431394715118
0.7684249574670298	0.0	1.2154005421890008
0.7699257874620825	0.0	1.221733149851748
0.7714266174571354	0.0	1.2280408429839313
0.772927447452188	0.0	1.2343235045126235
0.7744282774472409	0.0	1.2405810131136528
0.7759291074422937	0.0	1.2468132483008973
0.7774299374373463	0.0	1.2530200911654714
0.7789307674323993	0.0	1.2592014192002114
0.780431597427452	0.0	1.26535711419854
0.7819324274225049	0.0	1.2714870723092988
0.7834332574175576	0.0	1.27759117145674
0.7849340874126104	0.0	1.2836692877905933
0.7864349174076632	0.0	1.2897213041024478
0.787935747402716	0.0	1.2957471064862012
0.7894365773977688	0.0	1.301746587036516
0.7909374073928216	0.0	1.307719628483325
0.7924382373878744	0.0	1.313666114086362
0.7939390673829272	0.0	1.3195859280049023
0.7954398973779799	0.0	1.3254789607934345
0.7969407273730328	0.0	1.3313450977325494
0.7984415573680855	0.0	1.3371842290317029
0.7999423873631384	0.0	1.342996249015927
0.8014432173581911	0.0	1.3487810352644607
0.8029440473532439	0.0	1.3545384746104965
0.8044448773482967	0.0	1.3602684648785888
0.8059457073433495	0.0	1.365970899408012
0.8074465373384024	0.0	1.3716456650196425
0.8089473673334551	0.0	1.377292650961811
0.8104481973285078	0.0	1.3829117531491022
0.8119490273235607	0.0	1.388502864834555
0.8134498573186134	0.0	1.3940658764248028
0.8149506873136664	0.0	1.3996006826145817
0.816451517308719	0.0	1.4051071816104106
0.8179523473037718	0.0	1.41058526422552
0.8194531772988247	0.0	1.4160348206940183
0.8209540072938774	0.0	1.4214557575645754
0.8224548372889303	0.0	1.4268479703698305
0.8239556672839831	0.0	1.4322113496518996
0.8254564972790359	0.0	1.437545800332915
0.8269573272740887	0.0	1.4428512142119396
0.8284581572691414	0.0	1.448127491220583
0.8299589872641943	0.0	1.4533745386468302
0.831459817259247	0.0	1.4585922550053017
0.8329606472542999	0.0	1.4637805409669211
0.8344614772493526	0.0	1.4689392964264405
0.8359623072444053	0.0	1.4740684207609798
0.8374631372394582	0.0	1.4791678181040344
0.8389639672345109	0.0	1.4842373968895566
0.8404647972295638	0.0	1.489277062286122
0.8419656272246165	0.0	1.4942867149154437
0.8434664572196693	0.0	1.4992662574693023
0.8449672872147221	0.0	1.5042156051341937
0.8464681172097749	0.0	1.5091346621791715
0.8479689472048277	0.0	1.5140233292629164
0.8494697771998805	0.0	1.5188815244922862
0.8509706071949332	0.0	1.5237091551305773
0.8524714371899861	0.0	1.528506128995631
0.8539722671850388	0.0	1.5332723576882235
0.8554730971800917	0.0	1.538007748200592
0.8569739271751444	0.0	1.5427122155220923
0.8584747571701972	0.0	1.5473856756647697
0.85997558716525	0.0	1.5520280457620408
0.8614764171603028	0.0	1.5566392337673227
0.8629772471553557	0.0	1.561219151564712
0.8644780771504084	0.0	1.5657677178032587
0.8659789071454613	0.0	1.5702848506144724
0.8674797371405141	0.0	1.5747704728985186
0.8689805671355667	0.0	1.5792244947528198
0.8704813971306197	0.0	1.583646829872909
0.8719822271256723	0.0	1.588037408071687
0.8734830571207253	0.0	1.5923961565374403
0.874983887115778	0.0	1.5967229813013364
0.8764847171108306	0.0	1.6010178025403015
0.8779855471058836	0.0	1.6052805589884929
0.8794863771009364	0.0	1.60951116721252
0.8809872070959892	0.0	1.6137095444197176
0.882488037091042	0.0	1.617875620398353
0.8839888670860947	0.0	1.6220093274257499
0.8854896970811476	0.0	1.6261105883774403
0.8869905270762003	0.0	1.6301793249090892
0.8884913570712532	0.0	1.6342154751510605
0.8899921870663059	0.0	1.6382189670063212
0.8914930170613586	0.0	1.6421897213172483
0.8929938470564115	0.0	1.6461276705090582
0.8944946770514642	0.0	1.6500327531310839
0.8959955070465171	0.0	1.6539049050710763
0.8974963370415698	0.0	1.6577440552424318
0.8989971670366227	0.0	1.6615501357253148
0.9004979970316754	0.0	1.6653230777620425
0.9019988270267282	0.0	1.669062818213789
0.903499657021781	0.0	1.6727693070525362
0.9050004870168338	0.0	1.6764424846020298
0.9065013170118867	0.0	1.6800822690923318
0.9080021470069394	0.0	1.6836885992452824
0.9095029770019921	0.0	1.6872614332887244
0.911003806997045	0.0	1.6908007080592171
0.9125046369920977	0.0	1.6943063629809467
0.9140054669871507	0.0	1.6977783401397184
0.9155062969822033	0.0	1.7012165803521482
0.9170071269772561	0.0	1.7046210329125053
0.918507956972309	0.0	1.7079916424695887
0.9200087869673617	0.0	1.7113283572826061
0.9215096169624146	0.0	1.714631126485636
0.9230104469574674	0.0	1.7178998922383841
0.92451127695252	0.0	1.7211346074825156
0.926012106947573	0.0	1.7243352238904692
0.9275129369426257	0.0	1.7275016863204828
0.9290137669376786	0.0	1.7306339513492826
0.9305145969327313	0.0	1.7337319753317277
0.932015426927784	0.0	1.7367957089790957
0.9335162569228369	0.0	1.7398251008956458
0.9350170869178897	0.0	1.7428201128949778
0.9365179169129425	0.0	1.7457807101299492
0.9380187469079952	0.0	1.748706835746097
0.9395195769030481	0.0	1.751598448661312
0.9410204068981008	0.0	1.7544555175649232
0.9425212368931536	0.0	1.757277997665842
0.9440220668882064	0.0	1.7600658498781632
0.9455228968832592	0.0	1.762819033933028
0.947023726878312	0.0	1.765537519209814
0.9485245568733648	0.0	1.7682212693211847
0.9500253868684175	0.0	1.7708702357670634
0.9515262168634704	0.0	1.7734843976613621
0.9530270468585231	0.0	1.776063725061216
0.954527876853576	0.0	1.7786081753565373
0.9560287068486287	0.0	1.7811177215864429
0.9575295368436815	0.0	1.7835923317872022
0.9590303668387343	0.0	1.7860319765827477
0.9605311968337871	0.0	1.7884366284946749
0.96203202682884	0.0	1.7908062572473842
0.9635328568238927	0.0	1.793140838553873
0.9650336868189454	0.0	1.7954403496181297
0.9665345168139984	0.0	1.7977047573428095
0.968035346809051	0.0	1.7999340405830733
0.969536176804104	0.0	1.8021281805475808
0.9710370067991567	0.0	1.8042871506327893
0.9725378367942096	0.0	1.8064109328236784
0.9740386667892623	0.0	1.8084995041640366
0.975539496784315	0.0	1.810552844815182
0.9770403267793679	0.0	1.8125709392388525
0.9785411567744207	0.0	1.8145537715640787
0.9800419867694735	0.0	1.8165013174299398
0.9815428167645263	0.0	1.8184135616185544
0.983043646759579	0.0	1.8202904998048237
0.9845444767546319	0.0	1.8221321077880357
0.9860453067496846	0.0	1.8239383720384315
0.9875461367447375	0.0	1.8257092910650201
0.9890469667397902	0.0	1.8274448478878518
0.990547796734843	0.0	1.8291450282994557
0.9920486267298958	0.0	1.830809822971977
0.9935494567249485	0.0	1.8324392245244168
0.9950502867200014	0.0	1.8340332302212465
0.9965511167150541	0.0	1.8355918362179668
0.9980519467101069	0.0	1.8371150309933222
0.9995527767051597	0.0	1.838602803075388
1.0010536067002125	0.0	1.840055155975994
1.0025544366952654	0.0	1.8414720853207467
1.0040552666903182	0.0	1.8428535858604094
1.005556096685371	0.0	1.8441996641503766
1.0070569266804237	0.0	1.8455103124153682
1.0085577566754764	0.0	1.8467855331814185
1.0100585866705294	0.0	1.8480253327574776
1.0115594166655821	0.0	1.8492297027151958
1.0130602466606349	0.0	1.8503986523577942
1.0145610766556876	0.0	1.8515321855297908
1.0160619066507404	0.0	1.852630306642538
1.0175627366457933	0.0	1.8536930254551909
1.019063566640846	0.0	1.854720337667302
1.0205643966358988	0.0	1.8557122587924912
1.0220652266309516	0.0	1.8566687969757099
1.0235660566260043	0.0	1.8575899528946793
1.0250668866210573	0.0	1.8584757439236672
1.02656771661611	0.0	1.8593261843563844
1.0280685466111628	0.0	1.8601412796392358
1.0295693766062155	0.0	1.8609210355636367
1.0310702066012682	0.0	1.8616654766507077
1.0325710365963212	0.0	1.8623746175145546
1.034071866591374	0.0	1.8630484611494482
1.035572696586427	0.0	1.8636870305978581
1.0370735265814794	0.0	1.8642903473003674
1.0385743565765322	0.0	1.8648584165678186
1.0400751865715852	0.0	1.8653912594095172
1.041576016566638	0.0	1.8658889035380373
1.0430768465616909	0.0	1.866351358219645
1.0445776765567436	0.0	1.8667786463982121
1.0460785065517963	0.0	1.8671707963777802
1.047579336546849	0.0	1.8675278218482803
1.0490801665419018	0.0	1.8678497439545518
1.0505809965369548	0.0	1.8681365886717314
1.0520818265320075	0.0	1.8683883840697255
1.0535826565270603	0.0	1.8686051537578228
1.055083486522113	0.0	1.8687869168969902
1.0565843165171658	0.0	1.8689337038120915
1.0580851465122187	0.0	1.8690455457768034
1.0595859765072715	0.0	1.8691224637141637
1.0610868065023242	0.0	1.8691644837225356
1.062587636497377	0.0	1.8691716460584564
1.0640884664924297	0.0	1.8691439785330588
1.0655892964874827	0.0	1.869081502254225
1.0670901264825354	0.0	1.8689842519335143
1.0685909564775882	0.0	1.8688522642663468
1.070091786472641	0.0	1.8686855710069608
1.0715926164676937	0.0	1.868484202233776
1.0730934464627466	0.0	1.8682481901692691
1.0745942764577994	0.0	1.867977575427318
1.0760951064528521	0.0	1.867672396527028
1.0775959364479049	0.0	1.8673326814520497
1.0790967664429576	0.0	1.866958464568919
1.0805975964380106	0.0	1.8665497871076213
1.0820984264330633	0.0	1.8661066918876998
1.0835992564281163	0.0	1.8656292165410666
1.0851000864231688	0.0	1.8651173927603455
1.0866009164182218	0.0	1.8645712605186595
1.0881017464132745	0.0	1.8639908728013446
1.0896025764083273	0.0	1.8633762648128445
1.0911034064033802	0.0	1.8627274676543184
1.0926042363984327	0.0	1.8620445343357461
1.0941050663934857	0.0	1.861327507565774
1.0956058963885384	0.0	1.8605764275393248
1.0971067263835912	0.0	1.8597913419308771
1.0986075563786442	0.0	1.8589722909969644
1.100108386373697	0.0	1.8581193169533456
1.1016092163687496	0.0	1.8572324756810685
1.1031100463638024	0.0	1.8563118112565378
1.1046108763588551	0.0	1.8553573629997995
1.106111706353908	0.0	1.854369182996673
1.1076125363489608	0.0	1.8533473215832277
1.1091133663440136	0.0	1.852291826224467
1.1106141963390663	0.0	1.8512027403190805
1.112115026334119	0.0	1.8500801202286723
1.113615856329172	0.0	1.848924016893103
1.1151166863242248	0.0	1.8477344710371486
1.1166175163192775	0.0	1.8465115431503445
1.1181183463143303	0.0	1.8452552890767682
1.1196191763093832	0.0	1.843965751352564
1.121120006304436	0.0	1.8426429789706786
1.1226208362994887	0.0	1.8412870341211027
1.1241216662945415	0.0	1.8398979708858545
1.1256224962895942	0.0	1.8384758361261517
1.1271233262846472	0.0	1.8370206891239576
1.1286241562797	0.0	1.835532583579292
1.1301249862747527	0.0	1.8340115750158588
1.1316258162698054	0.0	1.8324577251923755
1.1331266462648582	0.0	1.8308710825842767
1.1346274762599111	0.0	1.8292517013351761
1.1361283062549639	0.0	1.8275996459639485
1.1376291362500166	0.0	1.8259149721421806
1.1391299662450696	0.0	1.8241977360836188
1.140630796240122	0.0	1.8224479976247128
1.142131626235175	0.0	1.8206658169223016
1.1436324562302278	0.0	1.81885125170577
1.1451332862252805	0.0	1.8170043608874153
1.1466341162203335	0.0	1.8151252074581665
1.1481349462153863	0.0	1.8132138485682616
1.149635776210439	0.0	1.8112703444484726
1.1511366062054917	0.0	1.8092947580281262
1.1526374362005447	0.0	1.8072871510536281
1.1541382661955975	0.0	1.805247587637218
1.1556390961906502	0.0	1.8031761252864833
1.157139926185703	0.0	1.8010728291364229
1.1586407561807557	0.0	1.7989377635703723
1.1601415861758086	0.0	1.7967709895091601
1.1616424161708614	0.0	1.7945725760924611
1.1631432461659141	0.0	1.7923425810743072
1.1646440761609669	0.0	1.7900810683328474
1.1661449061560196	0.0	1.7877881064532668
1.1676457361510726	0.0	1.7854637583648967
1.1691465661461253	0.0	1.783108092258641
1.170647396141178	0.0	1.78072117113775
1.1721482261362308	0.0	1.7783030614803434
1.1736490561312836	0.0	1.775853830479223
1.1751498861263365	0.0	1.7733735413471237
1.1766507161213893	0.0	1.7708622659346336
1.178151546116442	0.0	1.7683200696971004
1.1796523761114948	0.0	1.7657470197903846
1.1811532061065475	0.0	1.7631431861674396
1.1826540361016005	0.0	1.7605086325585313
1.1841548660966532	0.0	1.7578434286825229
1.185655696091706	0.0	1.7551476444430643
1.187156526086759	0.0	1.7524213480926698
1.1886573560818114	0.0	1.7496646096336157
1.1901581860768644	0.0	1.7468774991174252
1.1916590160719172	0.0	1.744060086152038
1.1931598460669701	0.0	1.7412124377331142
1.1946606760620229	0.0	1.7383346266969912
1.1961615060570754	0.0	1.7354267268041998
1.1976623360521284	0.0	1.7324888017110691
1.199163166047181	0.0	1.7295209252643744
1.200663996042234	0.0	1.7265231711999942
1.2021648260372868	0.0	1.723495605515459
1.2036656560323395	0.0	1.720438302377925
1.2051664860273923	0.0	1.717351339897646
1.206667316022445	0.0	1.7142347897403585
1.208168146017498	0.0	1.7110887126543561
1.2096689760125507	0.0	1.707913184507271
1.2111698060076035	0.0	1.7047082874140467
1.2126706360026562	0.0	1.7014740891712594
1.214171465997709	0.0	1.698210665560251
1.215672295992762	0.0	1.6949180902552983
1.2171731259878147	0.0	1.6915964297468478
1.2186739559828674	0.0	1.688245761257928
1.2201747859779202	0.0	1.6848661662873816
1.221675615972973	0.0	1.681457714319935
1.2231764459680259	0.0	1.6780204729303718
1.2246772759630786	0.0	1.6745545242090119
1.2261781059581316	0.0	1.6710599474120298
1.2276789359531841	0.0	1.6675368111739326
1.2291797659482369	0.0	1.663985190992686
1.2306805959432898	0.0	1.660405168120651
1.2321814259383426	0.0	1.6567968117591696
1.2336822559333955	0.0	1.6531601982071045
1.235183085928448	0.0	1.6494954133869582
1.2366839159235008	0.0	1.6458025256005306
1.2381847459185538	0.0	1.6420816073884574
1.2396855759136065	0.0	1.6383327446978746
1.2411864059086595	0.0	1.634556013088294
1.2426872359037122	0.0	1.6307514840037247
1.2441880658987647	0.0	1.6269192383022288
1.2456888958938177	0.0	1.623059358419122
1.2471897258888704	0.0	1.619171917203104
1.2486905558839234	0.0	1.6152569889568331
1.2501913858789762	0.0	1.6113146585800853
1.251692215874029	0.0	1.6073450036532664
1.2531930458690816	0.0	1.6033481002288137
1.2546938758641344	0.0	1.5993240312965333
1.2561947058591874	0.0	1.5952728739932096
1.25769553585424	0.0	1.5911947033608698
1.2591963658492928	0.0	1.5870896009599953
1.2606971958443456	0.0	1.5829576498666453
1.2621980258393983	0.0	1.5787989291644877
1.2636988558344513	0.0	1.5746135199950333
1.265199685829504	0.0	1.5704014984354089
1.2667005158245568	0.0	1.5661629429408361
1.2682013458196095	0.0	1.5618979388916439
1.2697021758146623	0.0	1.5576065655317273
1.2712030058097152	0.0	1.553288906984524
1.272703835804768	0.0	1.5489450435536427
1.2742046657998207	0.0	1.5445750482109875
1.2757054957948735	0.0	1.5401790108221485
1.2772063257899262	0.0	1.5357570195768742
1.2787071557849792	0.0	1.531309146646171
1.280207985780032	0.0	1.5268354753032571
1.2817088157750849	0.0	1.5223360919388347
1.2832096457701374	0.0	1.5178110740224227
1.2847104757651902	0.0	1.5132605018576297
1.2862113057602431	0.0	1.5086844651991413
1.2877121357552959	0.0	1.5040830526433586
1.2892129657503488	0.0	1.4994563387147501
1.2907137957454016	0.0	1.494804406255285
1.292214625740454	0.0	1.4901273429865487
1.293715455735507	0.0	1.4854252324651351
1.2952162857305598	0.0	1.480698160293147
1.2967171157256128	0.0	1.4759462100889098
1.2982179457206655	0.0	1.471169468107568
1.2997187757157183	0.0	1.4663680163778026
1.301219605710771	0.0	1.4615419406742973
1.3027204357058237	0.0	1.4566913321810988
1.3042212657008767	0.0	1.451816269846336
1.3057220956959295	0.0	1.446916837004866
1.3072229256909822	0.0	1.4419931277487983
1.308723755686035	0.0	1.4370452307607884
1.3102245856810877	0.0	1.432073228919773
1.3117254156761406	0.0	1.4270772022335765
1.3132262456711934	0.0	1.4220572436237264
1.3147270756662461	0.0	1.4170134436335255
1.3162279056612989	0.0	1.4119458849077653
1.3177287356563516	0.0	1.406854658063704
1.3192295656514046	0.0	1.4017398513403931
1.3207303956464573	0.0	1.3966015579920585
1.32223122564151	0.0	1.3914398652596587
1.3237320556365628	0.0	1.3862548505756884
1.3252328856316156	0.0	1.3810466080445745
1.3267337156266685	0.0	1.375815236391581
1.3282345456217213	0.0	1.3705608196662458
1.3297353756167742	0.0	1.3652834474507098
1.3312362056118268	0.0	1.3599832124323548
1.3327370356068795	0.0	1.3546601996588492
1.3342378656019325	0.0	1.3493145049103694
1.3357386955969852	0.0	1.3439462224638676
1.3372395255920382	0.0	1.3385554434295095
1.3387403555870907	0.0	1.3331422563174236
1.3402411855821437	0.0	1.3277067471117145
1.3417420155771964	0.0	1.3222490140570373
1.3432428455722492	0.0	1.3167691500872554
1.3447436755673021	0.0	1.3112672525844693
1.3462445055623549	0.0	1.3057434149137361
1.3477453355574076	0.0	1.300197721925565
1.3492461655524604	0.0	1.2946302716305023
1.350746995547513	0.0	1.289041161324395
1.352247825542566	0.0	1.2834304842244635
1.3537486555376188	0.0	1.2777983314408545
1.3552494855326715	0.0	1.2721448035471445
1.3567503155277243	0.0	1.2664699956581704
1.358251145522777	0.0	1.2607739973191043
1.35975197551783	0.0	1.25505691496888
1.3612528055128827	0.0	1.2493188425271182
1.3627536355079355	0.0	1.24355986608881
1.3642544655029882	0.0	1.23778009284452
1.365755295498041	0.0	1.2319796240208845
1.367256125493094	0.0	1.2261585466863552
1.3687569554881467	0.0	1.220316968130103
1.3702577854831994	0.0	1.2144549869294627
1.3717586154782522	0.0	1.2085726917055057
1.3732594454733051	0.0	1.2026701907208448
1.3747602754683579	0.0	1.196747583587895
1.3762611054634106	0.0	1.1908049716811488
1.3777619354584634	0.0	1.18484245324528
1.3792627654535161	0.0	1.1788601179857257
1.380763595448569	0.0	1.1728580825687782
1.3822644254436218	0.0	1.1668364538646203
1.3837652554386746	0.0	1.1607953156393584
1.3852660854337275	0.0	1.1547347758352429
1.38676691542878	0.0	1.1486549468797667
1.388267745423833	0.0	1.1425559195010568
1.3897685754188858	0.0	1.1364378010006009
1.3912694054139385	0.0	1.1303007056788197
1.3927702354089915	0.0	1.1241447302524554
1.3942710654040442	0.0	1.1179699713889653
1.395771895399097	0.0	1.1117765347509445
1.3972727253941497	0.0	1.105564537805638
1.3987735553892024	0.0	1.0993340847616648
1.4002743853842554	0.0	1.0930852736911918
1.4017752153793082	0.0	1.086818213990408
1.403276045374361	0.0	1.0805330175200738
1.4047768753694136	0.0	1.0742297913597738
1.4062777053644664	0.0	1.0679086394839996
1.4077785353595194	0.0	1.0615696668160877
1.409279365354572	0.0	1.0552129831465271
1.4107801953496248	0.0	1.0488387093805014
1.4122810253446776	0.0	1.0424469490488621
1.4137818553397306	0.0	1.036037805054089
1.4152826853347833	0.0	1.0296113953686319
1.416783515329836	0.0	1.0231678262958483
1.4182843453248888	0.0	1.0167072099059191
1.4197851753199415	0.0	1.0102296615096746
1.4212860053149945	0.0	1.0037352905896508
1.4227868353100472	0.0	0.9972242075771354
1.4242876653051	0.0	0.9906965288057228
1.4257884953001527	0.0	0.9841523752422172
1.4272893252952055	0.0	0.9775918479037615
1.4287901552902584	0.0	0.9710150572708736
1.4302909852853112	0.0	0.9644221326771053
1.431791815280364	0.0	0.9578131847755927
1.4332926452754169	0.0	0.9511883241208275
1.4347934752704694	0.0	0.9445476708046869
1.4362943052655224	0.0	0.9378913419617182
1.4377951352605751	0.0	0.9312194521388233
1.4392959652556279	0.0	0.924532121193789
1.4407967952506808	0.0	0.9178294672346227
1.4422976252457334	0.0	0.9111116032802576
1.4437984552407863	0.0	0.904378651049147
1.445299285235839	0.0	0.8976307324567736
1.446800115230892	0.0	0.8908679659561591
1.4483009452259448	0.0	0.8840904679919329
1.4498017752209975	0.0	0.8772983612066306
1.4513026052160503	0.0	0.870491767799166
1.452803435211103	0.0	0.8636708053477452
1.454304265206156	0.0	0.8568356000436924
1.4558050952012087	0.0	0.8499862711163116
1.4573059251962615	0.0	0.8431229435864008
1.4588067551913142	0.0	0.8362457469599821
1.460307585186367	0.0	0.8293547949214214
1.46180841518142	0.0	0.8224502055663355
1.4633092451764727	0.0	0.815532109251003
1.4648100751715254	0.0	0.8086006376009105
1.4663109051665781	0.0	0.8016559154642006
1.4678117351616309	0.0	0.7946980683052925
1.4693125651566838	0.0	0.787727214725082
1.4708133951517366	0.0	0.7807434822826713
1.4723142251467893	0.0	0.7737470089740345
1.473815055141842	0.0	0.7667379082617265
1.4753158851368948	0.0	0.7597163074091389
1.4768167151319478	0.0	0.7526823478008807
1.4783175451270005	0.0	0.7456361537306969
1.4798183751220533	0.0	0.7385778519320666
1.481319205117106	0.0	0.7315075730816866
1.4828200351121588	0.0	0.7244254500001666
1.4843208651072117	0.0	0.7173316051576087
1.4858216951022645	0.0	0.7102261699330186
1.4873225250973174	0.0	0.7031092898142285
1.4888233550923702	0.0	0.6959810848684824
1.4903241850874227	0.0	0.6888416823345385
1.4918250150824757	0.0	0.6816912281931544
1.4933258450775284	0.0	0.6745298501143566
1.4948266750725814	0.0	0.6673576749671812
1.4963275050676341	0.0	0.6601748432737016
1.4978283350626869	0.0	0.6529814876820567
1.4993291650577396	0.0	0.6457777442536912
1.5008299950527924	0.0	0.6385637502452838
1.5023308250478453	0.0	0.6313396317002846
1.503831655042898	0.0	0.6241055263806142
1.5053324850379508	0.0	0.6168615795152703
1.5068333150330036	0.0	0.6096079249478108
1.5083341450280563	0.0	0.6023446906932395
1.5098349750231093	0.0	0.5950720189000942
1.511335805018162	0.0	0.5877900544647487
1.5128366350132147	0.0	0.5804989290496397
1.5143374650082675	0.0	0.5731987775456482
1.5158382950033202	0.0	0.5658897447998072
1.5173391249983732	0.0	0.5585719715682804
1.518839954993426	0.0	0.5512455868765185
1.5203407849884787	0.0	0.5439107369024935
1.5218416149835314	0.0	0.5365675703131787
1.5233424449785842	0.0	0.5292162152468186
1.5248432749736371	0.0	0.5218568134083662
1.5263441049686899	0.0	0.5144895120107631
1.5278449349637429	0.0	0.5071144506766702
1.5293457649587954	0.0	0.4997317747336923
1.5308465949538481	0.0	0.49234162278154175
1.532347424948901	0.0	0.4849441320030341
1.5338482549439538	0.0	0.4775394528641887
1.5353490849390068	0.0	0.4701277232624463
1.5368499149340595	0.0	0.46270908572830927
1.538350744929112	0.0	0.4552836968519512
1.539851574924165	0.0	0.4478516910436445
1.5413524049192178	0.0	0.44041320862821065
1.5428532349142707	0.0	0.43296840037973355
1.5443540649093235	0.0	0.4255174106402262
1.545854894904376	0.0	0.4180603856861202
1.547355724899429	0.0	0.41059746674176006
1.5488565548944817	0.0	0.403128803989845
1.5503573848895347	0.0	0.3956545461836389
1.5518582148845874	0.0	0.3881748262177251
1.5533590448796402	0.0	0.3806897976016697
1.5548598748746927	0.0	0.3731996176526992
1.5563607048697456	0.0	0.3657044219516495
1.5578615348647986	0.0	0.3582043582782874
1.5593623648598514	0.0	0.3506995764948571
1.560863194854904	0.0	0.34319022688259104
1.5623640248499568	0.0	0.33567646173122506
1.5638648548450098	0.0	0.32815842028123376
1.5653656848400623	0.0	0.3206362489077298
1.5668665148351153	0.0	0.31311009418289254
1.568367344830168	0.0	0.3055801165167617
1.5698681748252208	0.0	0.29804646664654516
1.5713690048202735	0.0	0.2905092776269059
1.5728698348153265	0.0	0.2829687111740785
1.5743706648103795	0.0	0.27542491894942717
1.575871494805432	0.0	0.2678780392568794
1.5773723248004847	0.0	0.2603282300543869
1.5788731547955377	0.0	0.25277564392739627
1.5803739847905902	0.0	0.2452204219894392
1.5818748147856432	0.0	0.2376627197709386
1.5833756447806961	0.0	0.230102690153052
1.584876474775749	0.0	0.2225404793507015
1.5863773047708014	0.0	0.2149762402204113
1.5878781347658544	0.0	0.2074101256556555
1.5893789647609073	0.0	0.19984228148931785
1.5908797947559599	0.0	0.19227285627755866
1.5923806247510128	0.0	0.18470201359716792
1.5938814547460656	0.0	0.17712990046394664
1.595382284741118	0.0	0.16955666190986285
1.596883114736171	0.0	0.16198245294781785
1.598383944731224	0.0	0.1544074239699311
1.5998847747262768	0.0	0.1468317314062226
1.6013856047213293	0.0	0.13925552473686112
1.6028864347163823	0.0	0.13167895181555045
1.6043872647114352	0.0	0.12410216373682952
1.6058880947064877	0.0	0.11652531646246335
1.6073889247015407	0.0	0.10894856924409684
1.6088897546965935	0.0	0.10137206561036265
1.6103905846916464	0.0	0.09379595396954717
1.611891414686699	0.0	0.08622038699338765
1.613392244681752	0.0	0.07864551889379565
1.6148930746768049	0.0	0.07107150787509306
1.6163939046718574	0.0	0.06349850266598438
1.6178947346669101	0.0	0.055926656295463964
1.619395564661963	0.0	0.04835611481822647
1.6208963946570156	0.0	0.040787025459530106
1.6223972246520686	0.0	0.03321955467963191
1.6238980546471213	0.0	0.02565385409055548
1.6253988846421743	0.0	0.01809006453468096
1.6268997146372268	0.0	0.010528338227770226
1.6284005446322798	0.0	0.0029688320064040832
1.6299013746273328	0.0	-0.004588301802657693
1.6314022046223853	0.0	-0.012142917489771879
1.632903034617438	0.0	-0.019694854460148827
1.634403864612491	0.0	-0.027243961138714915
1.6359046946075435	0.0	-0.034790091211977674
1.6374055246025965	0.0	-0.04233309126890436
1.6389063545976494	0.0	-0.049872815316457604
1.6404071845927022	0.0	-0.05740910947538662
1.6419080145877547	0.0	-0.06494182247864526
1.6434088445828077	0.0	-0.0724708023569528
1.6449096745778606	0.0	-0.07999589592105036
1.6464105045729132	0.0	-0.08751695548966738
1.6479113345679661	0.0	-0.09503382996844988
1.6494121645630189	0.0	-0.10254637239082647
1.6509129945580718	0.0	-0.11005442891442241
1.6524138245531244	0.0	-0.11755784314627857
1.6539146545481773	0.0	-0.1250564735416693
1.65541548454323	0.0	-0.132550173466721
1.6569163145382828	0.0	-0.14003879086582532
1.6584171445333356	0.0	-0.147522169715634
1.6599179745283885	0.0	-0.15500015882314877
1.661418804523441	0.0	-0.16247262234877283
1.662919634518494	0.0	-0.16993941277138921
1.6644204645135467	0.0	-0.17740036804217654
1.6659212945085997	0.0	-0.1848553370913402
1.6674221245036522	0.0	-0.19230418018544332
1.6689229544987052	0.0	-0.1997467519721368
1.6704237844937582	0.0	-0.20718290226883238
1.6719246144888107	0.0	-0.21461248238384953
1.6734254444838634	0.0	-0.22203534997143579
1.6749262744789164	0.0	-0.2294513570177708
1.676427104473969	0.0	-0.23686034621798174
1.6779279344690219	0.0	-0.24426217530021613
1.6794287644640746	0.0	-0.25165670370552495
1.6809295944591276	0.0	-0.2590437801669731
1.6824304244541801	0.0	-0.26642326268378547
1.683931254449233	0.0	-0.27379501401163725
1.685432084444286	0.0	-0.28115887428271763
1.6869329144393386	0.0	-0.2885146965304183
1.6884337444343913	0.0	-0.2958623493388578
1.6899345744294443	0.0	-0.30320168150268423
1.6914354044244972	0.0	-0.31053254943153374
1.6929362344195498	0.0	-0.3178548103115467
1.6944370644146027	0.0	-0.32516832203109824
1.6959378944096555	0.0	-0.3324729427742373
1.697438724404708	0.0	-0.33976852372622757
1.698939554399761	0.0	-0.3470549283943564
1.700440384394814	0.0	-0.35433201453136776
1.7019412143898665	0.0	-0.3615996326694095
1.7034420443849194	0.0	-0.36885764940873006
1.7049428743799722	0.0	-0.3761059272214627
1.7064437043750251	0.0	-0.38334431464345753
1.7079445343700776	0.0	-0.3905726772645902
1.7094453643651306	0.0	-0.3977908767931019
1.7109461943601834	0.0	-0.4049987667306022
1.712447024355236	0.0	-0.4121962194810759
1.7139478543502888	0.0	-0.4193830890268523
1.7154486843453418	0.0	-0.4265592288449447
1.7169495143403943	0.0	-0.43372451453064736
1.7184503443354473	0.0	-0.44087880770605886
1.7199511743305	0.0	-0.4480219630188671
1.721452004325553	0.0	-0.45515384673647485
1.7229528343206055	0.0	-0.4622743254960437
1.7244536643156585	0.0	-0.4693832640124855
1.7259544943107115	0.0	-0.47648052267560387
1.727455324305764	0.0	-0.48356596199840624
1.7289561543008167	0.0	-0.49063945071277404
1.7304569842958697	0.0	-0.4977008607420833
1.7319578142909227	0.0	-0.504750063467518
1.7334586442859752	0.0	-0.5117869123291787
1.7349594742810281	0.0	-0.5188112688751529
1.736460304276081	0.0	-0.5258230131983502
1.7379611342711334	0.0	-0.532822011369181
1.7394619642661864	0.0	-0.5398081269811118
1.7409627942612393	0.0	-0.5467812362579568
1.7424636242562919	0.0	-0.5537412060464088
1.7439644542513446	0.0	-0.5606878969703247
1.7454652842463976	0.0	-0.5676211862762454
1.7469661142414505	0.0	-0.5745409485490918
1.748466944236503	0.0	-0.5814470461871711
1.749967774231556	0.0	-0.5883393523831042
1.7514686042266088	0.0	-0.5952177452582472
1.7529694342216613	0.0	-0.6020820970192964
1.7544702642167143	0.0	-0.6089322755850118
1.7559710942117672	0.0	-0.6157681517080579
1.75747192420682	0.0	-0.6225896079828098
1.7589727542018727	0.0	-0.6293965224321647
1.7604735841969255	0.0	-0.6361887577130795
1.7619744141919784	0.0	-0.6429661834200825
1.763475244187031	0.0	-0.6497286907361081
1.764976074182084	0.0	-0.6564761543939513
1.7664769041771367	0.0	-0.6632084430022532
1.7679777341721894	0.0	-0.6699254418785546
1.7694785641672421	0.0	-0.6766270222562395
1.770979394162295	0.0	-0.6833130677030692
1.772480224157348	0.0	-0.6899834620210066
1.7739810541524006	0.0	-0.696638071563782
1.7754818841474533	0.0	-0.7032767801455638
1.7769827141425063	0.0	-0.7098994697816594
1.7784835441375588	0.0	-0.7165060245573518
1.7799843741326118	0.0	-0.7230963299134221
1.7814852041276648	0.0	-0.7296702594860391
1.7829860341227173	0.0	-0.7362276950438809
1.78448686411777	0.0	-0.7427685211283167
1.785987694112823	0.0	-0.7492926230814836
1.787488524107876	0.0	-0.75579988342382
1.7889893541029285	0.0	-0.7622901816075102
1.7904901840979814	0.0	-0.768763412290303
1.7919910140930342	0.0	-0.7752194633404716
1.7934918440880867	0.0	-0.7816582151713436
1.7949926740831397	0.0	-0.7880795531990301
1.7964935040781926	0.0	-0.794483365082273
1.7979943340732454	0.0	-0.8008695379377332
1.7994951640682981	0.0	-0.8072379549142206
1.8009959940633509	0.0	-0.8135885165594366
1.8024968240584038	0.0	-0.8199211152146737
1.8039976540534564	0.0	-0.8262356251444717
1.8054984840485093	0.0	-0.83253194030416
1.806999314043562	0.0	-0.8388099661950681
1.8085001440386146	0.0	-0.8450695865451846
1.8100009740336676	0.0	-0.8513106814844433
1.8115018040287205	0.0	-0.8575331541605076
1.8130026340237735	0.0	-0.8637368990216692
1.814503464018826	0.0	-0.869921802211166
1.8160042940138788	0.0	-0.8760877605184537
1.8175051240089317	0.0	-0.8822346768447519
1.8190059540039842	0.0	-0.8883624490269503
1.8205067839990372	0.0	-0.894470959191243
1.82200761399409	0.0	-0.9005601021308992
1.8235084439891427	0.0	-0.9066297869205961
1.8250092739841954	0.0	-0.912679910485384
1.8265101039792484	0.0	-0.9187103608659689
1.8280109339743014	0.0	-0.924721045485967
1.8295117639693539	0.0	-0.9307118680352336
1.8310125939644066	0.0	-0.9366827118720732
1.8325134239594596	0.0	-0.9426334833727045
1.8340142539545121	0.0	-0.948564091389994
1.835515083949565	0.0	-0.9544744309266681
1.837015913944618	0.0	-0.9603644099977643
1.8385167439396708	0.0	-0.9662339281776354
1.8400175739347233	0.0	-0.9720828751088192
1.8415184039297763	0.0	-0.9779111658792972
1.8430192339248292	0.0	-0.9837187150594925
1.8445200639198818	0.0	-0.9895054168757748
1.8460208939149347	0.0	-0.995271172664593
1.8475217239099875	0.0	-1.0010158909584692
1.84902255390504	0.0	-1.0067394804131296
1.850523383900093	0.0	-1.0124418469981211
1.852024213895146	0.0	-1.0181228940952722
1.8535250438901987	0.0	-1.0237825331697648
1.8550258738852514	0.0	-1.029420680862145
1.8565267038803042	0.0	-1.0350372393343745
1.8580275338753571	0.0	-1.0406321036384827
1.8595283638704097	0.0	-1.0462051964528798
1.8610291938654626	0.0	-1.05175644865018
1.8625300238605154	0.0	-1.0572857570445096
1.864030853855568	0.0	-1.0627930098491558
1.8655316838506208	0.0	-1.0682781337594984
1.8670325138456738	0.0	-1.073741052883291
1.8685333438407268	0.0	-1.0791816763075823
1.8700341738357793	0.0	-1.0845999182700057
1.871535003830832	0.0	-1.089995685898392
1.873035833825885	0.0	-1.0953688973489026
1.8745366638209375	0.0	-1.100719469607025
1.8760374938159905	0.0	-1.10604732174076
1.8775383238110435	0.0	-1.1113523743953262
1.8790391538060962	0.0	-1.116634530804714
1.8805399838011487	0.0	-1.1218937134747902
1.8820408137962017	0.0	-1.127129847117064
1.8835416437912547	0.0	-1.1323428417673935
1.8850424737863072	0.0	-1.1375326241088788
1.88654330378136	0.0	-1.14269910922939
1.888044133776413	0.0	-1.1478422138064244
1.8895449637714654	0.0	-1.1529618816508775
1.8910457937665184	0.0	-1.1580580206052429
1.8925466237615713	0.0	-1.1631305285064286
1.894047453756624	0.0	-1.1681793514941596
1.8955482837516766	0.0	-1.173204419726388
1.8970491137467296	0.0	-1.1782056407991814
1.8985499437417825	0.0	-1.183182943367138
1.900050773736835	0.0	-1.1881362610014592
1.901551603731888	0.0	-1.193065509985324
1.9030524337269408	0.0	-1.197970612627402
1.9045532637219937	0.0	-1.202851505135825
1.9060540937170463	0.0	-1.20770810454544
1.9075549237120992	0.0	-1.212540338217022
1.909055753707152	0.0	-1.2173481454638702
1.9105565837022047	0.0	-1.222131448890476
1.9120574136972575	0.0	-1.226890177484117
1.9135582436923104	0.0	-1.2316242575458922
1.915059073687363	0.0	-1.2363336181494247
1.916559903682416	0.0	-1.2410181913255756
1.9180607336774687	0.0	-1.2456779100910196
1.9195615636725216	0.0	-1.2503127100131821
1.9210623936675741	0.0	-1.2549225104064345
1.922563223662627	0.0	-1.2595072503129798
1.92406405365768	0.0	-1.2640668704755715
1.9255648836527326	0.0	-1.2686012949402679
1.9270657136477853	0.0	-1.2731104600261252
1.9285665436428383	0.0	-1.2775942988237552
1.9300673736378908	0.0	-1.2820527475043029
1.9315682036329438	0.0	-1.286485743742249
1.9330690336279968	0.0	-1.2908932235485109
1.9345698636230495	0.0	-1.2952751257065682
1.936070693618102	0.0	-1.2996313785383764
1.937571523613155	0.0	-1.3039619182150626
1.939072353608208	0.0	-1.3082666952877315
1.9405731836032605	0.0	-1.3125456443010637
1.9420740135983134	0.0	-1.3167986944395138
1.9435748435933662	0.0	-1.3210258002958641
1.9450756735884192	0.0	-1.3252269001607242
1.9465765035834717	0.0	-1.3294019204337257
1.9480773335785246	0.0	-1.3335508114318653
1.9495781635735774	0.0	-1.3376735180504407
1.95107899356863	0.0	-1.3417699763866608
1.9525798235636829	0.0	-1.3458401320134619
1.9540806535587358	0.0	-1.3498839290005378
1.9555814835537884	0.0	-1.3539013115037988
1.9570823135488413	0.0	-1.3578922212640174
1.958583143543894	0.0	-1.3618565986295916
1.960083973538947	0.0	-1.3657943971212545
1.9615848035339996	0.0	-1.369705561153696
1.9630856335290525	0.0	-1.3735900309644082
1.9645864635241053	0.0	-1.3774477550343731
1.966087293519158	0.0	-1.3812786874019196
1.9675881235142108	0.0	-1.3850827668258194
1.9690889535092637	0.0	-1.3888599374866535
1.9705897835043162	0.0	-1.392610165510776
1.9720906134993692	0.0	-1.3963333892010763
1.973591443494422	0.0	-1.4000295541428631
1.975092273489475	0.0	-1.4036986210530173
1.9765931034845274	0.0	-1.407340533606933
1.9780939334795804	0.0	-1.4109552383386714
1.9795947634746334	0.0	-1.4145426920713664
1.981095593469686	0.0	-1.4181028511352625
1.9825964234647386	0.0	-1.421635664578148
1.9840972534597916	0.0	-1.425141083468687
1.9855980834548446	0.0	-1.4286190634717102
1.987098913449897	0.0	-1.4320695618169854
1.98859974344495	0.0	-1.4354925198016635
1.9901005734400028	0.0	-1.4388878954564284
1.9916014034350553	0.0	-1.4422556628924177
1.9931022334301083	0.0	-1.445595764971701
1.9946030634251612	0.0	-1.4489081527013405
1.9961038934202138	0.0	-1.4521927925896732
1.9976047234152667	0.0	-1.4554496419033984
1.9991055534103195	0.0	-1.458678647435413
2.0006063834053722	0.0	-1.461879773118688
2.002107213400425	0.0	-1.4650529914131714
2.0036080433954777	0.0	-1.4681982492596144
2.005108873390531	0.0	-1.4713154975664722
2.006609703385583	0.0	-1.4744047015482775
2.0081105333806364	0.0	-1.477465835661146
2.009611363375689	0.0	-1.4804988573935698
2.011112193370742	0.0	-1.4835037151403505
2.0126130233657946	0.0	-1.486480382618271
2.0141138533608474	0.0	-1.4894288202361667
2.0156146833559005	0.0	-1.4923489865053297
2.017115513350953	0.0	-1.4952408520743259
2.0186163433460056	0.0	-1.4981043791880237
2.020117173341059	0.0	-1.5009395362646933
2.021618003336111	0.0	-1.5037462775644561
2.0231188333311643	0.0	-1.506524568092351
2.024619663326217	0.0	-1.5092743897840353
2.0261204933212698	0.0	-1.511995700078771
2.0276213233163225	0.0	-1.514688463106689
2.0291221533113752	0.0	-1.517352649959977
2.0306229833064284	0.0	-1.5199882321128428
2.0321238133014807	0.0	-1.5225951779095828
2.0336246432965335	0.0	-1.525173443421681
2.0351254732915867	0.0	-1.5277230043498276
2.036626303286639	0.0	-1.5302438425680964
2.038127133281692	0.0	-1.5327359286634517
2.039627963276745	0.0	-1.5351992206419254
2.0411287932717976	0.0	-1.5376336833853714
2.0426296232668504	0.0	-1.540039298459818
2.044130453261903	0.0	-1.54241604325404
2.0456312832569563	0.0	-1.5447638999132445
2.0471321132520086	0.0	-1.5470828269240167
2.048632943247062	0.0	-1.5493727858165438
2.0501337732421145	0.0	-1.5516337750505775
2.0516346032371673	0.0	-1.5538657688604225
2.05313543323222	0.0	-1.5560687261146933
2.0546362632272728	0.0	-1.5582426289339262
2.0561370932223255	0.0	-1.5603874536102516
2.0576379232173783	0.0	-1.562503174304065
2.059138753212431	0.0	-1.5645897751074558
2.060639583207484	0.0	-1.5666472375741451
2.0621404132025365	0.0	-1.568675534706235
2.0636412431975897	0.0	-1.5706746405039491
2.0651420731926424	0.0	-1.5726445436555536
2.066642903187695	0.0	-1.574585213823847
2.068143733182748	0.0	-1.5764966301227414
2.0696445631778007	0.0	-1.5783787843210464
2.071145393172854	0.0	-1.5802316519222648
2.072646223167906	0.0	-1.5820552159587824
2.074147053162959	0.0	-1.5838494525748739
2.075647883158012	0.0	-1.585614354537414
2.0771487131530644	0.0	-1.5873499095365662
2.0786495431481176	0.0	-1.5890560811110215
2.0801503731431703	0.0	-1.5907328640361855
2.081651203138223	0.0	-1.592380246260955
2.083152033133276	0.0	-1.5939982049277261
2.0846528631283285	0.0	-1.5955867332716187
2.0861536931233817	0.0	-1.5971458150519886
2.087654523118434	0.0	-1.5986754344718492
2.089155353113487	0.0	-1.6001755793075996
2.09065618310854	0.0	-1.6016462427943419
2.0921570131035927	0.0	-1.6030874122279397
2.0936578430986454	0.0	-1.6044990666853465
2.095158673093698	0.0	-1.605881198021597
2.096659503088751	0.0	-1.6072338014310485
2.0981603330838037	0.0	-1.608556866612368
2.0996611630788564	0.0	-1.6098503821182646
2.1011619930739096	0.0	-1.6111143388303133
2.102662823068962	0.0	-1.6123487344196297
2.104163653064015	0.0	-1.6135535522882654
2.105664483059068	0.0	-1.614728768851573
2.1071653130541206	0.0	-1.6158744039236004
2.1086661430491733	0.0	-1.6169904587858628
2.110166973044226	0.0	-1.6180769012774892
2.111667803039279	0.0	-1.6191337338259335
2.1131686330343316	0.0	-1.6201609585875922
2.1146694630293843	0.0	-1.6211585611332107
2.1161702930244375	0.0	-1.622126539170845
2.11767112301949	0.0	-1.6230648988492644
2.119171953014543	0.0	-1.623973632960005
2.1206727830095957	0.0	-1.6248527307704468
2.1221736130046485	0.0	-1.6257022007828954
2.123674442999701	0.0	-1.6265220332258745
2.125175272994754	0.0	-1.6273122188084566
2.126676102989807	0.0	-1.6280727800185981
2.1281769329848594	0.0	-1.6288037110156037
2.129677762979912	0.0	-1.6295050003398566
2.1311785929749654	0.0	-1.6301766520453365
2.132679422970018	0.0	-1.6308186727736957
2.134180252965071	0.0	-1.6314310630178326
2.1356810829601236	0.0	-1.6320138221000207
2.1371819129551763	0.0	-1.632566955602199
2.138682742950229	0.0	-1.633090465274129
2.140183572945282	0.0	-1.6335843608749603
2.141684402940335	0.0	-1.6340486341488367
2.1431852329353873	0.0	-1.6344832901971398
2.1446860629304405	0.0	-1.63488834896947
2.1461868929254933	0.0	-1.6352638110326438
2.147687722920546	0.0	-1.6356096784937437
2.1491885529155987	0.0	-1.6359259585982164
2.1506893829106515	0.0	-1.6362126651345723
2.1521902129057042	0.0	-1.6364697982876404
2.153691042900757	0.0	-1.6366973609161566
2.1551918728958097	0.0	-1.6368953714048176
2.156692702890863	0.0	-1.6370638428767244
2.158193532885915	0.0	-1.6372027822446118
2.1596943628809684	0.0	-1.6373121832734712
2.161195192876021	0.0	-1.6373920692398811
2.162696022871074	0.0	-1.6374424639009826
2.1641968528661266	0.0	-1.6374633607876348
2.1656976828611794	0.0	-1.6374547697699051
2.1671985128562326	0.0	-1.6374167132987836
2.168699342851285	0.0	-1.6373492104489906
2.1702001728463376	0.0	-1.6372522683427462
2.171701002841391	0.0	-1.6371258938065316
2.1732018328364435	0.0	-1.6369701038326152
2.1747026628314963	0.0	-1.636784918345951
2.176203492826549	0.0	-1.6365703537473535
2.1777043228216018	0.0	-1.6363264224329217
2.1792051528166545	0.0	-1.6360531363305184
2.1807059828117072	0.0	-1.6357505178541722
2.1822068128067604	0.0	-1.6354185926463216
2.1837076428018127	0.0	-1.6350573663382029
2.1852084727968655	0.0	-1.6346668527059967
2.1867093027919187	0.0	-1.6342470824935242
2.1882101327869714	0.0	-1.6337980754655477
2.189710962782024	0.0	-1.6333198424162871
2.191211792777077	0.0	-1.6328124061787284
2.1927126227721296	0.0	-1.6322757949090299
2.1942134527671824	0.0	-1.6317100206089878
2.195714282762235	0.0	-1.6311151057049547
2.1972151127572883	0.0	-1.6304910763445748
2.198715942752341	0.0	-1.6298379520338475
2.200216772747394	0.0	-1.6291557629744142
2.2017176027424465	0.0	-1.6284445257765605
2.2032184327374993	0.0	-1.6277042574695275
2.204719262732552	0.0	-1.626934991779097
2.2062200927276048	0.0	-1.6261367558017248
2.2077209227226575	0.0	-1.6253095715324852
2.2092217527177103	0.0	-1.624453465735134
2.210722582712763	0.0	-1.6235684648776951
2.212223412707816	0.0	-1.622654586667129
2.213724242702869	0.0	-1.6217118680329825
2.2152250726979217	0.0	-1.62074034214654
2.2167259026929744	0.0	-1.6197400149470866
2.218226732688027	0.0	-1.6187109241035023
2.21972756268308	0.0	-1.617653115133886
2.2212283926781327	0.0	-1.6165666082958856
2.222729222673186	0.0	-1.6154514311049137
2.224230052668238	0.0	-1.6143076116555153
2.225730882663291	0.0	-1.6131351753190435
2.227231712658344	0.0	-1.6119341614771576
2.228732542653397	0.0	-1.610704607071727
2.2302333726484496	0.0	-1.6094465363774262
2.2317342026435023	0.0	-1.6081599821589088
2.233235032638555	0.0	-1.6068449759609382
2.234735862633608	0.0	-1.605501550018307
2.2362366926286605	0.0	-1.604129749257654
2.2377375226237137	0.0	-1.602729598902467
2.2392383526187665	0.0	-1.6013011303003455
2.2407391826138188	0.0	-1.599844387416797
2.242240012608872	0.0	-1.5983594023633985
2.2437408426039247	0.0	-1.596846213388168
2.2452416725989774	0.0	-1.5953048513335077
2.24674250259403	0.0	-1.5937353484218906
2.248243332589083	0.0	-1.592137751600783
2.2497441625841357	0.0	-1.590512101668896
2.2512449925791884	0.0	-1.5888584331036733
2.2527458225742416	0.0	-1.5871767814422495
2.2542466525692944	0.0	-1.5854671766644672
2.255747482564347	0.0	-1.583729666802149
2.2572483125594	0.0	-1.5819643040643372
2.2587491425544526	0.0	-1.5801711155105176
2.2602499725495053	0.0	-1.578350141495798
2.261750802544558	0.0	-1.576501430027363
2.263251632539611	0.0	-1.5746250153238772
2.2647524625346636	0.0	-1.5727209353746
2.2662532925297163	0.0	-1.5707892380265158
2.2677541225247695	0.0	-1.5688299685636025
2.2692549525198222	0.0	-1.5668431704338408
2.270755782514875	0.0	-1.5648288842880729
2.2722566125099277	0.0	-1.5627871555211763
2.2737574425049805	0.0	-1.5607180345308316
2.275258272500033	0.0	-1.5586215579385292
2.276759102495086	0.0	-1.5564977582008699
2.278259932490139	0.0	-1.5543466892889601
2.279760762485192	0.0	-1.5521684176809205
2.281261592480244	0.0	-1.5499629775954158
2.2827624224752974	0.0	-1.5477304015629694
2.28426325247035	0.0	-1.5454707485451873
2.285764082465403	0.0	-1.5431840631113476
2.2872649124604556	0.0	-1.5408703900155893
2.2887657424555083	0.0	-1.538529788663098
2.290266572450561	0.0	-1.536162304929291
2.291767402445614	0.0	-1.5337679799948947
2.293268232440667	0.0	-1.5313468646642192
2.2947690624357198	0.0	-1.5288990130685522
2.2962698924307725	0.0	-1.5264244753591345
2.2977707224258253	0.0	-1.5239232992597236
2.299271552420878	0.0	-1.5213955329746585
2.3007723824159307	0.0	-1.5188412319167515
2.3022732124109835	0.0	-1.5162604518684721
2.3037740424060362	0.0	-1.5136532334683266
2.3052748724010894	0.0	-1.5110196291225215
2.3067757023961417	0.0	-1.5083597078721893
2.308276532391195	0.0	-1.5056735200656923
2.3097773623862476	0.0	-1.5029611057377896
2.3112781923813004	0.0	-1.5002225153970525
2.312779022376353	0.0	-1.4974578161623455
2.314279852371406	0.0	-1.4946670706179854
2.3157806823664586	0.0	-1.4918503174186093
2.3172815123615114	0.0	-1.489007610239603
2.318782342356564	0.0	-1.4861390204756266
2.3202831723516173	0.0	-1.483244599497815
2.3217840023466696	0.0	-1.4803243906555605
2.323284832341723	0.0	-1.4773784529843736
2.3247856623367755	0.0	-1.4744068578419727
2.3262864923318283	0.0	-1.471409663179512
2.327787322326881	0.0	-1.4683869083540009
2.3292881523219338	0.0	-1.465338661223655
2.3307889823169865	0.0	-1.4622649925546969
2.3322898123120392	0.0	-1.4591659426899042
2.3337906423070924	0.0	-1.4560415730799432
2.335291472302145	0.0	-1.4528919525318469
2.3367923022971975	0.0	-1.4497171352384954
2.3382931322922507	0.0	-1.4465171880353405
2.3397939622873034	0.0	-1.4432921676536776
2.341294792282356	0.0	-1.440042127990686
2.342795622277409	0.0	-1.4367671399604443
2.3442964522724616	0.0	-1.4334672599492149
2.345797282267515	0.0	-1.4301425469432325
2.347298112262567	0.0	-1.4267930763541725
2.3487989422576203	0.0	-1.4234189047284973
2.350299772252673	0.0	-1.420020085827829
2.351800602247726	0.0	-1.4165966970107624
2.3533014322427785	0.0	-1.4131488042748463
2.3548022622378313	0.0	-1.4096764526083199
2.356303092232884	0.0	-1.406179706764203
2.3578039222279368	0.0	-1.4026586485863437
2.3593047522229895	0.0	-1.3991133423595166
2.3608055822180427	0.0	-1.3955438416482027
2.362306412213095	0.0	-1.3919502194489484
2.363807242208148	0.0	-1.388332554180044
2.365308072203201	0.0	-1.3846908916306628
2.3668089021982537	0.0	-1.381025296701699
2.3683097321933064	0.0	-1.3773358544284577
2.369810562188359	0.0	-1.3736226227004913
2.371311392183412	0.0	-1.3698856703617637
2.3728122221784647	0.0	-1.3661250702363235
2.374313052173518	0.0	-1.3623408825919014
2.3758138821685706	0.0	-1.358533177948258
2.377314712163623	0.0	-1.3547020252479922
2.378815542158676	0.0	-1.3508474995823798
2.380316372153729	0.0	-1.3469696796038386
2.3818172021487816	0.0	-1.3430686165726262
2.3833180321438343	0.0	-1.339144378223699
2.384818862138887	0.0	-1.3351970524018084
2.3863196921339402	0.0	-1.3312267082959426
2.3878205221289925	0.0	-1.3272334100307042
2.3893213521240457	0.0	-1.323217232463278
2.3908221821190985	0.0	-1.3191782487996773
2.3923230121141508	0.0	-1.3151165289805202
2.393823842109204	0.0	-1.3110321483066134
2.3953246721042567	0.0	-1.3069251812285447
2.3968255020993094	0.0	-1.3027957008906879
2.398326332094362	0.0	-1.2986437754716207
2.399827162089415	0.0	-1.2944694801735612
2.401327992084468	0.0	-1.2902728963351613
2.4028288220795204	0.0	-1.2860541009946354
2.4043296520745736	0.0	-1.2818131694034678
2.4058304820696264	0.0	-1.2775501698141734
2.407331312064679	0.0	-1.273265173153184
2.408832142059732	0.0	-1.268958261843499
2.4103329720547846	0.0	-1.264629518197193
2.4118338020498373	0.0	-1.2602790152477903
2.41333463204489	0.0	-1.2559068258070039
2.414835462039943	0.0	-1.251513033480769
2.416336292034996	0.0	-1.2470977227868776
2.4178371220300483	0.0	-1.242660962470678
2.4193379520251015	0.0	-1.238202824481347
2.4208387820201542	0.0	-1.233723397292101
2.422339612015207	0.0	-1.2292227631780093
2.4238404420102597	0.0	-1.224700996922394
2.4253412720053125	0.0	-1.2201581810344895
2.4268421020003657	0.0	-1.2155943999704495
2.428342931995418	0.0	-1.2110097265050375
2.429843761990471	0.0	-1.206404239327621
2.431344591985524	0.0	-1.2017780286734576
2.432845421980576	0.0	-1.1971311766451644
2.4343462519756294	0.0	-1.1924637587653777
2.435847081970682	0.0	-1.187775854844744
2.437347911965735	0.0	-1.1830675602199292
2.4388487419607876	0.0	-1.1783389579177257
2.4403495719558403	0.0	-1.1735901154266273
2.4418504019508935	0.0	-1.1688211251999436
2.443351231945946	0.0	-1.1640320838434557
2.444852061940999	0.0	-1.1592230659556069
2.4463528919360518	0.0	-1.154394149831465
2.447853721931104	0.0	-1.149545422662685
2.4493545519261573	0.0	-1.1446769725158668
2.45085538192121	0.0	-1.1397888971797459
2.452356211916263	0.0	-1.1348812782147664
2.4538570419113155	0.0	-1.1299541908231652
2.4553578719063682	0.0	-1.125007727643002
2.4568587019014214	0.0	-1.120041977874453
2.4583595318964737	0.0	-1.1150570310751
2.459860361891527	0.0	-1.110052979365463
2.4613611918865796	0.0	-1.1050299033325626
2.4628620218816324	0.0	-1.0999878885046022
2.464362851876685	0.0	-1.0949270368228439
2.465863681871738	0.0	-1.0898474333349744
2.467364511866791	0.0	-1.084749155103841
2.4688653418618434	0.0	-1.0796323123512195
2.470366171856896	0.0	-1.074497000647903
2.4718670018519493	0.0	-1.069343286200953
2.4733678318470016	0.0	-1.0641712684995255
2.474868661842055	0.0	-1.0589810535142985
2.4763694918371075	0.0	-1.0537727226332458
2.4778703218321603	0.0	-1.048546368469776
2.479371151827213	0.0	-1.0433020890221183
2.4808719818222658	0.0	-1.0380399707426322
2.482372811817319	0.0	-1.0327601126276589
2.4838736418123712	0.0	-1.0274626098166315
2.4853744718074244	0.0	-1.0221475502898965
2.486875301802477	0.0	-1.016815036161297
2.4883761317975295	0.0	-1.0114651656508187
2.4898769617925827	0.0	-1.006098027823136
2.4913777917876354	0.0	-1.0007137204176992
2.492878621782688	0.0	-0.995312344082004
2.494379451777741	0.0	-0.9898939891375789
2.4958802817727936	0.0	-0.9844587548148745
2.497381111767847	0.0	-0.9790067400978603
2.498881941762899	0.0	-0.9735380444387977
2.5003827717579523	0.0	-0.9680527679922933
2.501883601753005	0.0	-0.9625509998353206
2.503384431748058	0.0	-0.9570328459016073
2.5048852617431105	0.0	-0.9514984165608029
2.5063860917381633	0.0	-0.9459478022453233
2.5078869217332165	0.0	-0.9403810944349998
2.509387751728269	0.0	-0.9347984017374411
2.5108885817233215	0.0	-0.9291998314787313
2.5123894117183747	0.0	-0.9235854754344125
2.513890241713427	0.0	-0.917955440092703
2.51539107170848	0.0	-0.9123098386450805
2.516891901703533	0.0	-0.9066487603040198
2.5183927316985857	0.0	-0.9009723071833456
2.5198935616936384	0.0	-0.8952805935466216
2.521394391688691	0.0	-0.8895737143977419
2.5228952216837444	0.0	-0.8838517705690071
2.5243960516787967	0.0	-0.8781148794045142
2.5258968816738494	0.0	-0.8723631464066677
2.5273977116689026	0.0	-0.8665966643244145
2.528898541663955	0.0	-0.8608155444516341
2.530399371659008	0.0	-0.8550198968746188
2.531900201654061	0.0	-0.849209827761187
2.5334010316491136	0.0	-0.8433854485283854
2.5349018616441663	0.0	-0.8375468559176076
2.536402691639219	0.0	-0.8316941622824101
2.5379035216342722	0.0	-0.8258274852625267
2.5394043516293245	0.0	-0.8199469274647077
2.5409051816243777	0.0	-0.8140525901648755
2.5424060116194305	0.0	-0.8081445844720303
2.5439068416144828	0.0	-0.8022230337680959
2.545407671609536	0.0	-0.7962880414977067
2.5469085016045887	0.0	-0.7903397135822006
2.5484093315996414	0.0	-0.7843781698177623
2.549910161594694	0.0	-0.7784035184053659
2.551410991589747	0.0	-0.7724158684947934
2.5529118215848	0.0	-0.7664153347931557
2.5544126515798524	0.0	-0.7604020328084798
2.5559134815749056	0.0	-0.754376069324695
2.5574143115699584	0.0	-0.7483375587777976
2.558915141565011	0.0	-0.7422866204957176
2.560415971560064	0.0	-0.7362233705286555
2.5619168015551166	0.0	-0.7301479270831701
2.5634176315501698	0.0	-0.7240603921375665
2.564918461545222	0.0	-0.717960882616953
2.566419291540275	0.0	-0.7118495235297184
2.567920121535328	0.0	-0.705726430125147
2.5694209515303803	0.0	-0.699591721398471
2.5709217815254335	0.0	-0.693445505698483
2.5724226115204862	0.0	-0.6872878977815972
2.573923441515539	0.0	-0.681119028225885
2.5754242715105917	0.0	-0.6749390203515941
2.5769251015056445	0.0	-0.6687479727977166
2.5784259315006977	0.0	-0.6625460071101613
2.57992676149575	0.0	-0.6563332643408025
2.581427591490803	0.0	-0.6501098544034253
2.582928421485856	0.0	-0.6438758847843228
2.584429251480908	0.0	-0.6376314835970873
2.5859300814759614	0.0	-0.6313767791648427
2.587430911471014	0.0	-0.6251118882894198
2.588931741466067	0.0	-0.6188369330589195
2.5904325714611196	0.0	-0.6125520321358394
2.5919334014561723	0.0	-0.6062573058091972
2.5934342314512255	0.0	-0.5999528890560906
2.594935061446278	0.0	-0.5936389039645467
2.596435891441331	0.0	-0.5873154631222676
2.5979367214363838	0.0	-0.5809826978220051
2.5994375514314365	0.0	-0.5746407335034345
2.6009383814264893	0.0	-0.5682896852802828
2.602439211421542	0.0	-0.5619296878215649
2.6039400414165947	0.0	-0.5555608690190994
2.6054408714116475	0.0	-0.549183345070942
2.6069417014067002	0.0	-0.5427972455077483
2.6084425314017534	0.0	-0.5364027033967015
2.6099433613968057	0.0	-0.5299998394087838
2.611444191391859	0.0	-0.5235887827049661
2.6129450213869116	0.0	-0.5171696660320505
2.6144458513819644	0.0	-0.5107426054525539
2.615946681377017	0.0	-0.5043077326781426
2.61744751137207	0.0	-0.4978651848669061
2.618948341367123	0.0	-0.4914150833922465
2.6204491713621754	0.0	-0.484957555862551
2.621950001357228	0.0	-0.47849274166626066
2.6234508313522813	0.0	-0.4720207676970637
2.6249516613473336	0.0	-0.46554175292548494
2.626452491342387	0.0	-0.45905583306797315
2.6279533213374395	0.0	-0.45256314752521193
2.6294541513324923	0.0	-0.4460638250146614
2.630954981327545	0.0	-0.43955798890587305
2.6324558113225978	0.0	-0.43304576775596854
2.633956641317651	0.0	-0.4265273097268641
2.6354574713127032	0.0	-0.42000274810746113
2.6369583013077564	0.0	-0.41347219719814365
2.638459131302809	0.0	-0.4069357945636545
2.639959961297862	0.0	-0.4003936750578878
2.6414607912929147	0.0	-0.39384597682469147
2.6429616212879674	0.0	-0.38729283994247987
2.64446245128302	0.0	-0.38073438738652327
2.645963281278073	0.0	-0.3741707543063897
2.6474641112731256	0.0	-0.3676020779341613
2.648964941268179	0.0	-0.36102848188575964
2.650465771263231	0.0	-0.35445011052779424
2.6519666012582843	0.0	-0.3478671105927089
2.653467431253337	0.0	-0.3412796028130322
2.65496826124839	0.0	-0.33468772795739227
2.6564690912434425	0.0	-0.3280916203496969
2.6579699212384953	0.0	-0.3214914081405071
2.6594707512335485	0.0	-0.31488723835805144
2.660971581228601	0.0	-0.3082792469650563
2.6624724112236535	0.0	-0.3016675698258259
2.6639732412187067	0.0	-0.2950523404634261
2.665474071213759	0.0	-0.2884336995354502
2.666974901208812	0.0	-0.2818117862331432
2.668475731203865	0.0	-0.2751867296928055
2.6699765611989177	0.0	-0.26855866570480436
2.6714773911939704	0.0	-0.26192774082903947
2.672978221189023	0.0	-0.2552941020443988
2.6744790511840764	0.0	-0.2486578770701012
2.6759798811791287	0.0	-0.24201919963870697
2.6774807111741814	0.0	-0.23537820895388853
2.6789815411692346	0.0	-0.22873504497070868
2.6804823711642873	0.0	-0.22208985813062745
2.68198320115934	0.0	-0.21544277826004835
2.683484031154393	0.0	-0.20879393682419337
2.6849848611494456	0.0	-0.20214348325403858
2.6864856911444983	0.0	-0.19549155198448973
2.687986521139551	0.0	-0.18883828622383533
2.6894873511346042	0.0	-0.18218382889682186
2.6909881811296565	0.0	-0.17552831133329905
2.6924890111247097	0.0	-0.1688718795755709
2.6939898411197625	0.0	-0.16221467239593093
2.695490671114815	0.0	-0.15555682185109676
2.696991501109868	0.0	-0.14889846869715798
2.6984923311049207	0.0	-0.14223975976523964
2.6999931610999734	0.0	-0.13558083886736857
2.701493991095026	0.0	-0.12892184010564176
2.702994821090079	0.0	-0.12226290513574575
2.704495651085132	0.0	-0.11560417794236258
2.7059964810801844	0.0	-0.1089457901385512
2.7074973110752376	0.0	-0.10228788034869421
2.7089981410702904	0.0	-0.09563059683320413
2.710498971065343	0.0	-0.0889740809889697
2.711999801060396	0.0	-0.08231847055324111
2.7135006310554486	0.0	-0.07566390426132491
2.7150014610505018	0.0	-0.06901051949310319
2.716502291045554	0.0	-0.06235845938292755
2.718003121040607	0.0	-0.05570787386694205
2.71950395103566	0.0	-0.04905889802085165
2.7210047810307127	0.0	-0.04241165812227118
2.7225056110257655	0.0	-0.035766300496898794
2.7240064410208182	0.0	-0.029122977693231154
2.725507271015871	0.0	-0.022481825735799894
2.7270081010109237	0.0	-0.015842981178864006
2.7285089310059765	0.0	-0.009206580823126665
2.7300097610010297	0.0	-0.0025727626029785917
2.731510590996082	0.0	0.004058325664789412
2.7330114209911347	0.0	0.010686544579438266
2.734512250986188	0.0	0.01731175662556562
2.7360130809812406	0.0	0.02393382742988604
2.7375139109762934	0.0	0.030552619895911577
2.739014740971346	0.0	0.03716797703922452
2.740515570966399	0.0	0.04377976377184024
2.7420164009614516	0.0	0.050387861147811706
2.7435172309565043	0.0	0.05699211749356899
2.7450180609515575	0.0	0.06359238760459991
2.7465188909466103	0.0	0.07018854167920828
2.748019720941663	0.0	0.07678043931859867
2.7495205509367158	0.0	0.08336794204611443
2.7510213809317685	0.0	0.08995090707249237
2.7525222109268213	0.0	0.09652919882925017
2.754023040921874	0.0	0.10310268943679342
2.7555238709169267	0.0	0.10967123658646763
2.7570247009119795	0.0	0.11623469196855667
2.7585255309070322	0.0	0.12279292478319703
2.7600263609020854	0.0	0.1293458045387007
2.761527190897138	0.0	0.1358931902570193
2.763028020892191	0.0	0.14243494779903193
2.7645288508872436	0.0	0.14897093626066416
2.7660296808822964	0.0	0.15550101918619028
2.767530510877349	0.0	0.1620250659236947
2.769031340872402	0.0	0.16854293670279055
2.770532170867455	0.0	0.17505449928193637
2.7720330008625074	0.0	0.1815596251531291
2.77353383085756	0.0	0.18805817015929052
2.7750346608526133	0.0	0.19455000136892422
2.776535490847666	0.0	0.20103499241816175
2.778036320842719	0.0	0.20751299589684705
2.7795371508377715	0.0	0.21398388088183903
2.7810379808328243	0.0	0.22044752747847496
2.782538810827877	0.0	0.22690380029077972
2.7840396408229298	0.0	0.23335255772461308
2.785540470817983	0.0	0.2397936693251999
2.7870413008130357	0.0	0.24622701474186515
2.7885421308080884	0.0	0.2526524518506302
2.790042960803141	0.0	0.2590698423475675
2.791543790798194	0.0	0.26547907237576707
2.7930446207932467	0.0	0.2718800117637739
2.7945454507882994	0.0	0.27827252060571794
2.796046280783352	0.0	0.2846564703935962
2.797547110778405	0.0	0.2910317331986956
2.7990479407734576	0.0	0.2973981843945735
2.800548770768511	0.0	0.3037556957197081
2.8020496007635636	0.0	0.3101041343288196
2.8035504307586163	0.0	0.3164433751271734
2.805051260753669	0.0	0.3227732941168095
2.806552090748722	0.0	0.32909376707791993
2.8080529207437745	0.0	0.3354046634570485
2.8095537507388273	0.0	0.3417058531814215
2.81105458073388	0.0	0.3479972125240824
2.812555410728933	0.0	0.3542786213931169
2.8140562407239855	0.0	0.3605499588834523
2.8155570707190387	0.0	0.3668110962653857
2.8170579007140915	0.0	0.37306191068677635
2.818558730709144	0.0	0.3793022810946406
2.820059560704197	0.0	0.3855320799052428
2.8215603906992497	0.0	0.3917511862011195
2.8230612206943024	0.0	0.3979594867292469
2.824562050689355	0.0	0.4041568586990676
2.8260628806844084	0.0	0.4103431778168736
2.827563710679461	0.0	0.41651832452073706
2.8290645406745134	0.0	0.4226821800494608
2.8305653706695666	0.0	0.4288346297699631
2.8320662006646193	0.0	0.43497554809462113
2.833567030659672	0.0	0.44110481861590345
2.835067860654725	0.0	0.44722233352715424
2.8365686906497776	0.0	0.4533279682634957
2.8380695206448303	0.0	0.45942160730463977
2.839570350639883	0.0	0.465503143447632
2.8410711806349362	0.0	0.47157245037794454
2.842572010629989	0.0	0.4776294084842532
2.8440728406250417	0.0	0.48367392148108396
2.8455736706200945	0.0	0.48970587373720637
2.847074500615147	0.0	0.4957251426470162
2.8485753306102	0.0	0.5017316243838774
2.8500761606052527	0.0	0.5077252079620304
2.8515769906003055	0.0	0.5137057755075952
2.853077820595358	0.0	0.5196732205199814
2.854578650590411	0.0	0.5256274355005977
2.856079480585464	0.0	0.5315683053111204
2.857580310580517	0.0	0.5374957257675453
2.8590811405755696	0.0	0.5434095935361433
2.8605819705706224	0.0	0.5493098006870362
2.862082800565675	0.0	0.555196239536772
2.863583630560728	0.0	0.5610687952919859
2.8650844605557806	0.0	0.5669273660976323
2.8665852905508338	0.0	0.5727718538692277
2.8680861205458865	0.0	0.5786021523649795
2.869586950540939	0.0	0.584418157240767
2.871087780535992	0.0	0.590219767627321
2.8725886105310448	0.0	0.5960068836903787
2.8740894405260975	0.0	0.601779397093409
2.8755902705211502	0.0	0.6075372066097933
2.877091100516203	0.0	0.6132802170014543
2.8785919305112557	0.0	0.6190083304673398
2.8800927605063085	0.0	0.6247214461751124
2.8815935905013617	0.0	0.6304194629474198
2.8830944204964144	0.0	0.6361022861622954
2.8845952504914667	0.0	0.6417698181049589
2.88609608048652	0.0	0.6474219578445028
2.8875969104815726	0.0	0.6530586155275975
2.8890977404766254	0.0	0.6586797013503279
2.890598570471678	0.0	0.6642851174007184
2.892099400466731	0.0	0.6698747619222377
2.893600230461784	0.0	0.6754485449630416
2.8951010604568364	0.0	0.6810063829911511
2.8966018904518895	0.0	0.6865481737695188
2.8981027204469423	0.0	0.6920738303159288
2.899603550441995	0.0	0.6975832720187266
2.9011043804370478	0.0	0.7030764037261253
2.9026052104321005	0.0	0.7085531330218209
2.9041060404271533	0.0	0.7140133680563525
2.905606870422206	0.0	0.7194570228210012
2.9071077004172587	0.0	0.7248840136112066
2.908608530412312	0.0	0.7302942592854943
2.9101093604073642	0.0	0.7356876712967666
2.9116101904024174	0.0	0.7410641562306074
2.91311102039747	0.0	0.746423638108516
2.914611850392523	0.0	0.7517660378344899
2.9161126803875757	0.0	0.7570912681305837
2.9176135103826284	0.0	0.7623992448610061
2.919114340377681	0.0	0.7676898833970957
2.920615170372734	0.0	0.7729631052959104
2.922116000367787	0.0	0.7782188375732295
2.92361683036284	0.0	0.783456997855321
2.925117660357892	0.0	0.7886775013286996
2.9266184903529453	0.0	0.7938802741219568
2.928119320347998	0.0	0.7990652370281663
2.929620150343051	0.0	0.8042323159417735
2.9311209803381035	0.0	0.8093814372255159
2.9326218103331563	0.0	0.8145125202061188
2.9341226403282095	0.0	0.8196254927002958
2.9356234703232618	0.0	0.8247202813418806
2.937124300318315	0.0	0.8297968119883132
2.9386251303133677	0.0	0.8348550083160973
2.94012596030842	0.0	0.8398948013087707
2.941626790303473	0.0	0.844916123477766
2.943127620298526	0.0	0.8499188990910087
2.9446284502935787	0.0	0.8549030578628656
2.9461292802886314	0.0	0.8598685341901248
2.947630110283684	0.0	0.8648152566041252
2.9491309402787373	0.0	0.8697431551889002
2.9506317702737896	0.0	0.8746521605706569
2.952132600268843	0.0	0.8795422109043732
2.9536334302638956	0.0	0.8844132470436338
2.9551342602589483	0.0	0.8892651923075741
2.956635090254001	0.0	0.8940979752399235
2.958135920249054	0.0	0.8989115419681645
2.9596367502441066	0.0	0.9037058397287595
2.9611375802391593	0.0	0.9084807903005402
2.962638410234212	0.0	0.9132363238537751
2.9641392402292652	0.0	0.9179723934286813
2.9656400702243175	0.0	0.9226889359603698
2.9671409002193707	0.0	0.9273858832456296
2.9686417302144235	0.0	0.9320631822744793
2.970142560209476	0.0	0.9367207739374713
2.971643390204529	0.0	0.9413585919906131
2.9731442201995817	0.0	0.9459765823518926
2.974645050194635	0.0	0.9505746899781546
2.976145880189687	0.0	0.9551528586679968
2.9776467101847404	0.0	0.959711031160285
2.979147540179793	0.0	0.9642491409399302
2.9806483701748454	0.0	0.9687671355021927
2.9821492001698986	0.0	0.9732649732104174
2.9836500301649513	0.0	0.9777425914556718
2.985150860160004	0.0	0.9821999348497864
2.986651690155057	0.0	0.9866369597353227
2.9881525201501096	0.0	0.9910536054625483
2.9896533501451628	0.0	0.9954498158546758
2.991154180140215	0.0	0.9998255475869463
2.9926550101352682	0.0	1.0041807435338008
2.994155840130321	0.0	1.0085153538767155
2.9956566701253737	0.0	1.0128293334302279
2.9971575001204265	0.0	1.017122629615661
2.998658330115479	0.0	1.0203322525722636
3.000159160110532	0.0	1.0214004036660285
