0.0	0.0	-1.9999246264180872
0.0015008299950527925	0.0	-1.9999019734041548
0.003001659990105585	0.0	-1.999824901702331
0.004502489985158378	0.0	-1.999697759470207
0.00600331998021117	0.0	-1.9995338293960925
0.0075041499752639615	0.0	-1.9993328561769235
0.009004979970316756	0.0	-1.9990948349824103
0.010505809965369548	0.0	-1.9988198940000979
0.01200663996042234	0.0	-1.9985077571887087
0.01350746995547513	0.0	-1.9981577672096997
0.015008299950527923	0.0	-1.997769698481086
0.016509129945580715	0.0	-1.9973433941293037
0.01800995994063351	0.0	-1.9968781842595167
0.019510789935686303	0.0	-1.9963735268687093
0.021011619930739096	0.0	-1.9958287474042617
0.022512449925791888	0.0	-1.9952419978239104
0.02401327992084468	0.0	-1.9946105750006493
0.02551410991589747	0.0	-1.993932089345112
0.02701493991095026	0.0	-1.9932060028836287
0.028515769906003054	0.0	-1.9924348921328996
0.030016599901055846	0.0	-1.9916223368684796
0.03151742989610864	0.0	-1.990770020225019
0.03301825989116143	0.0	-1.989878187130304
0.03451908988621422	0.0	-1.9889468742551197
0.03601991988126702	0.0	-1.9879761296436191
0.037520749876319814	0.0	-1.986965971889951
0.03902157987137261	0.0	-1.985916433610902
0.0405224098664254	0.0	-1.98482758456229
0.04202323986147819	0.0	-1.9836994561656447
0.043524069856530984	0.0	-1.9825320797685682
0.045024899851583776	0.0	-1.9813255309429398
0.04652572984663657	0.0	-1.9800798639556052
0.04802655984168936	0.0	-1.9787950942585635
0.04952738983674215	0.0	-1.9774712719537562
0.05102821983179494	0.0	-1.9761084522075514
0.05252904982684774	0.0	-1.974706694092437
0.05402987982190052	0.0	-1.9732660701613562
0.05553070981695332	0.0	-1.9717866109486508
0.05703153981200611	0.0	-1.970268357142122
0.05853236980705891	0.0	-1.9687113611602927
0.06003319980211169	0.0	-1.9671157003124593
0.06153402979716449	0.0	-1.9654814588699656
0.06303485979221728	0.0	-1.9638086490810325
0.06453568978727008	0.0	-1.9620973189651607
0.06603651978232286	0.0	-1.960347564487439
0.06753734977737566	0.0	-1.9585594560567225
0.06903817977242845	0.0	-1.956733049184421
0.07053900976748124	0.0	-1.954868394194273
0.07203983976253404	0.0	-1.9529655588089274
0.07354066975758683	0.0	-1.951024613535846
0.07504149975263963	0.0	-1.9490456242123873
0.07654232974769241	0.0	-1.9470286650180333
0.07804315974274521	0.0	-1.9449738097748976
0.079543989737798	0.0	-1.942881123778175
0.0810448197328508	0.0	-1.940750677769445
0.08254564972790358	0.0	-1.938582557202965
0.08404647972295638	0.0	-1.9363768329928404
0.08554730971800917	0.0	-1.9341335764844276
0.08704813971306197	0.0	-1.9318528689670929
0.08854896970811475	0.0	-1.9295347819340847
0.09004979970316755	0.0	-1.927179401110737
0.09155062969822034	0.0	-1.924786800725808
0.09305145969327314	0.0	-1.922357063670542
0.09455228968832592	0.0	-1.9198903009923471
0.09605311968337872	0.0	-1.9173865860697616
0.0975539496784315	0.0	-1.9148459836311542
0.0990547796734843	0.0	-1.9122685786994766
0.10055560966853709	0.0	-1.9096544559650288
0.10205643966358988	0.0	-1.9070037305538732
0.10355726965864268	0.0	-1.9043165000575863
0.10505809965369547	0.0	-1.901592822069991
0.10655892964874826	0.0	-1.8988327914718146
0.10805975964380105	0.0	-1.8960365162422481
0.10956058963885383	0.0	-1.8932040906458902
0.11106141963390664	0.0	-1.8903356040677783
0.11256224962895943	0.0	-1.8874311499592509
0.11406307962401221	0.0	-1.8844908250247057
0.115563909619065	0.0	-1.8815147163695807
0.11706473961411781	0.0	-1.8785029340555073
0.1185655696091706	0.0	-1.87545559652319
0.12006639960422338	0.0	-1.8723727906316143
0.1215672295992762	0.0	-1.8692546037573043
0.12306805959432898	0.0	-1.8661011378785284
0.12456888958938177	0.0	-1.8629125067042946
0.12606971958443455	0.0	-1.8596888321378433
0.12757054957948735	0.0	-1.856430200717787
0.12907137957454015	0.0	-1.8531367040717852
0.13057220956959295	0.0	-1.8498084667893024
0.13207303956464572	0.0	-1.8464455918713796
0.13357386955969852	0.0	-1.8430481857569312
0.13507469955475132	0.0	-1.8396163735283013
0.1365755295498041	0.0	-1.836150261365644
0.1380763595448569	0.0	-1.8326499441743385
0.1395771895399097	0.0	-1.8291155316463403
0.1410780195349625	0.0	-1.8255471389323268
0.14257884953001526	0.0	-1.8219448916445358
0.1440796795250681	0.0	-1.8183089160482468
0.14558050952012086	0.0	-1.8146393114231771
0.14708133951517366	0.0	-1.8109361821258012
0.14858216951022643	0.0	-1.8071996469418568
0.15008299950527926	0.0	-1.8034298316930393
0.15158382950033203	0.0	-1.799626854499672
0.15308465949538483	0.0	-1.795790832311479
0.1545854894904376	0.0	-1.7919218891511088
0.15608631948549043	0.0	-1.788020133059382
0.1575871494805432	0.0	-1.7840856817130002
0.159087979475596	0.0	-1.780118670138328
0.16058880947064877	0.0	-1.776119220250941
0.1620896394657016	0.0	-1.7720874518346517
0.16359046946075437	0.0	-1.7680234837984203
0.16509129945580717	0.0	-1.7639274322417322
0.16659212945085994	0.0	-1.7597994284203522
0.16809295944591277	0.0	-1.755639598291514
0.16959378944096554	0.0	-1.7514480649906787
0.17109461943601834	0.0	-1.7472249630266887
0.17259544943107114	0.0	-1.7429704194164732
0.17409627942612393	0.0	-1.73868454462827
0.1755971094211767	0.0	-1.734367470977576
0.1770979394162295	0.0	-1.7300193339096888
0.1785987694112823	0.0	-1.7256402522842642
0.1800995994063351	0.0	-1.7212303734621737
0.18160042940138788	0.0	-1.7167898197286218
0.18310125939644067	0.0	-1.712318705458003
0.18460208939149347	0.0	-1.707817172983716
0.18610291938654627	0.0	-1.7032853484231854
0.18760374938159904	0.0	-1.698723361504244
0.18910457937665184	0.0	-1.6941313542152583
0.19060540937170464	0.0	-1.6895094615948902
0.19210623936675744	0.0	-1.684857808109392
0.1936070693618102	0.0	-1.6801765215027267
0.195107899356863	0.0	-1.675465735766197
0.1966087293519158	0.0	-1.6707255975828879
0.1981095593469686	0.0	-1.6659562295214527
0.19961038934202138	0.0	-1.6611577522036265
0.20111121933707418	0.0	-1.6563303356877024
0.20261204933212695	0.0	-1.6514741128313513
0.20411287932717975	0.0	-1.6465891893833846
0.20561370932223258	0.0	-1.6416757084781728
0.20711453931728535	0.0	-1.6367338159856049
0.20861536931233815	0.0	-1.6317636505546969
0.21011619930739095	0.0	-1.6267653348403937
0.21161702930244372	0.0	-1.6217390103874578
0.21311785929749652	0.0	-1.6166848364599062
0.2146186892925493	0.0	-1.6116029314615496
0.2161195192876021	0.0	-1.6064934315646824
0.21762034928265492	0.0	-1.6013564798173658
0.21912117927770766	0.0	-1.5961922041730385
0.2206220092727605	0.0	-1.5910007566010553
0.2221228392678133	0.0	-1.585782279176017
0.22362366926286606	0.0	-1.5805369028579594
0.22512449925791886	0.0	-1.575264759691302
0.22662532925297169	0.0	-1.5699659887440673
0.22812615924802443	0.0	-1.5646407491693857
0.22962698924307726	0.0	-1.5592891810703418
0.23112781923813	0.0	-1.5539114082970953
0.23262864923318283	0.0	-1.5485075720370967
0.23412947922823563	0.0	-1.543077816163993
0.2356303092232884	0.0	-1.5376222859315445
0.2371311392183412	0.0	-1.5321411164523877
0.238631969213394	0.0	-1.5266344438741468
0.24013279920844677	0.0	-1.521102414658151
0.2416336292034996	0.0	-1.5155451629066272
0.2431344591985524	0.0	-1.5099628349083603
0.24463528919360517	0.0	-1.5043555843577772
0.24613611918865796	0.0	-1.4987235431391066
0.24763694918371074	0.0	-1.493066843419972
0.24913777917876354	0.0	-1.4873856350379284
0.25063860917381636	0.0	-1.481680070603093
0.2521394391688691	0.0	-1.4759502794119936
0.2536402691639219	0.0	-1.4701963942360288
0.2551410991589747	0.0	-1.4644185744378784
0.2566419291540275	0.0	-1.4586169649508474
0.2581427591490803	0.0	-1.4527917019226344
0.25964358914413305	0.0	-1.4469429277236248
0.2611444191391859	0.0	-1.4410707782180858
0.2626452491342387	0.0	-1.435175397489122
0.26414607912929144	0.0	-1.4292569407714453
0.26564690912434424	0.0	-1.4233155514458884
0.26714773911939704	0.0	-1.4173513607681796
0.26864856911444984	0.0	-1.411364513166511
0.27014939910950264	0.0	-1.4053551542273042
0.27165022910455544	0.0	-1.399323423425235
0.2731510590996082	0.0	-1.3932694647202413
0.27465188909466104	0.0	-1.3871934267053592
0.2761527190897138	0.0	-1.3810954559035387
0.2776535490847666	0.0	-1.3749756779762652
0.2791543790798194	0.0	-1.3688342367849249
0.2806552090748722	0.0	-1.362671293836203
0.282156039069925	0.0	-1.3564869905269876
0.2836568690649778	0.0	-1.3502814609224816
0.2851576990600305	0.0	-1.344054847454691
0.2866585290550834	0.0	-1.33780729798971
0.2881593590501362	0.0	-1.3315389462230753
0.2896601890451889	0.0	-1.3252499333175476
0.2911610190402417	0.0	-1.3189404192765324
0.2926618490352945	0.0	-1.312610541245784
0.2941626790303473	0.0	-1.3062604341284634
0.2956635090254001	0.0	-1.2998902477621441
0.29716433902045286	0.0	-1.2935001218555926
0.2986651690155057	0.0	-1.2870901999128828
0.3001659990105585	0.0	-1.2806606270521617
0.30166682900561126	0.0	-1.2742115484408807
0.30316765900066406	0.0	-1.2677431002391657
0.30466848899571686	0.0	-1.2612554259386257
0.30616931899076966	0.0	-1.2547486780753665
0.30767014898582246	0.0	-1.2482229855393923
0.3091709789808752	0.0	-1.2416784916744752
0.31067180897592805	0.0	-1.2351153487579973
0.31217263897098085	0.0	-1.2285336959442534
0.3136734689660336	0.0	-1.2219336785855925
0.3151742989610864	0.0	-1.2153154357253122
0.3166751289561392	0.0	-1.208679102143406
0.318175958951192	0.0	-1.2020248295997715
0.3196767889462448	0.0	-1.1953527676977445
0.32117761894129754	0.0	-1.1886630471879953
0.3226784489363504	0.0	-1.1819558072740857
0.3241792789314032	0.0	-1.1752311975840581
0.32568010892645594	0.0	-1.1684893650352546
0.32718093892150873	0.0	-1.161730446600885
0.32868176891656153	0.0	-1.1549545765433116
0.33018259891161433	0.0	-1.1481619008310489
0.33168342890666713	0.0	-1.141352565826745
0.3331842589017199	0.0	-1.1345267177330056
0.3346850888967727	0.0	-1.1276844936956223
0.33618591889182553	0.0	-1.120826026362734
0.3376867488868783	0.0	-1.1139514648695699
0.3391875788819311	0.0	-1.1070609585485347
0.3406884088769839	0.0	-1.1001546443236467
0.34218923887203667	0.0	-1.0932326632836933
0.34369006886708947	0.0	-1.0862951527592895
0.34519089886214227	0.0	-1.0793422518800604
0.346691728857195	0.0	-1.0723741136997071
0.34819255885224787	0.0	-1.0653908786540496
0.3496933888473006	0.0	-1.058392679637671
0.3511942188423534	0.0	-1.051379656753656
0.3526950488374062	0.0	-1.0443519556007976
0.354195878832459	0.0	-1.0373097227512755
0.3556967088275118	0.0	-1.030253097630462
0.3571975388225646	0.0	-1.0231822141187912
0.35869836881761735	0.0	-1.0160972115800149
0.3601991988126702	0.0	-1.008998242464023
0.361700028807723	0.0	-1.0018854461222506
0.36320085880277575	0.0	-0.9947589591828937
0.36470168879782855	0.0	-0.9876189268381109
0.36620251879288135	0.0	-0.9804654793949513
0.36770334878793415	0.0	-0.9732987653354533
0.36920417878298695	0.0	-0.966118935754119
0.3707050087780397	0.0	-0.9589261190603439
0.37220583877309255	0.0	-0.9517204542727917
0.37370666876814534	0.0	-0.9445020845628012
0.3752074987631981	0.0	-0.9372711544571352
0.3767083287582509	0.0	-0.9300278038370674
0.3782091587533037	0.0	-0.9227721679014695
0.3797099887483565	0.0	-0.9155043901050003
0.3812108187434093	0.0	-0.9082246176360419
0.38271164873846203	0.0	-0.9009329878991836
0.3842124787335149	0.0	-0.8936296352059797
0.3857133087285677	0.0	-0.8863147081249072
0.3872141387236204	0.0	-0.8789883424462962
0.38871496871867317	0.0	-0.8716506856295324
0.390215798713726	0.0	-0.8643018789729713
0.3917166287087788	0.0	-0.8569420424206533
0.3932174587038316	0.0	-0.849571332525728
0.3947182886988844	0.0	-0.8421898986822216
0.3962191186939372	0.0	-0.8347978599592477
0.39771994868898997	0.0	-0.8273953637915956
0.39922077868404277	0.0	-0.8199825654756349
0.40072160867909556	0.0	-0.81255959141211
0.40222243867414836	0.0	-0.8051265793136376
0.4037232686692012	0.0	-0.7976836758510786
0.4052240986642539	0.0	-0.7902310238383662
0.4067249286593067	0.0	-0.7827687651282906
0.4082257586543595	0.0	-0.7752970257150726
0.40972658864941236	0.0	-0.7678159515671531
0.41122741864446516	0.0	-0.7603256949989383
0.41272824863951796	0.0	-0.7528263817951177
0.4142290786345707	0.0	-0.7453181605117036
0.4157299086296235	0.0	-0.737801175786457
0.4172307386246763	0.0	-0.730275554599375
0.4187315686197291	0.0	-0.7227414417481874
0.4202323986147819	0.0	-0.7151989806013362
0.42173322860983464	0.0	-0.7076483084156109
0.42323405860488744	0.0	-0.7000895666864335
0.42473488859994024	0.0	-0.6925228991272606
0.42623571859499304	0.0	-0.6849484396801466
0.42773654859004584	0.0	-0.6773663345599397
0.4292373785850986	0.0	-0.6697767284043267
0.4307382085801514	0.0	-0.6621797478851665
0.4322390385752042	0.0	-0.654575535631606
0.43373986857025704	0.0	-0.6469642415305964
0.43524069856530984	0.0	-0.6393460077429552
0.43674152856036264	0.0	-0.6317209649453055
0.4382423585554153	0.0	-0.6240892433953558
0.4397431885504682	0.0	-0.6164509995847092
0.441244018545521	0.0	-0.6088063871584523
0.4427448485405738	0.0	-0.6011555299543913
0.4442456785356266	0.0	-0.5934985583042087
0.4457465085306793	0.0	-0.5858356245961738
0.4472473385257321	0.0	-0.5781668718537141
0.4487481685207849	0.0	-0.5704924336737585
0.4502489985158377	0.0	-0.5628124505167968
0.4517498285108905	0.0	-0.5551270685730441
0.45325065850594337	0.0	-0.5474364297446677
0.45475148850099606	0.0	-0.5397406647821907
0.45625231849604886	0.0	-0.5320399238188978
0.45775314849110166	0.0	-0.5243343474508358
0.4592539784861545	0.0	-0.5166240652702437
0.4607548084812073	0.0	-0.5089092273242265
0.46225563847626	0.0	-0.5011899726314848
0.46375646847131285	0.0	-0.49346644302024956
0.46525729846636565	0.0	-0.4857387789139863
0.46675812846141845	0.0	-0.4780071158687869
0.46825895845647125	0.0	-0.47027159828828463
0.46975978845152405	0.0	-0.462532366386525
0.4712606184465768	0.0	-0.4547895624844423
0.4727614484416296	0.0	-0.4470433264263972
0.4742622784366824	0.0	-0.4392937976501158
0.4757631084317352	0.0	-0.4315411206083871
0.477263938426788	0.0	-0.4237854321265847
0.47876476842184074	0.0	-0.41602687339221406
0.48026559841689354	0.0	-0.4082655855679994
0.48176642841194633	0.0	-0.4005017103096274
0.4832672584069992	0.0	-0.39273539331449847
0.484768088402052	0.0	-0.38496676615868475
0.4862689183971048	0.0	-0.3771959685633433
0.4877697483921575	0.0	-0.36942315041531465
0.48927057838721033	0.0	-0.36164844894664394
0.49077140838226313	0.0	-0.35387200193156837
0.49227223837731593	0.0	-0.3460939520608178
0.49377306837236873	0.0	-0.33831444530272226
0.4952738983674215	0.0	-0.3305336224381897
0.49677472836247427	0.0	-0.32275161488321236
0.49827555835752707	0.0	-0.3149685636649203
0.49977638835257987	0.0	-0.30718461469020836
0.5012772183476327	0.0	-0.29939991105647806
0.5027780483426855	0.0	-0.29161459482601376
0.5042788783377382	0.0	-0.2838288029350758
0.5057797083327911	0.0	-0.27604266804415717
0.5072805383278438	0.0	-0.2682563355918975
0.5087813683228967	0.0	-0.26046996038174103
0.5102821983179494	0.0	-0.25268367520962687
0.5117830283130022	0.0	-0.24489760579873524
0.513283858308055	0.0	-0.23711190770419643
0.5147846883031078	0.0	-0.22932672479962057
0.5162855182981606	0.0	-0.22154218130477857
0.5177863482932135	0.0	-0.21375843017483873
0.5192871782882661	0.0	-0.2059756170825683
0.520788008283319	0.0	-0.19819386930356453
0.5222888382783718	0.0	-0.19041332565942448
0.5237896682734245	0.0	-0.18263413723237043
0.5252904982684774	0.0	-0.17485644641731055
0.5267913282635301	0.0	-0.16708038019424218
0.5282921582585829	0.0	-0.15930608751364364
0.5297929882536357	0.0	-0.15153371581023042
0.5312938182486885	0.0	-0.14376339185446863
0.5327946482437413	0.0	-0.13599525366703966
0.5342954782387941	0.0	-0.1282294502969551
0.5357963082338468	0.0	-0.12046612285770956
0.5372971382288997	0.0	-0.11270540685616512
0.5387979682239524	0.0	-0.10494744468737782
0.5402987982190053	0.0	-0.09719237435963837
0.5417996282140581	0.0	-0.089440330036738
0.5433004582091109	0.0	-0.08169145226542002
0.5448012882041636	0.0	-0.07394588483304092
0.5463021181992164	0.0	-0.06620377252512456
0.5478029481942692	0.0	-0.05846524805146747
0.5493037781893221	0.0	-0.05073044626588975
0.5508046081843748	0.0	-0.04299951657477116
0.5523054381794276	0.0	-0.03527259219307625
0.5538062681744804	0.0	-0.02754980573195729
0.5553070981695332	0.0	-0.019831302260369266
0.556807928164586	0.0	-0.012117219355408783
0.5583087581596388	0.0	-0.004407696220563421
0.5598095881546916	0.0	0.0032971240713985297
0.5613104181497444	0.0	0.010997109303568866
0.5628112481447971	0.0	0.018692126113146124
0.56431207813985	0.0	0.02638203123018449
0.5658129081349027	0.0	0.0340666831961749
0.5673137381299556	0.0	0.041745947292817505
0.5688145681250083	0.0	0.04941969211651052
0.570315398120061	0.0	0.05708777275848956
0.5718162281151139	0.0	0.06475004649107473
0.5733170581101668	0.0	0.0724063896242595
0.5748178881052195	0.0	0.08005666989190603
0.5763187181002724	0.0	0.08770073720999631
0.5778195480953251	0.0	0.09533845297863314
0.5793203780903778	0.0	0.10296969149945455
0.5808212080854307	0.0	0.11059431533095819
0.5823220380804834	0.0	0.11821218262027992
0.5838228680755363	0.0	0.1258231563695021
0.585323698070589	0.0	0.1334271081199993
0.5868245280656418	0.0	0.1410239058767112
0.5883253580606946	0.0	0.14861340434890893
0.5898261880557474	0.0	0.1561954715661285
0.5913270180508002	0.0	0.16376997733228169
0.592827848045853	0.0	0.17133678355282417
0.5943286780409057	0.0	0.17889576000703444
0.5958295080359586	0.0	0.18644676962309484
0.5973303380310114	0.0	0.19398967781829973
0.5988311680260642	0.0	0.20152435667610474
0.600331998021117	0.0	0.20905066316076554
0.6018328280161698	0.0	0.2165684651047515
0.6033336580112225	0.0	0.2240776421449969
0.6048344880062754	0.0	0.2315780567044791
0.6063353180013281	0.0	0.23906957381849103
0.607836147996381	0.0	0.2465520591384176
0.6093369779914337	0.0	0.2540253812235961
0.6108378079864865	0.0	0.26148941706184314
0.6123386379815393	0.0	0.26894403170073133
0.6138394679765921	0.0	0.2763890924797308
0.6153402979716449	0.0	0.2838244707923793
0.6168411279666978	0.0	0.2912500308483466
0.6183419579617504	0.0	0.2986656426364054
0.6198427879568033	0.0	0.3060711876048897
0.6213436179518561	0.0	0.3134665352620745
0.6228444479469089	0.0	0.3208515479446835
0.6243452779419617	0.0	0.3282260992025577
0.6258461079370145	0.0	0.33559006110687306
0.6273469379320672	0.0	0.34294330933928835
0.62884776792712	0.0	0.3502857164762216
0.6303485979221728	0.0	0.3576171498449002
0.6318494279172256	0.0	0.3649374838577381
0.6333502579122784	0.0	0.3722465968578656
0.6348510879073311	0.0	0.37954435892041977
0.636351917902384	0.0	0.3868306402559102
0.6378527478974367	0.0	0.39410532493730316
0.6393535778924896	0.0	0.4013682877221381
0.6408544078875424	0.0	0.4086193940892927
0.6423552378825951	0.0	0.41585851761320425
0.6438560678776479	0.0	0.423085547308076
0.6453568978727008	0.0	0.4303003618498469
0.6468577278677535	0.0	0.4375028205563273
0.6483585578628064	0.0	0.4446928064284902
0.6498593878578591	0.0	0.45187020849278164
0.6513602178529119	0.0	0.45903489350964066
0.6528610478479647	0.0	0.4661867382819861
0.6543618778430175	0.0	0.4733256323908096
0.6558627078380703	0.0	0.4804514530950052
0.6573635378331231	0.0	0.48756407087619696
0.6588643678281758	0.0	0.49466336841501374
0.6603651978232287	0.0	0.5017492317683657
0.6618660278182814	0.0	0.508821537628248
0.6633668578133343	0.0	0.5158801681700842
0.6648676878083871	0.0	0.5229250075777646
0.6663685178034398	0.0	0.5299559338494418
0.6678693477984926	0.0	0.5369728278297857
0.6693701777935454	0.0	0.5439755767093201
0.6708710077885982	0.0	0.5509640695021742
0.6723718377836511	0.0	0.5579381831962018
0.6738726677787038	0.0	0.5648977981553899
0.6753734977737565	0.0	0.571842803529499
0.6768743277688094	0.0	0.5787730880493384
0.6783751577638621	0.0	0.5856885401868823
0.679875987758915	0.0	0.5925890370655047
0.6813768177539677	0.0	0.5994744664425546
0.6828776477490205	0.0	0.6063447176525427
0.6843784777440733	0.0	0.6131996798822164
0.6858793077391261	0.0	0.6200392460026689
0.6873801377341789	0.0	0.6268632958603659
0.6888809677292317	0.0	0.6336717203424567
0.6903817977242845	0.0	0.640464410607242
0.6918826277193373	0.0	0.6472412550404798
0.69338345771439	0.0	0.6540021498894709
0.6948842877094429	0.0	0.6607469815069101
0.6963851177044957	0.0	0.6674756354074051
0.6978859476995485	0.0	0.6741880138392071
0.6993867776946012	0.0	0.6808840128278801
0.7008876076896541	0.0	0.6875635173581932
0.7023884376847068	0.0	0.6942264206339746
0.7038892676797597	0.0	0.7008726131603722
0.7053900976748124	0.0	0.7075019904700246
0.7068909276698653	0.0	0.7141144622414214
0.708391757664918	0.0	0.7207099172176143
0.7098925876599708	0.0	0.7272882351466468
0.7113934176550236	0.0	0.7338493264339498
0.7128942476500764	0.0	0.7403930973078319
0.7143950776451292	0.0	0.746919435414681
0.715895907640182	0.0	0.7534282348824078
0.7173967376352347	0.0	0.7599193939053073
0.7188975676302876	0.0	0.766392816666123
0.7203983976253404	0.0	0.7728484074955471
0.7218992276203932	0.0	0.7792860610389375
0.723400057615446	0.0	0.785705679754077
0.7249008876104988	0.0	0.7921071650266069
0.7264017176055515	0.0	0.7984904124383957
0.7279025476006044	0.0	0.804855330177062
0.7294033775956571	0.0	0.8112018252100986
0.73090420759071	0.0	0.8175297941791615
0.7324050375857627	0.0	0.8238391410083445
0.7339058675808154	0.0	0.8301297752281894
0.7354066975758683	0.0	0.8364015972386348
0.736907527570921	0.0	0.8426545119864276
0.7384083575659739	0.0	0.8488884353357576
0.7399091875610266	0.0	0.8551032682780223
0.7414100175560794	0.0	0.8612989074548776
0.7429108475511322	0.0	0.8674752685087026
0.7444116775461851	0.0	0.8736322645188648
0.7459125075412378	0.0	0.8797698046216985
0.7474133375362907	0.0	0.8858877890692687
0.7489141675313434	0.0	0.8919861279713328
0.7504149975263962	0.0	0.8980647460517175
0.751915827521449	0.0	0.9041235412088957
0.7534166575165018	0.0	0.910162420817106
0.7549174875115546	0.0	0.9161813098466929
0.7564183175066074	0.0	0.9221801146121813
0.7579191475016601	0.0	0.9281587439295245
0.759419977496713	0.0	0.9341171183699112
0.7609208074917657	0.0	0.9400551512962138
0.7624216374868186	0.0	0.9459727538040404
0.7639224674818714	0.0	0.9518698436550869
0.7654232974769241	0.0	0.9577463340643885
0.7669241274719769	0.0	0.9636021401321694
0.7684249574670298	0.0	0.9694371819984242
0.7699257874620825	0.0	0.9752513774003633
0.7714266174571354	0.0	0.9810446410192594
0.772927447452188	0.0	0.986816889421685
0.7744282774472409	0.0	0.9925680500793026
0.7759291074422937	0.0	0.9982980359360701
0.7774299374373463	0.0	1.0040067578780276
0.7789307674323993	0.0	1.0096941502402135
0.780431597427452	0.0	1.015360134604411
0.7819324274225049	0.0	1.021004623051968
0.7834332574175576	0.0	1.0266275387787058
0.7849340874126104	0.0	1.0322288060526232
0.7864349174076632	0.0	1.0378083496715207
0.787935747402716	0.0	1.0433660927203323
0.7894365773977688	0.0	1.0489019567191842
0.7909374073928216	0.0	1.0544158691767629
0.7924382373878744	0.0	1.0599077527591247
0.7939390673829272	0.0	1.0653775250925561
0.7954398973779799	0.0	1.070825118934897
0.7969407273730328	0.0	1.0762504682763554
0.7984415573680855	0.0	1.0816534901148098
0.7999423873631384	0.0	1.0870341119342017
0.8014432173581911	0.0	1.092392269055494
0.8029440473532439	0.0	1.097727878920149
0.8044448773482967	0.0	1.1030408760111527
0.8059457073433495	0.0	1.1083311965120042
0.8074465373384024	0.0	1.1135987537238814
0.8089473673334551	0.0	1.1188434852966316
0.8104481973285078	0.0	1.1240653308886053
0.8119490273235607	0.0	1.1292642094198557
0.8134498573186134	0.0	1.1344400571108322
0.8149506873136664	0.0	1.1395928094796375
0.816451517308719	0.0	1.1447223919032143
0.8179523473037718	0.0	1.149828737743252
0.8194531772988247	0.0	1.154911783959494
0.8209540072938774	0.0	1.159971465761943
0.8224548372889303	0.0	1.1650077149721139
0.8239556672839831	0.0	1.170020467798101
0.8254564972790359	0.0	1.1750096567143138
0.8269573272740887	0.0	1.1799752144295101
0.8284581572691414	0.0	1.1849170851857984
0.8299589872641943	0.0	1.189835199486108
0.831459817259247	0.0	1.1947294888808024
0.8329606472542999	0.0	1.1995999010869158
0.8344614772493526	0.0	1.2044463747524254
0.8359623072444053	0.0	1.209268846159253
0.8374631372394582	0.0	1.2140672472644327
0.8389639672345109	0.0	1.218841516986983
0.8404647972295638	0.0	1.2235916032533587
0.8419656272246165	0.0	1.2283174411503943
0.8434664572196693	0.0	1.2330189655184445
0.8449672872147221	0.0	1.2376961245181648
0.8464681172097749	0.0	1.2423488620836365
0.8479689472048277	0.0	1.2469771097405524
0.8494697771998805	0.0	1.2515808097102752
0.8509706071949332	0.0	1.2561599094510225
0.8524714371899861	0.0	1.2607143529955567
0.8539722671850388	0.0	1.265244081887491
0.8554730971800917	0.0	1.2697490360808132
0.8569739271751444	0.0	1.274229161419648
0.8584747571701972	0.0	1.2786844031442712
0.85997558716525	0.0	1.2831147018001658
0.8614764171603028	0.0	1.2875200033299905
0.8629772471553557	0.0	1.2919002557341732
0.8644780771504084	0.0	1.2962554014435337
0.8659789071454613	0.0	1.3005853874357924
0.8674797371405141	0.0	1.30489016561746
0.8689805671355667	0.0	1.3091696804402322
0.8704813971306197	0.0	1.3134238674098766
0.8719822271256723	0.0	1.3176526765599583
0.8734830571207253	0.0	1.3218560673258897
0.874983887115778	0.0	1.3260339872645321
0.8764847171108306	0.0	1.3301863757138186
0.8779855471058836	0.0	1.3343131819310499
0.8794863771009364	0.0	1.3384143602995693
0.8809872070959892	0.0	1.3424898571686146
0.882488037091042	0.0	1.3465396201689848
0.8839888670860947	0.0	1.3505636007882764
0.8854896970811476	0.0	1.3545617509453731
0.8869905270762003	0.0	1.358534019799005
0.8884913570712532	0.0	1.3624803618310677
0.8899921870663059	0.0	1.3664007267424654
0.8914930170613586	0.0	1.3702950640985447
0.8929938470564115	0.0	1.3741633260646517
0.8944946770514642	0.0	1.3780054630193845
0.8959955070465171	0.0	1.3818214328455711
0.8974963370415698	0.0	1.3856111862545262
0.8989971670366227	0.0	1.389374671751864
0.9004979970316754	0.0	1.3931118496109738
0.9019988270267282	0.0	1.3968226739810155
0.903499657021781	0.0	1.4005070905458497
0.9050004870168338	0.0	1.4041650595048911
0.9065013170118867	0.0	1.4077965393570417
0.9080021470069394	0.0	1.4114014744800227
0.9095029770019921	0.0	1.4149798238902946
0.911003806997045	0.0	1.4185315533076142
0.9125046369920977	0.0	1.422056609808216
0.9140054669871507	0.0	1.4255549458285053
0.9155062969822033	0.0	1.4290265268294962
0.9170071269772561	0.0	1.432471303855145
0.918507956972309	0.0	1.4358892306973372
0.9200087869673617	0.0	1.4392802732113306
0.9215096169624146	0.0	1.442644385139688
0.9230104469574674	0.0	1.4459815219008332
0.92451127695252	0.0	1.4492916406628398
0.926012106947573	0.0	1.4525747024014053
0.9275129369426257	0.0	1.4558306706552568
0.9290137669376786	0.0	1.4590594994873385
0.9305145969327313	0.0	1.462261146632568
0.932015426927784	0.0	1.4654355699737731
0.9335162569228369	0.0	1.4685827328894914
0.9350170869178897	0.0	1.4717025977477944
0.9365179169129425	0.0	1.4747951210144472
0.9380187469079952	0.0	1.477860266733364
0.9395195769030481	0.0	1.4808979913579747
0.9410204068981008	0.0	1.4839082507872192
0.9425212368931536	0.0	1.486891015447927
0.9440220668882064	0.0	1.4898462493839935
0.9455228968832592	0.0	1.4927739072744357
0.947023726878312	0.0	1.4956739520049214
0.9485245568733648	0.0	1.4985463504904035
0.9500253868684175	0.0	1.5013910602809577
0.9515262168634704	0.0	1.5042080462338228
0.9530270468585231	0.0	1.5069972773340943
0.954527876853576	0.0	1.5097587073119447
0.9560287068486287	0.0	1.5124923007288462
0.9575295368436815	0.0	1.5151980271121241
0.9590303668387343	0.0	1.517875847942606
0.9605311968337871	0.0	1.5205257304309936
0.96203202682884	0.0	1.5231476361691128
0.9635328568238927	0.0	1.5257415302975228
0.9650336868189454	0.0	1.5283073832183642
0.9665345168139984	0.0	1.5308451563755892
0.968035346809051	0.0	1.5333548097590997
0.969536176804104	0.0	1.5358363167776328
0.9710370067991567	0.0	1.538289645874129
0.9725378367942096	0.0	1.5407147589976902
0.9740386667892623	0.0	1.5431116262424294
0.975539496784315	0.0	1.545480213044672
0.9770403267793679	0.0	1.5478204884017934
0.9785411567744207	0.0	1.550132415236429
0.9800419867694735	0.0	1.5524159590218365
0.9815428167645263	0.0	1.5546710992169512
0.983043646759579	0.0	1.5568978067784036
0.9845444767546319	0.0	1.5590960408458951
0.9860453067496846	0.0	1.5612657709466946
0.9875461367447375	0.0	1.5634069686535248
0.9890469667397902	0.0	1.5655195999326048
0.990547796734843	0.0	1.5676036430722329
0.9920486267298958	0.0	1.5696590673655508
0.9935494567249485	0.0	1.571685835119047
0.9950502867200014	0.0	1.573683924818197
0.9965511167150541	0.0	1.5756533089969038
0.9980519467101069	0.0	1.5775939514403208
0.9995527767051597	0.0	1.579505829894591
1.0010536067002125	0.0	1.5813889162774515
1.0025544366952654	0.0	1.5832431773067523
1.0040552666903182	0.0	1.585068591751382
1.005556096685371	0.0	1.5868651352627454
1.0070569266804237	0.0	1.588632777281858
1.0085577566754764	0.0	1.590371489332157
1.0100585866705294	0.0	1.5920812480138558
1.0115594166655821	0.0	1.5937620279925637
1.0130602466606349	0.0	1.5954138026893718
1.0145610766556876	0.0	1.5970365499982973
1.0160619066507404	0.0	1.5986302433773807
1.0175627366457933	0.0	1.6001948606959875
1.019063566640846	0.0	1.6017303751842447
1.0205643966358988	0.0	1.6032367591357322
1.0220652266309516	0.0	1.6047139970244675
1.0235660566260043	0.0	1.606162067064895
1.0250668866210573	0.0	1.6075809419695926
1.02656771661611	0.0	1.6089706004642848
1.0280685466111628	0.0	1.610331022895114
1.0295693766062155	0.0	1.6116621812846101
1.0310702066012682	0.0	1.6129640568969046
1.0325710365963212	0.0	1.6142366368368513
1.034071866591374	0.0	1.6154798971439688
1.035572696586427	0.0	1.6166938161497284
1.0370735265814794	0.0	1.6178783733254103
1.0385743565765322	0.0	1.6190335450247466
1.0400751865715852	0.0	1.6201593201701125
1.041576016566638	0.0	1.6212556830938651
1.0430768465616909	0.0	1.622322608560194
1.0445776765567436	0.0	1.623360082731322
1.0460785065517963	0.0	1.624368088621113
1.047579336546849	0.0	1.6253466068714388
1.0490801665419018	0.0	1.6262956202127974
1.0505809965369548	0.0	1.6272151119116556
1.0520818265320075	0.0	1.6281050728989013
1.0535826565270603	0.0	1.628965487494575
1.055083486522113	0.0	1.6297963334448384
1.0565843165171658	0.0	1.6305976020872146
1.0580851465122187	0.0	1.6313692838227065
1.0595859765072715	0.0	1.6321113575003163
1.0610868065023242	0.0	1.632823810988883
1.062587636497377	0.0	1.6335066356505528
1.0640884664924297	0.0	1.6341598202844698
1.0655892964874827	0.0	1.6347833508988154
1.0670901264825354	0.0	1.6353772135263949
1.0685909564775882	0.0	1.6359414013468947
1.070091786472641	0.0	1.6364759029623182
1.0715926164676937	0.0	1.6369807093220188
1.0730934464627466	0.0	1.637455816359677
1.0745942764577994	0.0	1.637901212745057
1.0760951064528521	0.0	1.6383168808143285
1.0775959364479049	0.0	1.638702814899304
1.0790967664429576	0.0	1.6390590203601252
1.0805975964380106	0.0	1.6393854858357275
1.0820984264330633	0.0	1.6396821995646245
1.0835992564281163	0.0	1.6399491631055583
1.0851000864231688	0.0	1.640186366440599
1.0866009164182218	0.0	1.640393800346621
1.0881017464132745	0.0	1.640571466979983
1.0896025764083273	0.0	1.640719363106128
1.0911034064033802	0.0	1.6408374857122832
1.0926042363984327	0.0	1.640925832352491
1.0941050663934857	0.0	1.6409844023983329
1.0956058963885384	0.0	1.6410131908346726
1.0971067263835912	0.0	1.6410121946117773
1.0986075563786442	0.0	1.6409814230636965
1.100108386373697	0.0	1.640920870534545
1.1016092163687496	0.0	1.6408305325575407
1.1031100463638024	0.0	1.6407104184544077
1.1046108763588551	0.0	1.6405605263460135
1.106111706353908	0.0	1.6403808608100456
1.1076125363489608	0.0	1.6401714298743917
1.1091133663440136	0.0	1.6399322296329273
1.1106141963390663	0.0	1.6396632628458276
1.112115026334119	0.0	1.6393645389333829
1.113615856329172	0.0	1.6390360655784653
1.1151166863242248	0.0	1.63867784847392
1.1166175163192775	0.0	1.6382898915135589
1.1181183463143303	0.0	1.6378722023309655
1.1196191763093832	0.0	1.6374247904142076
1.121120006304436	0.0	1.6369476621954535
1.1226208362994887	0.0	1.6364408288632466
1.1241216662945415	0.0	1.6359042991293593
1.1256224962895942	0.0	1.635338082315501
1.1271233262846472	0.0	1.6347421953523507
1.1286241562797	0.0	1.634116646822299
1.1301249862747527	0.0	1.6334614427755267
1.1316258162698054	0.0	1.6327766054720303
1.1331266462648582	0.0	1.6320621489775793
1.1346274762599111	0.0	1.6313180768532787
1.1361283062549639	0.0	1.6305444119875523
1.1376291362500166	0.0	1.629741174829057
1.1391299662450696	0.0	1.62890837424975
1.140630796240122	0.0	1.6280460271618078
1.142131626235175	0.0	1.6271541558622016
1.1436324562302278	0.0	1.6262327728024857
1.1451332862252805	0.0	1.6252818966199474
1.1466341162203335	0.0	1.6243015572328112
1.1481349462153863	0.0	1.6232917699513794
1.149635776210439	0.0	1.622252552470289
1.1511366062054917	0.0	1.6211839265073658
1.1526374362005447	0.0	1.620085915875208
1.1541382661955975	0.0	1.6189585503996282
1.1556390961906502	0.0	1.6178018464937587
1.157139926185703	0.0	1.6166158249081362
1.1586407561807557	0.0	1.615400516947238
1.1601415861758086	0.0	1.6141559526894806
1.1616424161708614	0.0	1.6128821542962912
1.1631432461659141	0.0	1.6115791440399958
1.1646440761609669	0.0	1.6102469547961429
1.1661449061560196	0.0	1.6088856182635198
1.1676457361510726	0.0	1.6074951638736332
1.1691465661461253	0.0	1.6060756162215355
1.170647396141178	0.0	1.6046270049358882
1.1721482261362308	0.0	1.6031493697248869
1.1736490561312836	0.0	1.6016427397735946
1.1751498861263365	0.0	1.600107145252847
1.1766507161213893	0.0	1.5985426246571068
1.178151546116442	0.0	1.5969492106524503
1.1796523761114948	0.0	1.5953269338779554
1.1811532061065475	0.0	1.5936758334072267
1.1826540361016005	0.0	1.5919959512527078
1.1841548660966532	0.0	1.5902873225695522
1.185655696091706	0.0	1.5885499793399553
1.187156526086759	0.0	1.5867839626152311
1.1886573560818114	0.0	1.584989318240016
1.1901581860768644	0.0	1.5831660818993178
1.1916590160719172	0.0	1.5813142935108109
1.1931598460669701	0.0	1.5794339984693746
1.1946606760620229	0.0	1.577525236914479
1.1961615060570754	0.0	1.5755880524234827
1.1976623360521284	0.0	1.5736224906623535
1.199163166047181	0.0	1.5716285935079926
1.200663996042234	0.0	1.5696064088751573
1.2021648260372868	0.0	1.5675559849805032
1.2036656560323395	0.0	1.5654773639288944
1.2051664860273923	0.0	1.5633705952739383
1.206667316022445	0.0	1.5612357313602185
1.208168146017498	0.0	1.5590728180385358
1.2096689760125507	0.0	1.5568819023795801
1.2111698060076035	0.0	1.554663037042154
1.2126706360026562	0.0	1.5524162729845967
1.214171465997709	0.0	1.5501416646708992
1.215672295992762	0.0	1.5478392671133996
1.2171731259878147	0.0	1.5455091285780405
1.2186739559828674	0.0	1.5431513035781044
1.2201747859779202	0.0	1.5407658521287337
1.221675615972973	0.0	1.5383528283242527
1.2231764459680259	0.0	1.5359122833632843
1.2246772759630786	0.0	1.533444277938688
1.2261781059581316	0.0	1.5309488750352345
1.2276789359531841	0.0	1.5284261282605267
1.2291797659482369	0.0	1.5258760929596034
1.2306805959432898	0.0	1.523298834692577
1.2321814259383426	0.0	1.5206944165058296
1.2336822559333955	0.0	1.5180628943050571
1.235183085928448	0.0	1.5154043327015645
1.2366839159235008	0.0	1.5127187971014324
1.2381847459185538	0.0	1.5100063461951612
1.2396855759136065	0.0	1.5072670452101706
1.2411864059086595	0.0	1.5045009610928133
1.2426872359037122	0.0	1.5017081588240553
1.2441880658987647	0.0	1.498888706533185
1.2456888958938177	0.0	1.4960426703163257
1.2471897258888704	0.0	1.4931701151113217
1.2486905558839234	0.0	1.4902711145246625
1.2501913858789762	0.0	1.48734573644535
1.251692215874029	0.0	1.4843940480230493
1.2531930458690816	0.0	1.4814161218600024
1.2546938758641344	0.0	1.4784120246376382
1.2561947058591874	0.0	1.4753818319524648
1.25769553585424	0.0	1.4723256199801555
1.2591963658492928	0.0	1.4692434586182346
1.2606971958443456	0.0	1.466135420826252
1.2621980258393983	0.0	1.463001580950048
1.2636988558344513	0.0	1.4598420142596011
1.265199685829504	0.0	1.4566567950391125
1.2667005158245568	0.0	1.4534460024646985
1.2682013458196095	0.0	1.4502097157617608
1.2697021758146623	0.0	1.446948007286093
1.2712030058097152	0.0	1.4436609563554899
1.272703835804768	0.0	1.4403486476294503
1.2742046657998207	0.0	1.4370111558850647
1.2757054957948735	0.0	1.4336485596084014
1.2772063257899262	0.0	1.4302609447712393
1.2787071557849792	0.0	1.4268483868099144
1.280207985780032	0.0	1.4234109689483785
1.2817088157750849	0.0	1.419948780959801
1.2832096457701374	0.0	1.4164618994511373
1.2847104757651902	0.0	1.4129504076956054
1.2862113057602431	0.0	1.4094143922995694
1.2877121357552959	0.0	1.4058539374912602
1.2892129657503488	0.0	1.4022691312756115
1.2907137957454016	0.0	1.3986600564268037
1.292214625740454	0.0	1.3950267993417438
1.293715455735507	0.0	1.39136944852443
1.2952162857305598	0.0	1.3876880931134465
1.2967171157256128	0.0	1.3839828218222585
1.2982179457206655	0.0	1.3802537195259896
1.2997187757157183	0.0	1.3765008778338146
1.301219605710771	0.0	1.3727243875971011
1.3027204357058237	0.0	1.3689243375170066
1.3042212657008767	0.0	1.3651008198434678
1.3057220956959295	0.0	1.3612539237335348
1.3072229256909822	0.0	1.3573837437968392
1.308723755686035	0.0	1.3534903755671965
1.3102245856810877	0.0	1.3495739024903417
1.3117254156761406	0.0	1.3456344198412924
1.3132262456711934	0.0	1.3416720331348075
1.3147270756662461	0.0	1.3376868312322254
1.3162279056612989	0.0	1.3336789029948761
1.3177287356563516	0.0	1.329648345047062
1.3192295656514046	0.0	1.3255952565329894
1.3207303956464573	0.0	1.321519734409649
1.32223122564151	0.0	1.3174218719989992
1.3237320556365628	0.0	1.3133017694310227
1.3252328856316156	0.0	1.3091595235333209
1.3267337156266685	0.0	1.304995228860082
1.3282345456217213	0.0	1.300808987703815
1.3297353756167742	0.0	1.2966009000897372
1.3312362056118268	0.0	1.2923710595369657
1.3327370356068795	0.0	1.2881195701185626
1.3342378656019325	0.0	1.2838465356734616
1.3357386955969852	0.0	1.2795520493203039
1.3372395255920382	0.0	1.2752362131791004
1.3387403555870907	0.0	1.2708991315693292
1.3402411855821437	0.0	1.2665409002650831
1.3417420155771964	0.0	1.2621616240849143
1.3432428455722492	0.0	1.2577614116734002
1.3447436755673021	0.0	1.2533403597965402
1.3462445055623549	0.0	1.2488985692496848
1.3477453355574076	0.0	1.2444361476670385
1.3492461655524604	0.0	1.23995319835766
1.350746995547513	0.0	1.2354498198865858
1.352247825542566	0.0	1.2309261196785348
1.3537486555376188	0.0	1.2263822077828035
1.3552494855326715	0.0	1.221818185610834
1.3567503155277243	0.0	1.2172341552518553
1.358251145522777	0.0	1.2126302217523521
1.35975197551783	0.0	1.2080064961966914
1.3612528055128827	0.0	1.2033630791461334
1.3627536355079355	0.0	1.1987000754869908
1.3642544655029882	0.0	1.1940176034997965
1.365755295498041	0.0	1.1893157640168512
1.367256125493094	0.0	1.1845946564411312
1.3687569554881467	0.0	1.1798543938162216
1.3702577854831994	0.0	1.175095088976232
1.3717586154782522	0.0	1.1703168444662924
1.3732594454733051	0.0	1.1655197657149075
1.3747602754683579	0.0	1.1607039654083313
1.3762611054634106	0.0	1.1558695528318663
1.3777619354584634	0.0	1.15101663425192
1.3792627654535161	0.0	1.1461453150354137
1.380763595448569	0.0	1.1412557066980011
1.3822644254436218	0.0	1.1363479245012278
1.3837652554386746	0.0	1.1314220742062961
1.3852660854337275	0.0	1.1264782627327112
1.38676691542878	0.0	1.1215166049354208
1.388267745423833	0.0	1.1165372070068955
1.3897685754188858	0.0	1.1115401744988438
1.3912694054139385	0.0	1.1065256254946396
1.3927702354089915	0.0	1.1014936739250742
1.3942710654040442	0.0	1.0964444196859942
1.395771895399097	0.0	1.0913779755006217
1.3972727253941497	0.0	1.0862944636664964
1.3987735553892024	0.0	1.0811939860510178
1.4002743853842554	0.0	1.076076644644789
1.4017752153793082	0.0	1.070942565405062
1.403276045374361	0.0	1.0657918619298936
1.4047768753694136	0.0	1.0606246336345957
1.4062777053644664	0.0	1.0554409952632287
1.4077785353595194	0.0	1.050241062163592
1.409279365354572	0.0	1.045024945038107
1.4107801953496248	0.0	1.0397927561294429
1.4122810253446776	0.0	1.0345446053883158
1.4137818553397306	0.0	1.0292806021370153
1.4152826853347833	0.0	1.024000865986884
1.416783515329836	0.0	1.018705510080077
1.4182843453248888	0.0	1.0133946383910863
1.4197851753199415	0.0	1.0080683620535638
1.4212860053149945	0.0	1.0027267986210264
1.4227868353100472	0.0	0.9973700634659626
1.4242876653051	0.0	0.9919982649125865
1.4257884953001527	0.0	0.9866115181978292
1.4272893252952055	0.0	0.9812099328534557
1.4287901552902584	0.0	0.9757936146776738
1.4302909852853112	0.0	0.9703626866457356
1.431791815280364	0.0	0.9649172664959633
1.4332926452754169	0.0	0.9594574522512388
1.4347934752704694	0.0	0.9539833562035163
1.4362943052655224	0.0	0.9484951034721083
1.4377951352605751	0.0	0.9429928027262438
1.4392959652556279	0.0	0.9374765615631583
1.4407967952506808	0.0	0.9319464976595541
1.4422976252457334	0.0	0.9264027213234786
1.4437984552407863	0.0	0.920845339067839
1.445299285235839	0.0	0.9152744709105571
1.446800115230892	0.0	0.909690232248736
1.4483009452259448	0.0	0.9040927298909751
1.4498017752209975	0.0	0.8984820788031647
1.4513026052160503	0.0	0.8928583902668122
1.452803435211103	0.0	0.8872217725444935
1.454304265206156	0.0	0.8815723426352354
1.4558050952012087	0.0	0.8759102150366365
1.4573059251962615	0.0	0.8702354999459126
1.4588067551913142	0.0	0.8645483076957816
1.460307585186367	0.0	0.8588487502084764
1.46180841518142	0.0	0.8531369423266649
1.4633092451764727	0.0	0.8474129953318734
1.4648100751715254	0.0	0.8416770198771824
1.4663109051665781	0.0	0.835929129610026
1.4678117351616309	0.0	0.8301694373028564
1.4693125651566838	0.0	0.824398052462824
1.4708133951517366	0.0	0.818615085570539
1.4723142251467893	0.0	0.8128206531197861
1.473815055141842	0.0	0.8070148657020627
1.4753158851368948	0.0	0.8011978295098209
1.4768167151319478	0.0	0.7953696605686275
1.4783175451270005	0.0	0.7895304692728391
1.4798183751220533	0.0	0.7836803668670134
1.481319205117106	0.0	0.7778194725188525
1.4828200351121588	0.0	0.7719478862720582
1.4843208651072117	0.0	0.7660657146517987
1.4858216951022645	0.0	0.7601730813110751
1.4873225250973174	0.0	0.7542700930214998
1.4888233550923702	0.0	0.7483568604238553
1.4903241850874227	0.0	0.7424334986934704
1.4918250150824757	0.0	0.7365001111024357
1.4933258450775284	0.0	0.730556810041313
1.4948266750725814	0.0	0.7246037086029725
1.4963275050676341	0.0	0.7186409174774446
1.4978283350626869	0.0	0.7126685453709823
1.4993291650577396	0.0	0.7066866985869245
1.5008299950527924	0.0	0.7006954928674255
1.5023308250478453	0.0	0.6946950362040205
1.503831655042898	0.0	0.6886854370194574
1.5053324850379508	0.0	0.6826668097620492
1.5068333150330036	0.0	0.6766392613020342
1.5083341450280563	0.0	0.670602900555067
1.5098349750231093	0.0	0.6645578376320361
1.511335805018162	0.0	0.6585041802903862
1.5128366350132147	0.0	0.6524420409698901
1.5143374650082675	0.0	0.6463715310013589
1.5158382950033202	0.0	0.6402927551848704
1.5173391249983732	0.0	0.6342058224237809
1.518839954993426	0.0	0.6281108415475097
1.5203407849884787	0.0	0.6220079234802336
1.5218416149835314	0.0	0.6158971785916385
1.5233424449785842	0.0	0.6097787113983527
1.5248432749736371	0.0	0.6036526327876208
1.5263441049686899	0.0	0.597519053141483
1.5278449349637429	0.0	0.591378078590771
1.5293457649587954	0.0	0.5852298130483189
1.5308465949538481	0.0	0.5790743681160709
1.532347424948901	0.0	0.5729118609039596
1.5338482549439538	0.0	0.5667423903466505
1.5353490849390068	0.0	0.5605660593219716
1.5368499149340595	0.0	0.5543829852848697
1.538350744929112	0.0	0.5481932726903712
1.539851574924165	0.0	0.541997026831442
1.5413524049192178	0.0	0.535794360505223
1.5428532349142707	0.0	0.5295853796947277
1.5443540649093235	0.0	0.5233701867971937
1.545854894904376	0.0	0.5171488929216029
1.547355724899429	0.0	0.5109216060471923
1.5488565548944817	0.0	0.5046884321199697
1.5503573848895347	0.0	0.498449482988268
1.5518582148845874	0.0	0.4922048588313644
1.5533590448796402	0.0	0.4859546647943139
1.5548598748746927	0.0	0.4796990127378215
1.5563607048697456	0.0	0.47343801274814235
1.5578615348647986	0.0	0.46717177159688894
1.5593623648598514	0.0	0.4609003880955789
1.560863194854904	0.0	0.45462396816554973
1.5623640248499568	0.0	0.44834262300209243
1.5638648548450098	0.0	0.44205646164412055
1.5653656848400623	0.0	0.43576558732677473
1.5668665148351153	0.0	0.4294701037534319
1.568367344830168	0.0	0.42317012231652357
1.5698681748252208	0.0	0.4168657534966599
1.5713690048202735	0.0	0.41055709773182336
1.5728698348153265	0.0	0.4042442485596339
1.5743706648103795	0.0	0.39792732412506726
1.575871494805432	0.0	0.3916064421787811
1.5773723248004847	0.0	0.38528169386790895
1.5788731547955377	0.0	0.37895317985222576
1.5803739847905902	0.0	0.37262101647769813
1.5818748147856432	0.0	0.3662853129926784
1.5833756447806961	0.0	0.3599461658674462
1.584876474775749	0.0	0.35360368368499523
1.5863773047708014	0.0	0.34725797521308766
1.5878781347658544	0.0	0.34090914026135294
1.5893789647609073	0.0	0.33455728874355756
1.5908797947559599	0.0	0.3282025262976449
1.5923806247510128	0.0	0.32184495513602884
1.5938814547460656	0.0	0.3154846849630186
1.595382284741118	0.0	0.309121822069655
1.596883114736171	0.0	0.302756468914796
1.598383944731224	0.0	0.2963887321837821
1.5998847747262768	0.0	0.29001871571554755
1.6013856047213293	0.0	0.2836465208722868
1.6028864347163823	0.0	0.27727226011848
1.6043872647114352	0.0	0.2708960424929854
1.6058880947064877	0.0	0.2645179671399813
1.6073889247015407	0.0	0.2581381391676469
1.6088897546965935	0.0	0.25175665960538635
1.6103905846916464	0.0	0.24537363861344721
1.611891414686699	0.0	0.23898919112075134
1.613392244681752	0.0	0.23260341575388158
1.6148930746768049	0.0	0.22621640943911125
1.6163939046718574	0.0	0.21982828106744318
1.6178947346669101	0.0	0.21343914220376045
1.619395564661963	0.0	0.20704909408710942
1.6208963946570156	0.0	0.20065824443787378
1.6223972246520686	0.0	0.19426670077927827
1.6238980546471213	0.0	0.18787456452285786
1.6253988846421743	0.0	0.18148193744970295
1.6268997146372268	0.0	0.17508892827834607
1.6284005446322798	0.0	0.1686956450865575
1.6299013746273328	0.0	0.16230219468288118
1.6314022046223853	0.0	0.15590868238495348
1.632903034617438	0.0	0.1495152042071155
1.634403864612491	0.0	0.14312187443750848
1.6359046946075435	0.0	0.13672880287899333
1.6374055246025965	0.0	0.13033608446158282
1.6389063545976494	0.0	0.12394382695500124
1.6404071845927022	0.0	0.11755214546062223
1.6419080145877547	0.0	0.11116114102025913
1.6434088445828077	0.0	0.104770912285202
1.6449096745778606	0.0	0.09838157117775756
1.6464105045729132	0.0	0.09199322175865246
1.6479113345679661	0.0	0.08560596869238862
1.6494121645630189	0.0	0.07921992459130163
1.6509129945580718	0.0	0.07283519654740361
1.6524138245531244	0.0	0.06645188207833407
1.6539146545481773	0.0	0.060070085059977275
1.65541548454323	0.0	0.05368992012552581
1.6569163145382828	0.0	0.047311493257956035
1.6584171445333356	0.0	0.040934907211855304
1.6599179745283885	0.0	0.034560267847014874
1.661418804523441	0.0	0.02818767908860416
1.662919634518494	0.0	0.021817251343259403
1.6644204645135467	0.0	0.01544909323096136
1.6659212945085997	0.0	0.00908330617548777
1.6674221245036522	0.0	0.0027200007436654385
1.6689229544987052	0.0	-0.0036407165639706224
1.6704237844937582	0.0	-0.009998741107551822
1.6719246144888107	0.0	-0.016353965252892576
1.6734254444838634	0.0	-0.02270628518571041
1.6749262744789164	0.0	-0.029055590721161425
1.676427104473969	0.0	-0.03540177581463048
1.6779279344690219	0.0	-0.041744735345695796
1.6794287644640746	0.0	-0.04808436250573941
1.6809295944591276	0.0	-0.05442054648149034
1.6824304244541801	0.0	-0.06075318148713127
1.683931254449233	0.0	-0.06708216481734149
1.685432084444286	0.0	-0.07340737978117692
1.6869329144393386	0.0	-0.07972872250271633
1.6884337444343913	0.0	-0.08604609053543683
1.6899345744294443	0.0	-0.09235937801958412
1.6914354044244972	0.0	-0.09866847506600664
1.6929362344195498	0.0	-0.10497326598185366
1.6944370644146027	0.0	-0.11127365625606384
1.6959378944096555	0.0	-0.11756953518627163
1.697438724404708	0.0	-0.12386078185499513
1.698939554399761	0.0	-0.13014729922512952
1.700440384394814	0.0	-0.13642898349472748
1.7019412143898665	0.0	-0.1427057221746755
1.7034420443849194	0.0	-0.14897740807440965
1.7049428743799722	0.0	-0.155243931699115
1.7064437043750251	0.0	-0.1615051881255102
1.7079445343700776	0.0	-0.16776106592417697
1.7094453643651306	0.0	-0.17401145558798356
1.7109461943601834	0.0	-0.18025625812064397
1.712447024355236	0.0	-0.18649535908614315
1.7139478543502888	0.0	-0.19272865052993288
1.7154486843453418	0.0	-0.19895602240267105
1.7169495143403943	0.0	-0.2051773635091222
1.7184503443354473	0.0	-0.21139257516102783
1.7199511743305	0.0	-0.21760154665594839
1.721452004325553	0.0	-0.22380416830196528
1.7229528343206055	0.0	-0.2300003309739298
1.7244536643156585	0.0	-0.23618992339029743
1.7259544943107115	0.0	-0.24237283940788273
1.727455324305764	0.0	-0.24854897081337668
1.7289561543008167	0.0	-0.25471821443325904
1.7304569842958697	0.0	-0.2608804558191796
1.7319578142909227	0.0	-0.2670355815209185
1.7334586442859752	0.0	-0.27318349305971135
1.7349594742810281	0.0	-0.2793240763445575
1.736460304276081	0.0	-0.2854572253308234
1.7379611342711334	0.0	-0.29158283771986
1.7394619642661864	0.0	-0.2977007907089226
1.7409627942612393	0.0	-0.30381097750174696
1.7424636242562919	0.0	-0.3099132990280916
1.7439644542513446	0.0	-0.31600764448696517
1.7454652842463976	0.0	-0.32209390116749886
1.7469661142414505	0.0	-0.3281719612260313
1.748466944236503	0.0	-0.3342417223145914
1.749967774231556	0.0	-0.34030307301613305
1.7514686042266088	0.0	-0.3463559001145452
1.7529694342216613	0.0	-0.3524000931415714
1.7544702642167143	0.0	-0.35843554923170035
1.7559710942117672	0.0	-0.36446216306735124
1.75747192420682	0.0	-0.3704798226030323
1.7589727542018727	0.0	-0.37648841686526346
1.7604735841969255	0.0	-0.3824878358047211
1.7619744141919784	0.0	-0.3884779793037853
1.763475244187031	0.0	-0.3944587352183569
1.764976074182084	0.0	-0.40042999401663393
1.7664769041771367	0.0	-0.4063916528208625
1.7679777341721894	0.0	-0.412343593769461
1.7694785641672421	0.0	-0.4182857130850969
1.770979394162295	0.0	-0.4242179097013051
1.772480224157348	0.0	-0.430140066150859
1.7739810541524006	0.0	-0.4360520767587912
1.7754818841474533	0.0	-0.4419538391032307
1.7769827141425063	0.0	-0.4478452414467317
1.7784835441375588	0.0	-0.4537261781266618
1.7799843741326118	0.0	-0.45959653779989335
1.7814852041276648	0.0	-0.4654562121422118
1.7829860341227173	0.0	-0.4713051008881418
1.78448686411777	0.0	-0.477143092448056
1.785987694112823	0.0	-0.48297007765985556
1.787488524107876	0.0	-0.4887859562950152
1.7889893541029285	0.0	-0.49459061783595615
1.7904901840979814	0.0	-0.5003839476618581
1.7919910140930342	0.0	-0.5061658472200196
1.7934918440880867	0.0	-0.5119362133984853
1.7949926740831397	0.0	-0.5176949359631077
1.7964935040781926	0.0	-0.5234419090417972
1.7979943340732454	0.0	-0.5291770217966127
1.7994951640682981	0.0	-0.5349001735184756
1.8009959940633509	0.0	-0.5406112646935227
1.8024968240584038	0.0	-0.5463101753900673
1.8039976540534564	0.0	-0.5519967989104153
1.8054984840485093	0.0	-0.5576710435899116
1.806999314043562	0.0	-0.563332799588782
1.8085001440386146	0.0	-0.5689819630927073
1.8100009740336676	0.0	-0.5746184301395125
1.8115018040287205	0.0	-0.5802420803662612
1.8130026340237735	0.0	-0.585852821800234
1.814503464018826	0.0	-0.5914505665720268
1.8160042940138788	0.0	-0.5970351913121065
1.8175051240089317	0.0	-0.6026065854289763
1.8190059540039842	0.0	-0.6081646584778664
1.8205067839990372	0.0	-0.6137093083079833
1.82200761399409	0.0	-0.6192404247468183
1.8235084439891427	0.0	-0.6247579027601663
1.8250092739841954	0.0	-0.6302616428711509
1.8265101039792484	0.0	-0.6357515451469578
1.8280109339743014	0.0	-0.6412275156926359
1.8295117639693539	0.0	-0.6466894464551037
1.8310125939644066	0.0	-0.6521372167879385
1.8325134239594596	0.0	-0.6575707404852434
1.8340142539545121	0.0	-0.6629899299733442
1.835515083949565	0.0	-0.6683946669963778
1.837015913944618	0.0	-0.673784849477488
1.8385167439396708	0.0	-0.6791603835833068
1.8400175739347233	0.0	-0.6845211713649083
1.8415184039297763	0.0	-0.6898671097227093
1.8430192339248292	0.0	-0.6951980912566516
1.8445200639198818	0.0	-0.7005140308081986
1.8460208939149347	0.0	-0.7058148275820183
1.8475217239099875	0.0	-0.7111003696311335
1.84902255390504	0.0	-0.7163705674350052
1.850523383900093	0.0	-0.7216253275300059
1.852024213895146	0.0	-0.726864551030644
1.8535250438901987	0.0	-0.7320881352316359
1.8550258738852514	0.0	-0.7372959845006416
1.8565267038803042	0.0	-0.7424880061379628
1.8580275338753571	0.0	-0.7476640963909004
1.8595283638704097	0.0	-0.7528241614384217
1.8610291938654626	0.0	-0.7579681113780047
1.8625300238605154	0.0	-0.7630958466588361
1.864030853855568	0.0	-0.7682072737802464
1.8655316838506208	0.0	-0.7733023022728696
1.8670325138456738	0.0	-0.7783808329678937
1.8685333438407268	0.0	-0.7834427674111325
1.8700341738357793	0.0	-0.7884880165009795
1.871535003830832	0.0	-0.7935164946353321
1.873035833825885	0.0	-0.7985281035941312
1.8745366638209375	0.0	-0.8035227413991274
1.8760374938159905	0.0	-0.8085003288803442
1.8775383238110435	0.0	-0.81346077696079
1.8790391538060962	0.0	-0.8184039860896888
1.8805399838011487	0.0	-0.8233298697530425
1.8820408137962017	0.0	-0.8282383286834691
1.8835416437912547	0.0	-0.8331292802854257
1.8850424737863072	0.0	-0.8380026505149778
1.88654330378136	0.0	-0.8428583358782613
1.888044133776413	0.0	-0.8476962380566283
1.8895449637714654	0.0	-0.8525162743683191
1.8910457937665184	0.0	-0.857318367910677
1.8925466237615713	0.0	-0.862102432748864
1.894047453756624	0.0	-0.866868372350999
1.8955482837516766	0.0	-0.8716161003140266
1.8970491137467296	0.0	-0.8763455348433562
1.8985499437417825	0.0	-0.8810565907065145
1.900050773736835	0.0	-0.8857491816113882
1.901551603731888	0.0	-0.8904232282647971
1.9030524337269408	0.0	-0.8950786455944401
1.9045532637219937	0.0	-0.899715341553697
1.9060540937170463	0.0	-0.904333237268358
1.9075549237120992	0.0	-0.9089322602471093
1.909055753707152	0.0	-0.9135123234338162
1.9105565837022047	0.0	-0.9180733359031562
1.9120574136972575	0.0	-0.9226152233400992
1.9135582436923104	0.0	-0.9271379101974495
1.915059073687363	0.0	-0.931641314557395
1.916559903682416	0.0	-0.9361253547485856
1.9180607336774687	0.0	-0.9405899457110738
1.9195615636725216	0.0	-0.9450350155203526
1.9210623936675741	0.0	-0.9494604978831626
1.922563223662627	0.0	-0.95386630067891
1.92406405365768	0.0	-0.9582523438381323
1.9255648836527326	0.0	-0.9626185665139566
1.9270657136477853	0.0	-0.966964885667292
1.9285665436428383	0.0	-0.971291223643814
1.9300673736378908	0.0	-0.9755975098744031
1.9315682036329438	0.0	-0.9798836647209016
1.9330690336279968	0.0	-0.9841496165422154
1.9345698636230495	0.0	-0.9883952971227984
1.936070693618102	0.0	-0.9926206317409855
1.937571523613155	0.0	-0.9968255437159121
1.939072353608208	0.0	-1.0010099655713833
1.9405731836032605	0.0	-1.0051738346861132
1.9420740135983134	0.0	-1.009317076239885
1.9435748435933662	0.0	-1.0134396106807766
1.9450756735884192	0.0	-1.0175413750301339
1.9465765035834717	0.0	-1.0216223048060415
1.9480773335785246	0.0	-1.0256823261864136
1.9495781635735774	0.0	-1.0297213753423766
1.95107899356863	0.0	-1.0337393823579084
1.9525798235636829	0.0	-1.0377362839093964
1.9540806535587358	0.0	-1.0417120226864394
1.9555814835537884	0.0	-1.0456665203323305
1.9570823135488413	0.0	-1.0495997105907415
1.958583143543894	0.0	-1.053511537888679
1.960083973538947	0.0	-1.05740193733763
1.9615848035339996	0.0	-1.0612708492120184
1.9630856335290525	0.0	-1.0651182069474334
1.9645864635241053	0.0	-1.068943942439271
1.966087293519158	0.0	-1.072748005511676
1.9675881235142108	0.0	-1.076530337437129
1.9690889535092637	0.0	-1.0802908666731057
1.9705897835043162	0.0	-1.084029540948994
1.9720906134993692	0.0	-1.0877463039154809
1.973591443494422	0.0	-1.0914410887987351
1.975092273489475	0.0	-1.0951138422437423
1.9765931034845274	0.0	-1.0987645088746676
1.9780939334795804	0.0	-1.1023930372341313
1.9795947634746334	0.0	-1.1059993710467575
1.981095593469686	0.0	-1.1095834410619747
1.9825964234647386	0.0	-1.1131451970546062
1.9840972534597916	0.0	-1.1166845955273668
1.9855980834548446	0.0	-1.1202015763850326
1.987098913449897	0.0	-1.1236960868271164
1.98859974344495	0.0	-1.1271680808056563
1.9901005734400028	0.0	-1.1306174980036179
1.9916014034350553	0.0	-1.1340442875304466
1.9931022334301083	0.0	-1.137448399259554
1.9946030634251612	0.0	-1.1408297845306812
1.9961038934202138	0.0	-1.1441884007460665
1.9976047234152667	0.0	-1.1475241909649567
1.9991055534103195	0.0	-1.1508371105564719
2.0006063834053722	0.0	-1.1541271110698197
2.002107213400425	0.0	-1.1573941364391276
2.0036080433954777	0.0	-1.1606381514599493
2.005108873390531	0.0	-1.1638591134236365
2.006609703385583	0.0	-1.1670569703059932
2.0081105333806364	0.0	-1.1702316756401063
2.009611363375689	0.0	-1.1733831805685584
2.011112193370742	0.0	-1.1765114494556352
2.0126130233657946	0.0	-1.1796164426855569
2.0141138533608474	0.0	-1.1826981101440606
2.0156146833559005	0.0	-1.1857564173660422
2.017115513350953	0.0	-1.188791322123388
2.0186163433460056	0.0	-1.19180277278622
2.020117173341059	0.0	-1.1947907328316363
2.021618003336111	0.0	-1.1977551682750676
2.0231188333311643	0.0	-1.2006960375908098
2.024619663326217	0.0	-1.2036133057838836
2.0261204933212698	0.0	-1.2065069336697958
2.0276213233163225	0.0	-1.2093768727115188
2.0291221533113752	0.0	-1.2122230958125846
2.0306229833064284	0.0	-1.2150455719088038
2.0321238133014807	0.0	-1.2178442534242833
2.0336246432965335	0.0	-1.2206191111801146
2.0351254732915867	0.0	-1.223370115270383
2.036626303286639	0.0	-1.226097222493561
2.038127133281692	0.0	-1.2288003994072796
2.039627963276745	0.0	-1.231479617498036
2.0411287932717976	0.0	-1.234134842966103
2.0426296232668504	0.0	-1.2367660437491974
2.044130453261903	0.0	-1.239373189805866
2.0456312832569563	0.0	-1.2419562495790404
2.0471321132520086	0.0	-1.2445151907106895
2.048632943247062	0.0	-1.2470499811015439
2.0501337732421145	0.0	-1.2495605911044771
2.0516346032371673	0.0	-1.2520470013367184
2.05313543323222	0.0	-1.254509180906567
2.0546362632272728	0.0	-1.2569470948929895
2.0561370932223255	0.0	-1.259360722952099
2.0576379232173783	0.0	-1.2617500298548077
2.059138753212431	0.0	-1.2641149882335603
2.060639583207484	0.0	-1.2664555836837361
2.0621404132025365	0.0	-1.2687717862624701
2.0636412431975897	0.0	-1.2710635690704537
2.0651420731926424	0.0	-1.2733309156575938
2.066642903187695	0.0	-1.2755737924459927
2.068143733182748	0.0	-1.2777921700102706
2.0696445631778007	0.0	-1.2799860417087974
2.071145393172854	0.0	-1.2821553801863537
2.072646223167906	0.0	-1.2843001544649852
2.074147053162959	0.0	-1.286420350817811
2.075647883158012	0.0	-1.2885159513776747
2.0771487131530644	0.0	-1.290586931118251
2.0786495431481176	0.0	-1.2926332706937278
2.0801503731431703	0.0	-1.2946549473820304
2.081651203138223	0.0	-1.2966519438335247
2.083152033133276	0.0	-1.2986242501411955
2.0846528631283285	0.0	-1.3005718352654962
2.0861536931233817	0.0	-1.302494686046343
2.087654523118434	0.0	-1.304392795780477
2.089155353113487	0.0	-1.3062661302492196
2.09065618310854	0.0	-1.3081146715238312
2.0921570131035927	0.0	-1.3099384179038456
2.0936578430986454	0.0	-1.3117373515467399
2.095158673093698	0.0	-1.3135114557313439
2.096659503088751	0.0	-1.3152607166814823
2.0981603330838037	0.0	-1.3169851128826213
2.0996611630788564	0.0	-1.3186846377424075
2.1011619930739096	0.0	-1.3203592803434019
2.102662823068962	0.0	-1.3220090197748744
2.104163653064015	0.0	-1.3236338443800535
2.105664483059068	0.0	-1.3252337455703895
2.1071653130541206	0.0	-1.3268087158047113
2.1086661430491733	0.0	-1.3283587367845853
2.110166973044226	0.0	-1.3298837935632315
2.111667803039279	0.0	-1.3313838866458543
2.1131686330343316	0.0	-1.3328590094524122
2.1146694630293843	0.0	-1.3343091373262412
2.1161702930244375	0.0	-1.335734259842786
2.11767112301949	0.0	-1.3371343836067309
2.119171953014543	0.0	-1.3385094939670061
2.1206727830095957	0.0	-1.339859576260244
2.1221736130046485	0.0	-1.3411846317679363
2.123674442999701	0.0	-1.3424846474655525
2.125175272994754	0.0	-1.3437596118565114
2.126676102989807	0.0	-1.3450095291549884
2.1281769329848594	0.0	-1.346234393249192
2.129677762979912	0.0	-1.347434194034939
2.1311785929749654	0.0	-1.3486089220488038
2.132679422970018	0.0	-1.3497585741979177
2.134180252965071	0.0	-1.350883149804564
2.1356810829601236	0.0	-1.3519826397380144
2.1371819129551763	0.0	-1.3530570384040044
2.138682742950229	0.0	-1.354106343190232
2.140183572945282	0.0	-1.355130562672921
2.141684402940335	0.0	-1.3561296875981355
2.1431852329353873	0.0	-1.3571037054095765
2.1446860629304405	0.0	-1.3580526227365661
2.1461868929254933	0.0	-1.3589764282673593
2.147687722920546	0.0	-1.3598751316994997
2.1491885529155987	0.0	-1.3607487366310658
2.1506893829106515	0.0	-1.3615972246157644
2.1521902129057042	0.0	-1.3624206025047212
2.153691042900757	0.0	-1.3632188741917468
2.1551918728958097	0.0	-1.3639920402313355
2.156692702890863	0.0	-1.364740095164766
2.158193532885915	0.0	-1.3654630378953672
2.1596943628809684	0.0	-1.3661608794268343
2.161195192876021	0.0	-1.3668336105175387
2.162696022871074	0.0	-1.367481237858425
2.1641968528661266	0.0	-1.368103773673085
2.1656976828611794	0.0	-1.3687012026573773
2.1671985128562326	0.0	-1.3692735300851928
2.168699342851285	0.0	-1.3698207691166147
2.1702001728463376	0.0	-1.370342920244528
2.171701002841391	0.0	-1.3708399819533028
2.1732018328364435	0.0	-1.3713119552533595
2.1747026628314963	0.0	-1.3717588575805708
2.176203492826549	0.0	-1.372180685472404
2.1777043228216018	0.0	-1.3725774372037571
2.1792051528166545	0.0	-1.3729491295943947
2.1807059828117072	0.0	-1.3732957663163219
2.1822068128067604	0.0	-1.3736173493410861
2.1837076428018127	0.0	-1.373913882291406
2.1852084727968655	0.0	-1.374185375542551
2.1867093027919187	0.0	-1.374431834158932
2.1882101327869714	0.0	-1.3746532646220113
2.189710962782024	0.0	-1.3748496787733955
2.191211792777077	0.0	-1.3750210797675602
2.1927126227721296	0.0	-1.3751674796309452
2.1942134527671824	0.0	-1.3752888880857423
2.195714282762235	0.0	-1.3753852995623312
2.1972151127572883	0.0	-1.3754567281695977
2.198715942752341	0.0	-1.3755031972703782
2.200216772747394	0.0	-1.3755247063964293
2.2017176027424465	0.0	-1.3755212589609944
2.2032184327374993	0.0	-1.3754928767127037
2.204719262732552	0.0	-1.3754395634837526
2.2062200927276048	0.0	-1.3753613217139324
2.2077209227226575	0.0	-1.3752581779698434
2.2092217527177103	0.0	-1.3751301411480934
2.210722582712763	0.0	-1.3749772118278225
2.212223412707816	0.0	-1.374799405424069
2.213724242702869	0.0	-1.3745967345670587
2.2152250726979217	0.0	-1.3743692192679948
2.2167259026929744	0.0	-1.374116873820599
2.218226732688027	0.0	-1.3738396989888455
2.21972756268308	0.0	-1.3735377002684193
2.2212283926781327	0.0	-1.3732109035235631
2.222729222673186	0.0	-1.3728593332014585
2.224230052668238	0.0	-1.372482992703027
2.225730882663291	0.0	-1.3720818956319512
2.227231712658344	0.0	-1.3716560555549322
2.228732542653397	0.0	-1.371205483032074
2.2302333726484496	0.0	-1.3707302003048996
2.2317342026435023	0.0	-1.3702302314016397
2.233235032638555	0.0	-1.369705580782918
2.234735862633608	0.0	-1.3691562593785036
2.2362366926286605	0.0	-1.3685822969217971
2.2377375226237137	0.0	-1.3679837014838176
2.2392383526187665	0.0	-1.3673604868530687
2.2407391826138188	0.0	-1.3667126870264314
2.242240012608872	0.0	-1.3660403102844032
2.2437408426039247	0.0	-1.3653433645131647
2.2452416725989774	0.0	-1.3646218853114802
2.24674250259403	0.0	-1.363875881181641
2.248243332589083	0.0	-1.3631053636695174
2.2497441625841357	0.0	-1.3623103716885347
2.2512449925791884	0.0	-1.3614909148746306
2.2527458225742416	0.0	-1.3606470029992808
2.2542466525692944	0.0	-1.3597786737683277
2.255747482564347	0.0	-1.3588859404773983
2.2572483125594	0.0	-1.3579688138098176
2.2587491425544526	0.0	-1.3570273322477198
2.2602499725495053	0.0	-1.356061508433657
2.261750802544558	0.0	-1.3550713591750718
2.263251632539611	0.0	-1.3540569165588943
2.2647524625346636	0.0	-1.353018200620979
2.2662532925297163	0.0	-1.3519552365355116
2.2677541225247695	0.0	-1.3508680382142295
2.2692549525198222	0.0	-1.3497566263830345
2.270755782514875	0.0	-1.348621039277612
2.2722566125099277	0.0	-1.3474613003963374
2.2737574425049805	0.0	-1.3462774252281926
2.275258272500033	0.0	-1.3450694322564303
2.276759102495086	0.0	-1.3438373573878557
2.278259932490139	0.0	-1.3425812352724151
2.279760762485192	0.0	-1.3413010739441595
2.281261592480244	0.0	-1.339996902951658
2.2827624224752974	0.0	-1.3386687572652436
2.28426325247035	0.0	-1.337316655405123
2.285764082465403	0.0	-1.3359406315160334
2.2872649124604556	0.0	-1.334540712756058
2.2887657424555083	0.0	-1.3331169175098565
2.290266572450561	0.0	-1.3316692780245536
2.291767402445614	0.0	-1.3301978276193145
2.293268232440667	0.0	-1.328702592873048
2.2947690624357198	0.0	-1.3271836063162923
2.2962698924307725	0.0	-1.3256408946758393
2.2977707224258253	0.0	-1.3240744823126016
2.299271552420878	0.0	-1.322484408595942
2.3007723824159307	0.0	-1.3208707047748833
2.3022732124109835	0.0	-1.3192333979212139
2.3037740424060362	0.0	-1.3175725165854242
2.3052748724010894	0.0	-1.3158880958733714
2.3067757023961417	0.0	-1.3141801735648393
2.308276532391195	0.0	-1.312448774747774
2.3097773623862476	0.0	-1.310693929685403
2.3112781923813004	0.0	-1.3089156831688336
2.312779022376353	0.0	-1.3071140704641229
2.314279852371406	0.0	-1.305289111779628
2.3157806823664586	0.0	-1.3034408463245033
2.3172815123615114	0.0	-1.3015693170661584
2.318782342356564	0.0	-1.2996745509162002
2.3202831723516173	0.0	-1.297756589498931
2.3217840023466696	0.0	-1.2958154737732561
2.323284832341723	0.0	-1.2938512272375426
2.3247856623367755	0.0	-1.291863887018514
2.3262864923318283	0.0	-1.2898535020105282
2.327787322326881	0.0	-1.2878201153534932
2.3292881523219338	0.0	-1.2857637535647533
2.3307889823169865	0.0	-1.2836844476838367
2.3322898123120392	0.0	-1.2815822470733667
2.3337906423070924	0.0	-1.2794571968078536
2.335291472302145	0.0	-1.27730933451918
2.3367923022971975	0.0	-1.2751386961634683
2.3382931322922507	0.0	-1.2729453210977382
2.3397939622873034	0.0	-1.2707292502069307
2.341294792282356	0.0	-1.2684905335806753
2.342795622277409	0.0	-1.2662292123503949
2.3442964522724616	0.0	-1.263945321338543
2.345797282267515	0.0	-1.261638911435665
2.347298112262567	0.0	-1.259310021308751
2.3487989422576203	0.0	-1.256958697732769
2.350299772252673	0.0	-1.254584985289314
2.351800602247726	0.0	-1.2521889239515251
2.3533014322427785	0.0	-1.2497705702535296
2.3548022622378313	0.0	-1.247329961950441
2.356303092232884	0.0	-1.2448671407035299
2.3578039222279368	0.0	-1.2423821551360767
2.3593047522229895	0.0	-1.239875059921562
2.3608055822180427	0.0	-1.2373459107192417
2.362306412213095	0.0	-1.234794736929798
2.363807242208148	0.0	-1.232221586930077
2.365308072203201	0.0	-1.2296265262863686
2.3668089021982537	0.0	-1.227009593616341
2.3683097321933064	0.0	-1.2243708364589374
2.369810562188359	0.0	-1.2217103129255114
2.371311392183412	0.0	-1.2190280701237202
2.3728122221784647	0.0	-1.2163241615318092
2.374313052173518	0.0	-1.2135986406526211
2.3758138821685706	0.0	-1.2108515571691596
2.377314712163623	0.0	-1.2080829557492918
2.378815542158676	0.0	-1.2052928970550663
2.380316372153729	0.0	-1.2024814455560913
2.3818172021487816	0.0	-1.1996486438747433
2.3833180321438343	0.0	-1.1967945408684493
2.384818862138887	0.0	-1.193919202189725
2.3863196921339402	0.0	-1.1910226868124785
2.3878205221289925	0.0	-1.1881050416225563
2.3893213521240457	0.0	-1.1851663237825405
2.3908221821190985	0.0	-1.1822065953715437
2.3923230121141508	0.0	-1.1792259107549348
2.393823842109204	0.0	-1.1762243310753528
2.3953246721042567	0.0	-1.1732019153806437
2.3968255020993094	0.0	-1.1701587180855166
2.398326332094362	0.0	-1.1670948025505716
2.399827162089415	0.0	-1.1640102290928247
2.401327992084468	0.0	-1.1609050572283761
2.4028288220795204	0.0	-1.1577793471510571
2.4043296520745736	0.0	-1.154633161987303
2.4058304820696264	0.0	-1.1514665606987053
2.407331312064679	0.0	-1.1482796033682081
2.408832142059732	0.0	-1.1450723658017865
2.4103329720547846	0.0	-1.1418449063202696
2.4118338020498373	0.0	-1.1385972797203685
2.41333463204489	0.0	-1.1353295617218417
2.414835462039943	0.0	-1.1320418164245847
2.416336292034996	0.0	-1.1287340954215153
2.4178371220300483	0.0	-1.125406468936739
2.4193379520251015	0.0	-1.122059021364789
2.4208387820201542	0.0	-1.1186918160539305
2.422339612015207	0.0	-1.1153049072587011
2.4238404420102597	0.0	-1.1118983641803866
2.4253412720053125	0.0	-1.1084722566487553
2.4268421020003657	0.0	-1.1050266532613549
2.428342931995418	0.0	-1.1015616281606526
2.429843761990471	0.0	-1.0980772522976958
2.431344591985524	0.0	-1.0945735933582104
2.432845421980576	0.0	-1.0910507238581622
2.4343462519756294	0.0	-1.0875087129372536
2.435847081970682	0.0	-1.0839476276773803
2.437347911965735	0.0	-1.080367545005851
2.4388487419607876	0.0	-1.0767685400139968
2.4403495719558403	0.0	-1.073150682297422
2.4418504019508935	0.0	-1.0695140464668669
2.443351231945946	0.0	-1.0658587120742726
2.444852061940999	0.0	-1.062184749479265
2.4463528919360518	0.0	-1.0584922289428245
2.447853721931104	0.0	-1.0547812316187977
2.4493545519261573	0.0	-1.0510518306639125
2.45085538192121	0.0	-1.0473041030300925
2.452356211916263	0.0	-1.0435381313252343
2.4538570419113155	0.0	-1.0397539904311195
2.4553578719063682	0.0	-1.0359517541945416
2.4568587019014214	0.0	-1.0321315007750487
2.4583595318964737	0.0	-1.0282933116221427
2.459860361891527	0.0	-1.024437261827173
2.4613611918865796	0.0	-1.0205634372880092
2.4628620218816324	0.0	-1.0166719209821213
2.464362851876685	0.0	-1.0127627834169532
2.465863681871738	0.0	-1.0088361131273413
2.467364511866791	0.0	-1.0048919904785147
2.4688653418618434	0.0	-1.0009304916214254
2.470366171856896	0.0	-0.9969517042529704
2.4718670018519493	0.0	-0.9929557111782052
2.4733678318470016	0.0	-0.9889425950911694
2.474868661842055	0.0	-0.9849124380821456
2.4763694918371075	0.0	-0.9808653213789358
2.4778703218321603	0.0	-0.9768013353277022
2.479371151827213	0.0	-0.9727205657030363
2.4808719818222658	0.0	-0.9686230915886427
2.482372811817319	0.0	-0.964509001654878
2.4838736418123712	0.0	-0.9603783814176099
2.4853744718074244	0.0	-0.9562313205945737
2.486875301802477	0.0	-0.9520679054039825
2.4883761317975295	0.0	-0.9478882077580264
2.4898769617925827	0.0	-0.943692329326946
2.4913777917876354	0.0	-0.939480370832192
2.492878621782688	0.0	-0.9352524060958692
2.494379451777741	0.0	-0.931008521755142
2.4958802817727936	0.0	-0.926748807232035
2.497381111767847	0.0	-0.9224733519239022
2.498881941762899	0.0	-0.9181822514014816
2.5003827717579523	0.0	-0.9138756006933931
2.501883601753005	0.0	-0.9095534821486803
2.503384431748058	0.0	-0.9052159776974351
2.5048852617431105	0.0	-0.9008631888497445
2.5063860917381633	0.0	-0.8964952163147053
2.5078869217332165	0.0	-0.8921121450536953
2.509387751728269	0.0	-0.8877140618147659
2.5108885817233215	0.0	-0.8833010597165855
2.5123894117183747	0.0	-0.8788732322721221
2.513890241713427	0.0	-0.8744306819771653
2.51539107170848	0.0	-0.8699734985371521
2.516891901703533	0.0	-0.8655017668395046
2.5183927316985857	0.0	-0.8610155866691634
2.5198935616936384	0.0	-0.8565150580328801
2.521394391688691	0.0	-0.8520002746284465
2.5228952216837444	0.0	-0.8474713219347434
2.5243960516787967	0.0	-0.84292829987225
2.5258968816738494	0.0	-0.8383713184040735
2.5273977116689026	0.0	-0.8338004614195057
2.528898541663955	0.0	-0.8292158133007821
2.530399371659008	0.0	-0.8246174843190371
2.531900201654061	0.0	-0.8200055775122523
2.5334010316491136	0.0	-0.8153801809839407
2.5349018616441663	0.0	-0.8107413903048403
2.536402691639219	0.0	-0.8060893123082391
2.5379035216342722	0.0	-0.8014240426388123
2.5394043516293245	0.0	-0.7967456695109227
2.5409051816243777	0.0	-0.7920542933996139
2.5424060116194305	0.0	-0.7873500197457071
2.5439068416144828	0.0	-0.7826329534108447
2.545407671609536	0.0	-0.77790318444546
2.5469085016045887	0.0	-0.7731608008914824
2.5484093315996414	0.0	-0.7684059203024107
2.549910161594694	0.0	-0.7636386478356535
2.551410991589747	0.0	-0.7588590633019496
2.5529118215848	0.0	-0.7540672736207301
2.5544126515798524	0.0	-0.7492633857607663
2.5559134815749056	0.0	-0.7444474938881238
2.5574143115699584	0.0	-0.7396197028891152
2.558915141565011	0.0	-0.7347801065847175
2.560415971560064	0.0	-0.7299288098859138
2.5619168015551166	0.0	-0.7250659240372802
2.5634176315501698	0.0	-0.7201915397299933
2.564918461545222	0.0	-0.7153057605565432
2.566419291540275	0.0	-0.7104086892345304
2.567920121535328	0.0	-0.7055004201887809
2.5694209515303803	0.0	-0.7005810633207262
2.5709217815254335	0.0	-0.6956507212986814
2.5724226115204862	0.0	-0.69070949516446
2.573923441515539	0.0	-0.6857574891143641
2.5754242715105917	0.0	-0.68079480165181
2.5769251015056445	0.0	-0.6758215351740355
2.5784259315006977	0.0	-0.6708377915114716
2.57992676149575	0.0	-0.6658436787172367
2.581427591490803	0.0	-0.6608393017515619
2.582928421485856	0.0	-0.6558247607074711
2.584429251480908	0.0	-0.6508001594116001
2.5859300814759614	0.0	-0.6457655941616844
2.587430911471014	0.0	-0.6407211696591945
2.588931741466067	0.0	-0.6356669982084012
2.5904325714611196	0.0	-0.6306031776350828
2.5919334014561723	0.0	-0.6255298115563255
2.5934342314512255	0.0	-0.6204470094792426
2.594935061446278	0.0	-0.6153548672210902
2.596435891441331	0.0	-0.6102534877705462
2.5979367214363838	0.0	-0.6051429826802326
2.5994375514314365	0.0	-0.6000234546307998
2.6009383814264893	0.0	-0.5948950007209541
2.602439211421542	0.0	-0.5897577275498197
2.6039400414165947	0.0	-0.5846117429856541
2.6054408714116475	0.0	-0.5794571483906331
2.6069417014067002	0.0	-0.5742940490946912
2.6084425314017534	0.0	-0.5691225444145511
2.6099433613968057	0.0	-0.5639427406658685
2.611444191391859	0.0	-0.5587547481320758
2.6129450213869116	0.0	-0.5535586668815451
2.6144458513819644	0.0	-0.5483545981901986
2.615946681377017	0.0	-0.5431426430628811
2.61744751137207	0.0	-0.5379229136313196
2.618948341367123	0.0	-0.5326955187372502
2.6204491713621754	0.0	-0.5274605526699789
2.621950001357228	0.0	-0.5222181180115487
2.6234508313522813	0.0	-0.5169683205108087
2.6249516613473336	0.0	-0.5117112654730599
2.626452491342387	0.0	-0.5064470586102195
2.6279533213374395	0.0	-0.5011758003356371
2.6294541513324923	0.0	-0.4958975929849484
2.630954981327545	0.0	-0.49061254801220516
2.6324558113225978	0.0	-0.4853207693179435
2.633956641317651	0.0	-0.48002235159804857
2.6354574713127032	0.0	-0.47471740403927104
2.6369583013077564	0.0	-0.46940603147865695
2.638459131302809	0.0	-0.4640883352907174
2.639959961297862	0.0	-0.4587644199304786
2.6414607912929147	0.0	-0.4534343824473621
2.6429616212879674	0.0	-0.448098330598757
2.64446245128302	0.0	-0.4427563774406021
2.645963281278073	0.0	-0.437408614970195
2.6474641112731256	0.0	-0.4320551358749175
2.648964941268179	0.0	-0.42669606091207946
2.650465771263231	0.0	-0.4213315007100725
2.6519666012582843	0.0	-0.41596153905971067
2.653467431253337	0.0	-0.4105862771383274
2.65496826124839	0.0	-0.40520583302929675
2.6564690912434425	0.0	-0.39982029930907664
2.6579699212384953	0.0	-0.3944297747891292
2.6594707512335485	0.0	-0.38903437227898613
2.660971581228601	0.0	-0.38363419219199657
2.6624724112236535	0.0	-0.37822933559462574
2.6639732412187067	0.0	-0.37281989571639196
2.665474071213759	0.0	-0.3674059762237223
2.666974901208812	0.0	-0.3619876888664163
2.668475731203865	0.0	-0.3565651315317612
2.6699765611989177	0.0	-0.3511384050890816
2.6714773911939704	0.0	-0.3457076115659675
2.672978221189023	0.0	-0.3402728472478191
2.6744790511840764	0.0	-0.3348342087035046
2.6759798811791287	0.0	-0.329391807793729
2.6774807111741814	0.0	-0.32394574961426226
2.6789815411692346	0.0	-0.3184961234762048
2.6804823711642873	0.0	-0.31304303257772875
2.68198320115934	0.0	-0.30758658266771993
2.683484031154393	0.0	-0.3021268686145707
2.6849848611494456	0.0	-0.2966639848800389
2.6864856911444983	0.0	-0.29119803802629823
2.687986521139551	0.0	-0.28572913386378085
2.6894873511346042	0.0	-0.28025736647226157
2.6909881811296565	0.0	-0.27478283388699404
2.6924890111247097	0.0	-0.26930563490710524
2.6939898411197625	0.0	-0.2638258675800915
2.695490671114815	0.0	-0.25834363613924216
2.696991501109868	0.0	-0.25285903945763966
2.6984923311049207	0.0	-0.2473721735126567
2.6999931610999734	0.0	-0.241883134441912
2.701493991095026	0.0	-0.23639202283126207
2.702994821090079	0.0	-0.2308989383300903
2.704495651085132	0.0	-0.22540397434049622
2.7059964810801844	0.0	-0.2199072351449989
2.7074973110752376	0.0	-0.214408818470732
2.7089981410702904	0.0	-0.20890881711594583
2.710498971065343	0.0	-0.2034073317774393
2.711999801060396	0.0	-0.1979044592582082
2.7135006310554486	0.0	-0.19240029413089715
2.7150014610505018	0.0	-0.18689493465249668
2.716502291045554	0.0	-0.18138847972075953
2.718003121040607	0.0	-0.17588102573202827
2.71950395103566	0.0	-0.17037266584192132
2.7210047810307127	0.0	-0.16486349214634347
2.7225056110257655	0.0	-0.15935361054203595
2.7240064410208182	0.0	-0.15384312099876332
2.725507271015871	0.0	-0.14833210627224075
2.7270081010109237	0.0	-0.14282066137873453
2.7285089310059765	0.0	-0.1373088939893248
2.7300097610010297	0.0	-0.13179689612605336
2.731510590996082	0.0	-0.12628474920149058
2.7330114209911347	0.0	-0.12077256335117674
2.734512250986188	0.0	-0.11526043707854655
2.7360130809812406	0.0	-0.10974844904833454
2.7375139109762934	0.0	-0.10423669936591799
2.739014740971346	0.0	-0.09872528610342654
2.740515570966399	0.0	-0.09321430432639316
2.7420164009614516	0.0	-0.08770384625394471
2.7435172309565043	0.0	-0.08219400101235781
2.7450180609515575	0.0	-0.07668486470224571
2.7465188909466103	0.0	-0.0711765340156803
2.748019720941663	0.0	-0.06566909754909986
2.7495205509367158	0.0	-0.060162654927199
2.7510213809317685	0.0	-0.05465729977386965
2.7525222109268213	0.0	-0.04915311421641838
2.754023040921874	0.0	-0.043650197608462324
2.7555238709169267	0.0	-0.038148645643980024
2.7570247009119795	0.0	-0.032648546635978624
2.7585255309070322	0.0	-0.02714999263111476
2.7600263609020854	0.0	-0.02165307489965161
2.761527190897138	0.0	-0.01615788903703445
2.763028020892191	0.0	-0.010664528100329905
2.7645288508872436	0.0	-0.0051730782214236
2.7660296808822964	0.0	0.0003163639938292009
2.767530510877349	0.0	0.005803711982126879
2.769031340872402	0.0	0.011288875730060413
2.770532170867455	0.0	0.01677175510761923
2.7720330008625074	0.0	0.02225226479611318
2.77353383085756	0.0	0.027730316864610517
2.7750346608526133	0.0	0.0332058161611767
2.776535490847666	0.0	0.03867867156342246
2.778036320842719	0.0	0.044148798836967595
2.7795371508377715	0.0	0.049616103680244966
2.7810379808328243	0.0	0.05508048963531019
2.782538810827877	0.0	0.060541874636439987
2.7840396408229298	0.0	0.0660001710484504
2.785540470817983	0.0	0.07145528406453232
2.7870413008130357	0.0	0.0769071249896402
2.7885421308080884	0.0	0.08235560387191132
2.790042960803141	0.0	0.08780063000794477
2.791543790798194	0.0	0.09324211562688843
2.7930446207932467	0.0	0.09867996889154282
2.7945454507882994	0.0	0.10411410332493394
2.796046280783352	0.0	0.10954443623296689
2.797547110778405	0.0	0.11497087588944013
2.7990479407734576	0.0	0.12039332528186368
2.800548770768511	0.0	0.12581169688586652
2.8020496007635636	0.0	0.13122591126039462
2.8035504307586163	0.0	0.13663587564416613
2.805051260753669	0.0	0.14204149720196227
2.806552090748722	0.0	0.14744269231545776
2.8080529207437745	0.0	0.15283936966508582
2.8095537507388273	0.0	0.1582314450534902
2.81105458073388	0.0	0.16361883537990435
2.812555410728933	0.0	0.16900144391526936
2.8140562407239855	0.0	0.17437918267931288
2.8155570707190387	0.0	0.17975197102341184
2.8170579007140915	0.0	0.1851197145597455
2.818558730709144	0.0	0.19048232328716597
2.820059560704197	0.0	0.19583971794946162
2.8215603906992497	0.0	0.20119180950666493
2.8230612206943024	0.0	0.20653851404473988
2.824562050689355	0.0	0.21187974044124167
2.8260628806844084	0.0	0.2172153947642879
2.827563710679461	0.0	0.22254539637757217
2.8290645406745134	0.0	0.22786965892730554
2.8305653706695666	0.0	0.2331880968113667
2.8320662006646193	0.0	0.2385006233063375
2.833567030659672	0.0	0.2438071512574947
2.835067860654725	0.0	0.2491075915508783
2.8365686906497776	0.0	0.25440185334745624
2.8380695206448303	0.0	0.25968985501286573
2.839570350639883	0.0	0.2649715121525176
2.8410711806349362	0.0	0.2702467404704667
2.842572010629989	0.0	0.2755154529351936
2.8440728406250417	0.0	0.2807775549986868
2.8455736706200945	0.0	0.2860329653469647
2.847074500615147	0.0	0.29128159910488494
2.8485753306102	0.0	0.29652336486659003
2.8500761606052527	0.0	0.30175818486686856
2.8515769906003055	0.0	0.30698597318318105
2.853077820595358	0.0	0.3122066367092498
2.854578650590411	0.0	0.31742008928844484
2.856079480585464	0.0	0.3226262489536317
2.857580310580517	0.0	0.3278250315321429
2.8590811405755696	0.0	0.33301634873558617
2.8605819705706224	0.0	0.3382001153314695
2.862082800565675	0.0	0.3433762452741054
2.863583630560728	0.0	0.3485446535651663
2.8650844605557806	0.0	0.3537052538754966
2.8665852905508338	0.0	0.35885796067691206
2.8680861205458865	0.0	0.36400268865072244
2.869586950540939	0.0	0.3691393510488208
2.871087780535992	0.0	0.37426786199798984
2.8725886105310448	0.0	0.3793881389766604
2.8740894405260975	0.0	0.3845001005599084
2.8755902705211502	0.0	0.38960365535423014
2.877091100516203	0.0	0.39469871646366317
2.8785919305112557	0.0	0.39978519996185474
2.8800927605063085	0.0	0.4048630199510098
2.8815935905013617	0.0	0.40993209501850253
2.8830944204964144	0.0	0.4149923369129459
2.8845952504914667	0.0	0.4200436613753636
2.88609608048652	0.0	0.42508598907558837
2.8875969104815726	0.0	0.43011922583529366
2.8890977404766254	0.0	0.43514328880017555
2.890598570471678	0.0	0.44015809760502367
2.892099400466731	0.0	0.44516355780041544
2.893600230461784	0.0	0.4501595916704429
2.8951010604568364	0.0	0.45514611934274707
2.8966018904518895	0.0	0.4601230450494309
2.8981027204469423	0.0	0.4650902850120526
2.899603550441995	0.0	0.47004776400376075
2.9011043804370478	0.0	0.4749953917646652
2.9026052104321005	0.0	0.4799330780225036
2.9041060404271533	0.0	0.4848607423135323
2.905606870422206	0.0	0.489778301364496
2.9071077004172587	0.0	0.49468567143393977
2.908608530412312	0.0	0.49958276626664494
2.9101093604073642	0.0	0.5044695008889173
2.9116101904024174	0.0	0.5093457910048305
2.91311102039747	0.0	0.5142115502112733
2.914611850392523	0.0	0.5190666976131785
2.9161126803875757	0.0	0.5239111464994631
2.9176135103826284	0.0	0.5287448131902741
2.919114340377681	0.0	0.5335676155213362
2.920615170372734	0.0	0.5383794606327791
2.922116000367787	0.0	0.5431802682826513
2.92361683036284	0.0	0.5479699611369723
2.925117660357892	0.0	0.5527484516220675
2.9266184903529453	0.0	0.5575156524353952
2.928119320347998	0.0	0.5622714772847685
2.929620150343051	0.0	0.567015847382212
2.9311209803381035	0.0	0.5717486806497597
2.9326218103331563	0.0	0.5764698861004873
2.9341226403282095	0.0	0.5811793814839216
2.9356234703232618	0.0	0.5858770845741854
2.937124300318315	0.0	0.5905629148335985
2.9386251303133677	0.0	0.5952367877074178
2.94012596030842	0.0	0.599898610964163
2.941626790303473	0.0	0.6045483060746565
2.943127620298526	0.0	0.6091857964566226
2.9446284502935787	0.0	0.613810988757284
2.9461292802886314	0.0	0.6184237998635759
2.947630110283684	0.0	0.6230241601059573
2.9491309402787373	0.0	0.6276119742463511
2.9506317702737896	0.0	0.6321871473547814
2.952132600268843	0.0	0.6367496116839202
2.9536334302638956	0.0	0.6412992918097756
2.9551342602589483	0.0	0.6458360955994927
2.956635090254001	0.0	0.6503599386707991
2.958135920249054	0.0	0.6548707394139838
2.9596367502441066	0.0	0.6593684102184036
2.9611375802391593	0.0	0.6638528694496774
2.962638410234212	0.0	0.6683240422752347
2.9641392402292652	0.0	0.6727818469621426
2.9656400702243175	0.0	0.6772261933244664
2.9671409002193707	0.0	0.6816569985632902
2.9686417302144235	0.0	0.6860741861641352
2.970142560209476	0.0	0.6904776725149454
2.971643390204529	0.0	0.6948673748168235
2.9731442201995817	0.0	0.6992432145898957
2.974645050194635	0.0	0.703605106620219
2.976145880189687	0.0	0.7079529686202777
2.9776467101847404	0.0	0.7122867206992933
2.979147540179793	0.0	0.7166062772243528
2.9806483701748454	0.0	0.7209115637325523
2.9821492001698986	0.0	0.7252025016823975
2.9836500301649513	0.0	0.7294790036111196
2.985150860160004	0.0	0.7337409879582371
2.986651690155057	0.0	0.7379883754429234
2.9881525201501096	0.0	0.7422210891070598
2.9896533501451628	0.0	0.7464390465707557
2.991154180140215	0.0	0.7506421653309352
2.9926550101352682	0.0	0.7548303694460297
2.994155840130321	0.0	0.7590035809413515
2.9956566701253737	0.0	0.7631617112389931
2.9971575001204265	0.0	0.7673046841324848
2.998658330115479	0.0	0.7704043183785214
3.000159160110532	0.0	0.7714362626695491
