0.0	0.0	1.9999247439418875
0.0015008299950527925	0.0	1.9999021307699227
0.003001659990105585	0.0	1.9998252107462522
0.004502489985158378	0.0	1.9996984034180876
0.00600331998021117	0.0	1.9995351106423571
0.0075041499752639615	0.0	1.9993350361398379
0.009004979970316756	0.0	1.9990978133425474
0.010505809965369548	0.0	1.9988233149309016
0.01200663996042234	0.0	1.9985116375406158
0.01350746995547513	0.0	1.9981626739726635
0.015008299950527923	0.0	1.9977760322479428
0.016509129945580715	0.0	1.997351267621713
0.01800995994063351	0.0	1.9968879194262177
0.019510789935686303	0.0	1.9963855625754678
0.021011619930739096	0.0	1.9958437076121482
0.022512449925791888	0.0	1.9952611764626045
0.02401327992084468	0.0	1.9946356982545164
0.02551410991589747	0.0	1.9939645517924964
0.02701493991095026	0.0	1.9932456859818595
0.028515769906003054	0.0	1.9924789922737505
0.030016599901055846	0.0	1.9916670880105836
0.03151742989610864	0.0	1.9908134138859004
0.03301825989116143	0.0	1.9899197042430747
0.03451908988621422	0.0	1.9889862694362814
0.03601991988126702	0.0	1.9880131496167794
0.037520749876319814	0.0	1.987000375367706
0.03902157987137261	0.0	1.985947970780846
0.0405224098664254	0.0	1.984855957731666
0.04202323986147819	0.0	1.983724358283396
0.043524069856530984	0.0	1.9825531956900715
0.045024899851583776	0.0	1.9813424973790827
0.04652572984663657	0.0	1.980092292679172
0.04802655984168936	0.0	1.9788026106516106
0.04952738983674215	0.0	1.9774734813647277
0.05102821983179494	0.0	1.9761049361951002
0.05252904982684774	0.0	1.974697007077891
0.05402987982190052	0.0	1.973249726273379
0.05553070981695332	0.0	1.971763125849677
0.05703153981200611	0.0	1.9702372365468808
0.05853236980705891	0.0	1.9686720887681766
0.06003319980211169	0.0	1.96706771443415
0.06153402979716449	0.0	1.9654241473321792
0.06303485979221728	0.0	1.9637414229397385
0.06453568978727008	0.0	1.9620195782455299
0.06603651978232286	0.0	1.960258650762139
0.06753734977737566	0.0	1.9584586779218105
0.06903817977242845	0.0	1.9566196979294288
0.07053900976748124	0.0	1.9547417499737594
0.07203983976253404	0.0	1.952824873597995
0.07354066975758683	0.0	1.9508691088285728
0.07504149975263963	0.0	1.9488744967147766
0.07654232974769241	0.0	1.9468410787543389
0.07804315974274521	0.0	1.944768896561427
0.079543989737798	0.0	1.942657992957897
0.0810448197328508	0.0	1.9405084122798988
0.08254564972790358	0.0	1.9383201997774184
0.08404647972295638	0.0	1.9360934015576983
0.08554730971800917	0.0	1.9338280644238168
0.08704813971306197	0.0	1.9315242358546598
0.08854896970811475	0.0	1.9291819639914756
0.09004979970316755	0.0	1.926801297666281
0.09155062969822034	0.0	1.9243822869401976
0.09305145969327314	0.0	1.9219249828102563
0.09455228968832592	0.0	1.9194294368833658
0.09605311968337872	0.0	1.916895701531048
0.0975539496784315	0.0	1.9143238299126841
0.0990547796734843	0.0	1.9117138760710244
0.10055560966853709	0.0	1.9090658948711134
0.10205643966358988	0.0	1.9063799417964087
0.10355726965864268	0.0	1.9036560734166377
0.10505809965369547	0.0	1.900894347131174
0.10655892964874826	0.0	1.898094820645143
0.10805975964380105	0.0	1.8952575526711863
0.10956058963885383	0.0	1.8923826031705244
0.11106141963390664	0.0	1.8894700329166758
0.11256224962895943	0.0	1.8865199032080129
0.11406307962401221	0.0	1.8835322760504882
0.115563909619065	0.0	1.880507214495296
0.11706473961411781	0.0	1.8774447826150167
0.1185655696091706	0.0	1.8743450452346846
0.12006639960422338	0.0	1.871208067530118
0.1215672295992762	0.0	1.8680339157934203
0.12306805959432898	0.0	1.8648226578928118
0.12456888958938177	0.0	1.8615743618890483
0.12606971958443455	0.0	1.8582890961701555
0.12757054957948735	0.0	1.854966930487517
0.12907137957454015	0.0	1.8516079359776325
0.13057220956959295	0.0	1.8482121840411254
0.13207303956464572	0.0	1.8447797462863196
0.13357386955969852	0.0	1.8413106959092784
0.13507469955475132	0.0	1.8378051072442467
0.1365755295498041	0.0	1.8342630550005357
0.1380763595448569	0.0	1.8306846144069568
0.1395771895399097	0.0	1.8270698618236056
0.1410780195349625	0.0	1.823418874733834
0.14257884953001526	0.0	1.8197317311900947
0.1440796795250681	0.0	1.8160085099988743
0.14558050952012086	0.0	1.8122492907394658
0.14708133951517366	0.0	1.8084541536738123
0.14858216951022643	0.0	1.8046231805410606
0.15008299950527926	0.0	1.800756454074234
0.15158382950033203	0.0	1.7968540568256568
0.15308465949538483	0.0	1.7929160721625308
0.1545854894904376	0.0	1.7889425848745217
0.15608631948549043	0.0	1.7849336807939948
0.1575871494805432	0.0	1.7808894463929306
0.159087979475596	0.0	1.7768099685600054
0.16058880947064877	0.0	1.772695335062169
0.1620896394657016	0.0	1.7685456348674122
0.16359046946075437	0.0	1.7643609574736014
0.16509129945580717	0.0	1.7601413931918353
0.16659212945085994	0.0	1.755887033833496
0.16809295944591277	0.0	1.7515979711698542
0.16959378944096554	0.0	1.7472742972232655
0.17109461943601834	0.0	1.7429161060038219
0.17259544943107114	0.0	1.7385234926494393
0.17409627942612393	0.0	1.734096552581891
0.1755971094211767	0.0	1.7296353812598813
0.1770979394162295	0.0	1.7251400751032024
0.1785987694112823	0.0	1.7206107322633586
0.1800995994063351	0.0	1.7160474515445618
0.18160042940138788	0.0	1.7114503323624382
0.18310125939644067	0.0	1.7068194747826408
0.18460208939149347	0.0	1.702154979095704
0.18610291938654627	0.0	1.6974569466776923
0.18760374938159904	0.0	1.6927254809485883
0.18910457937665184	0.0	1.6879606854731235
0.19060540937170464	0.0	1.683162663513439
0.19210623936675744	0.0	1.678331520114503
0.1936070693618102	0.0	1.6734673608742208
0.195107899356863	0.0	1.6685702918010157
0.1966087293519158	0.0	1.663640420914884
0.1981095593469686	0.0	1.6586778564945839
0.19961038934202138	0.0	1.6536827067819406
0.20111121933707418	0.0	1.6486550811146492
0.20261204933212695	0.0	1.6435950894303506
0.20411287932717975	0.0	1.63850284311763
0.20561370932223258	0.0	1.633378454771069
0.20711453931728535	0.0	1.6282220366841755
0.20861536931233815	0.0	1.6230337018135417
0.21011619930739095	0.0	1.617813564774569
0.21161702930244372	0.0	1.6125617405670096
0.21311785929749652	0.0	1.607278343971153
0.2146186892925493	0.0	1.6019634914838545
0.2161195192876021	0.0	1.5966173007618245
0.21762034928265492	0.0	1.5912398894548576
0.21912117927770766	0.0	1.5858313761977292
0.2206220092727605	0.0	1.5803918805832884
0.2221228392678133	0.0	1.5749215223668314
0.22362366926286606	0.0	1.569420422188604
0.22512449925791886	0.0	1.5638887019695444
0.22662532925297169	0.0	1.5583264835428214
0.22812615924802443	0.0	1.5527338897689344
0.22962698924307726	0.0	1.547111044570427
0.23112781923813	0.0	1.5414580725698952
0.23262864923318283	0.0	1.5357750987372614
0.23412947922823563	0.0	1.530062248549187
0.2356303092232884	0.0	1.524319649011043
0.2371311392183412	0.0	1.518547427048918
0.238631969213394	0.0	1.5127457103713233
0.24013279920844677	0.0	1.506914627374524
0.2416336292034996	0.0	1.501054307397417
0.2431344591985524	0.0	1.495164881363051
0.24463528919360517	0.0	1.4892464790955173
0.24613611918865796	0.0	1.4832992307832116
0.24763694918371074	0.0	1.4773232689725952
0.24913777917876354	0.0	1.4713187261185694
0.25063860917381636	0.0	1.46528573472606
0.2521394391688691	0.0	1.4592244292576386
0.2536402691639219	0.0	1.4531349441135915
0.2551410991589747	0.0	1.4470174133321942
0.2566419291540275	0.0	1.4408719728238555
0.2581427591490803	0.0	1.4346987595218026
0.25964358914413305	0.0	1.4284979105849023
0.2611444191391859	0.0	1.4222695643611147
0.2626452491342387	0.0	1.416013860870341
0.26414607912929144	0.0	1.4097309395594984
0.26564690912434424	0.0	1.4034209389929582
0.26714773911939704	0.0	1.3970840006153593
0.26864856911444984	0.0	1.3907202663149993
0.27014939910950264	0.0	1.3843298773917319
0.27165022910455544	0.0	1.3779129771708905
0.2731510590996082	0.0	1.3714697087098016
0.27465188909466104	0.0	1.365000214281797
0.2761527190897138	0.0	1.358504637837568
0.2776535490847666	0.0	1.35198312584303
0.2791543790798194	0.0	1.3454358236597974
0.2806552090748722	0.0	1.3388628748612201
0.282156039069925	0.0	1.3322644263536552
0.2836568690649778	0.0	1.3256406269042358
0.2851576990600305	0.0	1.3189916234996362
0.2866585290550834	0.0	1.3123175638025226
0.2881593590501362	0.0	1.3056185967586387
0.2896601890451889	0.0	1.2988948710673214
0.2911610190402417	0.0	1.2921465358854365
0.2926618490352945	0.0	1.2853737422212324
0.2941626790303473	0.0	1.2785766414339634
0.2956635090254001	0.0	1.2717553832519444
0.29716433902045286	0.0	1.2649101200557875
0.2986651690155057	0.0	1.2580410059403409
0.3001659990105585	0.0	1.2511481921849674
0.30166682900561126	0.0	1.2442318312025693
0.30316765900066406	0.0	1.237292077112665
0.30466848899571686	0.0	1.2303290846725385
0.30616931899076966	0.0	1.2233430087903814
0.30767014898582246	0.0	1.2163340043573707
0.3091709789808752	0.0	1.209302227768056
0.31067180897592805	0.0	1.202247834602201
0.31217263897098085	0.0	1.1951709807937565
0.3136734689660336	0.0	1.1880718241897135
0.3151742989610864	0.0	1.180950521760767
0.3166751289561392	0.0	1.1738072309195333
0.318175958951192	0.0	1.1666421108453109
0.3196767889462448	0.0	1.159455320520331
0.32117761894129754	0.0	1.1522470190423364
0.3226784489363504	0.0	1.1450173654812545
0.3241792789314032	0.0	1.1377665202286318
0.32568010892645594	0.0	1.1304946441134593
0.32718093892150873	0.0	1.1232018958345749
0.32868176891656153	0.0	1.1158884369355948
0.33018259891161433	0.0	1.1085544309917554
0.33168342890666713	0.0	1.10120003921257
0.3331842589017199	0.0	1.0938254228258601
0.3346850888967727	0.0	1.0864307450219017
0.33618591889182553	0.0	1.0790161691942517
0.3376867488868783	0.0	1.0715818575503682
0.3391875788819311	0.0	1.064127974471064
0.3406884088769839	0.0	1.0566546843757665
0.34218923887203667	0.0	1.049162150759635
0.34369006886708947	0.0	1.0416505390894197
0.34519089886214227	0.0	1.0341200131498514
0.346691728857195	0.0	1.02657073741728
0.34819255885224787	0.0	1.0190028800909052
0.3496933888473006	0.0	1.0114166067436665
0.3511942188423534	0.0	1.0038120809986981
0.3526950488374062	0.0	0.9961894705345344
0.354195878832459	0.0	0.9885489429249619
0.3556967088275118	0.0	0.9808906637276076
0.3571975388225646	0.0	0.9732148015605852
0.35869836881761735	0.0	0.965521523504867
0.3601991988126702	0.0	0.9578109953337143
0.361700028807723	0.0	0.9500833869205414
0.36320085880277575	0.0	0.9423388662889706
0.36470168879782855	0.0	0.9345776007555441
0.36620251879288135	0.0	0.9267997597039689
0.36770334878793415	0.0	0.9190055129337596
0.36920417878298695	0.0	0.9111950288057487
0.3707050087780397	0.0	0.90336847492923
0.37220583877309255	0.0	0.8955260224237832
0.37370666876814534	0.0	0.8876678420654527
0.3752074987631981	0.0	0.8797941022674444
0.3767083287582509	0.0	0.8719049717664892
0.3782091587533037	0.0	0.8640006217915739
0.3797099887483565	0.0	0.8560812229307753
0.3812108187434093	0.0	0.848146945482599
0.38271164873846203	0.0	0.840197959875079
0.3842124787335149	0.0	0.8322344373956415
0.3857133087285677	0.0	0.8242565502188823
0.3872141387236204	0.0	0.8162644669059183
0.38871496871867317	0.0	0.8082583595020015
0.390215798713726	0.0	0.8002384003018984
0.3917166287087788	0.0	0.7922047596472783
0.3932174587038316	0.0	0.784157610113232
0.3947182886988844	0.0	0.7760971223033335
0.3962191186939372	0.0	0.7680234668087664
0.39771994868898997	0.0	0.7599368179944206
0.39922077868404277	0.0	0.7518373480965123
0.40072160867909556	0.0	0.7437252261660503
0.40222243867414836	0.0	0.7356006255051043
0.4037232686692012	0.0	0.7274637197884244
0.4052240986642539	0.0	0.7193146803898014
0.4067249286593067	0.0	0.7111536783563571
0.4082257586543595	0.0	0.7029808853820416
0.40972658864941236	0.0	0.6947964759766598
0.41122741864446516	0.0	0.686600622404094
0.41272824863951796	0.0	0.6783934949043733
0.4142290786345707	0.0	0.670175265809288
0.4157299086296235	0.0	0.6619461074443036
0.4172307386246763	0.0	0.6537061939802765
0.4187315686197291	0.0	0.6454556986084262
0.4202323986147819	0.0	0.6371947915502885
0.42173322860983464	0.0	0.6289236431136526
0.42323405860488744	0.0	0.6206424267669555
0.42473488859994024	0.0	0.6123513179964579
0.42623571859499304	0.0	0.6040504882559167
0.42773654859004584	0.0	0.595740107708317
0.4292373785850986	0.0	0.5874203488486358
0.4307382085801514	0.0	0.5790913849543461
0.4322390385752042	0.0	0.5707533879351799
0.43373986857025704	0.0	0.5624065301936466
0.43524069856530984	0.0	0.554050983463901
0.43674152856036264	0.0	0.5456869185189176
0.4382423585554153	0.0	0.5373145088394129
0.4397431885504682	0.0	0.528933927197655
0.441244018545521	0.0	0.5205453436488493
0.4427448485405738	0.0	0.5121489303922616
0.4442456785356266	0.0	0.5037448608901522
0.4457465085306793	0.0	0.4953333051638462
0.4472473385257321	0.0	0.48691443407571566
0.4487481685207849	0.0	0.47848841974483886
0.4502489985158377	0.0	0.47005543391761323
0.4517498285108905	0.0	0.46161564802945
0.45325065850594337	0.0	0.4531692327207993
0.45475148850099606	0.0	0.4447163598119586
0.45625231849604886	0.0	0.4362571987759585
0.45775314849110166	0.0	0.42779191961566776
0.4592539784861545	0.0	0.41932069616606404
0.4607548084812073	0.0	0.4108436983190554
0.46225563847626	0.0	0.40236109400128406
0.46375646847131285	0.0	0.3938730554458222
0.46525729846636565	0.0	0.38537975335170727
0.46675812846141845	0.0	0.3768813553652205
0.46825895845647125	0.0	0.36837803350686976
0.46975978845152405	0.0	0.3598699588947181
0.4712606184465768	0.0	0.35135729857733716
0.4727614484416296	0.0	0.34284022156249844
0.4742622784366824	0.0	0.33431889862321346
0.4757631084317352	0.0	0.3257934992140192
0.477263938426788	0.0	0.31726419047895077
0.47876476842184074	0.0	0.30873114287367154
0.48026559841689354	0.0	0.30019452606221264
0.48176642841194633	0.0	0.29165450612889565
0.4832672584069992	0.0	0.2831112521093062
0.484768088402052	0.0	0.2745649323366104
0.4862689183971048	0.0	0.2660157137084732
0.4877697483921575	0.0	0.25746376575022467
0.48927057838721033	0.0	0.24890925634530645
0.49077140838226313	0.0	0.2403523516550838
0.49227223837731593	0.0	0.23179321938738426
0.49377306837236873	0.0	0.22323202667400024
0.4952738983674215	0.0	0.2146689389031215
0.49677472836247427	0.0	0.20610412330818065
0.49827555835752707	0.0	0.1975377481576166
0.49977638835257987	0.0	0.1889699792863478
0.5012772183476327	0.0	0.18040098271711233
0.5027780483426855	0.0	0.17183092234711836
0.5042788783377382	0.0	0.1632599631763774
0.5057797083327911	0.0	0.15468827333166826
0.5072805383278438	0.0	0.14611601872184632
0.5087813683228967	0.0	0.13754336273270082
0.5102821983179494	0.0	0.1289704697758916
0.5117830283130022	0.0	0.12039750649642561
0.513283858308055	0.0	0.1118246346413105
0.5147846883031078	0.0	0.10325201844048913
0.5162855182981606	0.0	0.09467982436638726
0.5177863482932135	0.0	0.08610821299851892
0.5192871782882661	0.0	0.07753735021182236
0.520788008283319	0.0	0.06896740086768197
0.5222888382783718	0.0	0.060398524609027754
0.5237896682734245	0.0	0.051830884935679826
0.5252904982684774	0.0	0.04326464575413
0.5267913282635301	0.0	0.034699969652321666
0.5282921582585829	0.0	0.02613701756702598
0.5297929882536357	0.0	0.017575950860179296
0.5312938182486885	0.0	0.009016932631143811
0.5327946482437413	0.0	0.0004601257542899965
0.5342954782387941	0.0	-0.008094309428065542
0.5357963082338468	0.0	-0.016646214662260295
0.5372971382288997	0.0	-0.025195428013429767
0.5387979682239524	0.0	-0.03374178683197329
0.5402987982190053	0.0	-0.04228513155507462
0.5417996282140581	0.0	-0.05082530261984353
0.5433004582091109	0.0	-0.05936214051875929
0.5448012882041636	0.0	-0.06789548559354229
0.5463021181992164	0.0	-0.0764251764946468
0.5478029481942692	0.0	-0.08495105346807091
0.5493037781893221	0.0	-0.09347295992682192
0.5508046081843748	0.0	-0.10199073879094475
0.5523054381794276	0.0	-0.11050422933619539
0.5538062681744804	0.0	-0.11901327252338205
0.5553070981695332	0.0	-0.12751771117704938
0.556807928164586	0.0	-0.13601738657220988
0.5583087581596388	0.0	-0.144512142334398
0.5598095881546916	0.0	-0.1530018207090163
0.5613104181497444	0.0	-0.16148626603618746
0.5628112481447971	0.0	-0.16996532025946343
0.56431207813985	0.0	-0.178438823815954
0.5658129081349027	0.0	-0.1869066253801736
0.5673137381299556	0.0	-0.19536856610082434
0.5688145681250083	0.0	-0.20382448864840003
0.570315398120061	0.0	-0.21227424001857664
0.5718162281151139	0.0	-0.2207176638306378
0.5733170581101668	0.0	-0.22915460653799344
0.5748178881052195	0.0	-0.23758491064488108
0.5763187181002724	0.0	-0.24600842224730562
0.5778195480953251	0.0	-0.25442498704702793
0.5793203780903778	0.0	-0.2628344487805063
0.5808212080854307	0.0	-0.2712366557803107
0.5823220380804834	0.0	-0.27963145315052945
0.5838228680755363	0.0	-0.2880186871843821
0.585323698070589	0.0	-0.2963982057338669
0.5868245280656418	0.0	-0.3047698543529447
0.5883253580606946	0.0	-0.3131334797599632
0.5898261880557474	0.0	-0.3214889306201531
0.5913270180508002	0.0	-0.32983605360255847
0.592827848045853	0.0	-0.3381746955056407
0.5943286780409057	0.0	-0.3465047065410927
0.5958295080359586	0.0	-0.35482593357513603
0.5973303380310114	0.0	-0.3631382245952891
0.5988311680260642	0.0	-0.3714414296407376
0.600331998021117	0.0	-0.379735395436006
0.6018328280161698	0.0	-0.38801997282737255
0.6033336580112225	0.0	-0.3962950114042613
0.6048344880062754	0.0	-0.404560361747976
0.6063353180013281	0.0	-0.41281587149491766
0.607836147996381	0.0	-0.42106138594021253
0.6093369779914337	0.0	-0.4292967615429112
0.6108378079864865	0.0	-0.4375218497592071
0.6123386379815393	0.0	-0.445736500006017
0.6138394679765921	0.0	-0.45394056287085843
0.6153402979716449	0.0	-0.4621338850905355
0.6168411279666978	0.0	-0.4703163214668238
0.6183419579617504	0.0	-0.4784877264625133
0.6198427879568033	0.0	-0.48664794850870724
0.6213436179518561	0.0	-0.49479683943132075
0.6228444479469089	0.0	-0.5029342530155055
0.6243452779419617	0.0	-0.5110600394359306
0.6258461079370145	0.0	-0.5191740523113803
0.6273469379320672	0.0	-0.5272761462895793
0.62884776792712	0.0	-0.5353661716806799
0.6303485979221728	0.0	-0.5434439828428731
0.6318494279172256	0.0	-0.5515094331299685
0.6333502579122784	0.0	-0.5595623758465091
0.6348510879073311	0.0	-0.5676026665643394
0.636351917902384	0.0	-0.5756301593211582
0.6378527478974367	0.0	-0.5836447067931738
0.6393535778924896	0.0	-0.5916461626175162
0.6408544078875424	0.0	-0.5996343836537681
0.6423552378825951	0.0	-0.6076092265457298
0.6438560678776479	0.0	-0.6155705453989344
0.6453568978727008	0.0	-0.6235181913739014
0.6468577278677535	0.0	-0.6314520221864246
0.6483585578628064	0.0	-0.6393718967354372
0.6498593878578591	0.0	-0.6472776705126323
0.6513602178529119	0.0	-0.6551692001741275
0.6528610478479647	0.0	-0.6630463397084658
0.6543618778430175	0.0	-0.6709089455807637
0.6558627078380703	0.0	-0.6787568758088138
0.6573635378331231	0.0	-0.6865899875540492
0.6588643678281758	0.0	-0.6944081381010326
0.6603651978232287	0.0	-0.7022111848822749
0.6618660278182814	0.0	-0.7099989874865897
0.6633668578133343	0.0	-0.7177714031863345
0.6648676878083871	0.0	-0.7255282904428492
0.6663685178034398	0.0	-0.733269508444527
0.6678693477984926	0.0	-0.7409949122641839
0.6693701777935454	0.0	-0.7487043640351894
0.6708710077885982	0.0	-0.756397723605118
0.6723718377836511	0.0	-0.764074845868139
0.6738726677787038	0.0	-0.7717355922183263
0.6753734977737565	0.0	-0.7793798243823774
0.6768743277688094	0.0	-0.7870074046785596
0.6783751577638621	0.0	-0.7946181916852769
0.679875987758915	0.0	-0.8022120438762601
0.6813768177539677	0.0	-0.8097888226763562
0.6828776477490205	0.0	-0.8173483870521475
0.6843784777440733	0.0	-0.8248906026181057
0.6858793077391261	0.0	-0.8324153318156278
0.6873801377341789	0.0	-0.8399224311652737
0.6888809677292317	0.0	-0.8474117631702086
0.6903817977242845	0.0	-0.854883192662334
0.6918826277193373	0.0	-0.8623365837342192
0.69338345771439	0.0	-0.8697717953587338
0.6948842877094429	0.0	-0.8771886899033011
0.6963851177044957	0.0	-0.8845871354344069
0.6978859476995485	0.0	-0.8919669929949339
0.6993867776946012	0.0	-0.8993281250572368
0.7008876076896541	0.0	-0.9066703967981949
0.7023884376847068	0.0	-0.9139936695379082
0.7038892676797597	0.0	-0.9212978099936519
0.7053900976748124	0.0	-0.9285826861826821
0.7068909276698653	0.0	-0.9358481602691417
0.708391757664918	0.0	-0.9430940957603179
0.7098925876599708	0.0	-0.9503203613327597
0.7113934176550236	0.0	-0.957526821984699
0.7128942476500764	0.0	-0.9647133388390953
0.7143950776451292	0.0	-0.9718797828397248
0.715895907640182	0.0	-0.9790260229834066
0.7173967376352347	0.0	-0.9861519219333853
0.7188975676302876	0.0	-0.9932573493026092
0.7203983976253404	0.0	-1.000342174562329
0.7218992276203932	0.0	-1.0074062607577543
0.723400057615446	0.0	-1.014449474464389
0.7249008876104988	0.0	-1.021471689195198
0.7264017176055515	0.0	-1.02847277455699
0.7279025476006044	0.0	-1.0354525967740404
0.7294033775956571	0.0	-1.042411024947916
0.73090420759071	0.0	-1.0493479263319807
0.7324050375857627	0.0	-1.0562631734101484
0.7339058675808154	0.0	-1.0631566403422492
0.7354066975758683	0.0	-1.0700281935436706
0.736907527570921	0.0	-1.0768777019372948
0.7384083575659739	0.0	-1.0837050386971383
0.7399091875610266	0.0	-1.090510078130942
0.7414100175560794	0.0	-1.0972926892294221
0.7429108475511322	0.0	-1.1040527443471118
0.7444116775461851	0.0	-1.1107901154690074
0.7459125075412378	0.0	-1.1175046741857873
0.7474133375362907	0.0	-1.124196300442524
0.7489141675313434	0.0	-1.1308648621948534
0.7504149975263962	0.0	-1.1375102320191566
0.751915827521449	0.0	-1.144132291025004
0.7534166575165018	0.0	-1.1507309072788816
0.7549174875115546	0.0	-1.1573059549283398
0.7564183175066074	0.0	-1.1638573159084609
0.7579191475016601	0.0	-1.1703848643297345
0.759419977496713	0.0	-1.17688847289807
0.7609208074917657	0.0	-1.1833680207206
0.7624216374868186	0.0	-1.1898233837685177
0.7639224674818714	0.0	-1.1962544363679832
0.7654232974769241	0.0	-1.2026610617232874
0.7669241274719769	0.0	-1.20904313801748
0.7684249574670298	0.0	-1.2154005401804975
0.7699257874620825	0.0	-1.2217331509484117
0.7714266174571354	0.0	-1.2280408471857989
0.772927447452188	0.0	-1.2343235059912887
0.7744282774472409	0.0	-1.2405810112160363
0.7759291074422937	0.0	-1.2468132439635096
0.7774299374373463	0.0	-1.2530200852754445
0.7789307674323993	0.0	-1.2592014176722428
0.780431597427452	0.0	-1.2653571232738474
0.7819324274225049	0.0	-1.2714870794993065
0.7834332574175576	0.0	-1.2775911693188193
0.7849340874126104	0.0	-1.2836692812413477
0.7864349174076632	0.0	-1.2897213007570136
0.787935747402716	0.0	-1.295747110515543
0.7894365773977688	0.0	-1.3017465910966495
0.7909374073928216	0.0	-1.307719628717434
0.7924382373878744	0.0	-1.3136661131067437
0.7939390673829272	0.0	-1.3195859296437578
0.7954398973779799	0.0	-1.325478962272118
0.7969407273730328	0.0	-1.3313451014846553
0.7984415573680855	0.0	-1.3371842338250104
0.7999423873631384	0.0	-1.3429962438899032
0.8014432173581911	0.0	-1.3487810251664452
0.8029440473532439	0.0	-1.3545384702176466
0.8044448773482967	0.0	-1.360268466073841
0.8059457073433495	0.0	-1.3659708996236462
0.8074465373384024	0.0	-1.3716456638613586
0.8089473673334551	0.0	-1.377292652810124
0.8104481973285078	0.0	-1.382911755625842
0.8119490273235607	0.0	-1.388502865931237
0.8134498573186134	0.0	-1.3940658787598827
0.8149506873136664	0.0	-1.3996006857567356
0.816451517308719	0.0	-1.4051071798236812
0.8179523473037718	0.0	-1.41058525872983
0.8194531772988247	0.0	-1.416034821821492
0.8209540072938774	0.0	-1.421455758716701
0.8224548372889303	0.0	-1.4268479677144066
0.8239556672839831	0.0	-1.4322113486353127
0.8254564972790359	0.0	-1.437545794270418
0.8269573272740887	0.0	-1.44285121183377
0.8284581572691414	0.0	-1.4481274976219547
0.8299589872641943	0.0	-1.4533745453316145
0.831459817259247	0.0	-1.4585922600758452
0.8329606472542999	0.0	-1.463780541669285
0.8344614772493526	0.0	-1.4689392927113216
0.8359623072444053	0.0	-1.4740684175202556
0.8374631372394582	0.0	-1.479167819249983
0.8389639672345109	0.0	-1.4842373989411866
0.8404647972295638	0.0	-1.4892770600866365
0.8419656272246165	0.0	-1.4942867107998483
0.8434664572196693	0.0	-1.4992662582024578
0.8449672872147221	0.0	-1.5042156047521924
0.8464681172097749	0.0	-1.5091346583777805
0.8479689472048277	0.0	-1.5140233310188358
0.8494697771998805	0.0	-1.518881526925918
0.8509706071949332	0.0	-1.5237091552476225
0.8524714371899861	0.0	-1.528506126143048
0.8539722671850388	0.0	-1.5332723523034388
0.8554730971800917	0.0	-1.538007747264119
0.8569739271751444	0.0	-1.5427122197054661
0.8584747571701972	0.0	-1.5473856831566464
0.85997558716525	0.0	-1.552028047715119
0.8614764171603028	0.0	-1.5566392296825189
0.8629772471553557	0.0	-1.561219148280861
0.8644780771504084	0.0	-1.565767719023163
0.8659789071454613	0.0	-1.570284854058514
0.8674797371405141	0.0	-1.5747704694298068
0.8689805671355667	0.0	-1.5792244906187307
0.8704813971306197	0.0	-1.5836468341918404
0.8719822271256723	0.0	-1.5880374152924863
0.8734830571207253	0.0	-1.5923961534076214
0.874983887115778	0.0	-1.5967229769885634
0.8764847171108306	0.0	-1.6010178084734181
0.8779855471058836	0.0	-1.6052805614282828
0.8794863771009364	0.0	-1.6095111638177635
0.8809872070959892	0.0	-1.6137095451159233
0.882488037091042	0.0	-1.6178756265963887
0.8839888670860947	0.0	-1.6220093315968072
0.8854896970811476	0.0	-1.6261105895480592
0.8869905270762003	0.0	-1.6301793293080975
0.8884913570712532	0.0	-1.6342154751510605
0.8899921870663059	0.0	-1.6382189577708601
0.8914930170613586	0.0	-1.6421897127163727
0.8929938470564115	0.0	-1.6461276702749306
0.8944946770514642	0.0	-1.6500327580722838
0.8959955070465171	0.0	-1.653904906568235
0.8974963370415698	0.0	-1.657744050689373
0.8989971670366227	0.0	-1.6615501275187388
0.9004979970316754	0.0	-1.6653230755871717
0.9019988270267282	0.0	-1.6690628294146452
0.903499657021781	0.0	-1.6727693181917904
0.9050004870168338	0.0	-1.6764424776399913
0.9065013170118867	0.0	-1.6800822583227437
0.9080021470069394	0.0	-1.6836886025537852
0.9095029770019921	0.0	-1.6872614391232705
0.911003806997045	0.0	-1.6908007096487876
0.9125046369920977	0.0	-1.6943063609786018
0.9140054669871507	0.0	-1.6977783353956775
0.9155062969822033	0.0	-1.701216578442215
0.9170071269772561	0.0	-1.7046210334423622
0.918507956972309	0.0	-1.7079916446567762
0.9200087869673617	0.0	-1.7113283600242835
0.9215096169624146	0.0	-1.7146311254320807
0.9230104469574674	0.0	-1.7178998909692134
0.92451127695252	0.0	-1.7211346055479306
0.926012106947573	0.0	-1.7243352191957135
0.9275129369426257	0.0	-1.7275016855750105
0.9290137669376786	0.0	-1.730633954312771
0.9305145969327313	0.0	-1.7337319764653598
0.932015426927784	0.0	-1.736795705578181
0.9335162569228369	0.0	-1.7398251031259602
0.9350170869178897	0.0	-1.7428201214588666
0.9365179169129425	0.0	-1.7457807082385095
0.9380187469079952	0.0	-1.7487068305399964
0.9395195769030481	0.0	-1.7515984497579757
0.9410204068981008	0.0	-1.754455517324619
0.9425212368931536	0.0	-1.7572779944990362
0.9440220668882064	0.0	-1.7600658469516617
0.9455228968832592	0.0	-1.7628190357690243
0.947023726878312	0.0	-1.7655375188894327
0.9485245568733648	0.0	-1.7682212625932923
0.9500253868684175	0.0	-1.7708702396239073
0.9515262168634704	0.0	-1.7734844048698355
0.9530270468585231	0.0	-1.7760637247531608
0.954527876853576	0.0	-1.7786081766873283
0.9560287068486287	0.0	-1.7811177219129732
0.9575295368436815	0.0	-1.783592331355925
0.9590303668387343	0.0	-1.786031976397924
0.9605311968337871	0.0	-1.7884366278292794
0.96203202682884	0.0	-1.7908062592682228
0.9635328568238927	0.0	-1.7931408401311082
0.9650336868189454	0.0	-1.7954403457181682
0.9665345168139984	0.0	-1.7977047567883102
0.968035346809051	0.0	-1.7999340441934637
0.969536176804104	0.0	-1.8021281820324042
0.9710370067991567	0.0	-1.8042871538735135
0.9725378367942096	0.0	-1.8064109348013901
0.9740386667892623	0.0	-1.808499505038917
0.975539496784315	0.0	-1.810552848370129
0.9770403267793679	0.0	-1.8125709425165453
0.9785411567744207	0.0	-1.8145537671096088
0.9800419867694735	0.0	-1.8165013133697787
0.9815428167645263	0.0	-1.818413564403368
0.983043646759579	0.0	-1.820290497389695
0.9845444767546319	0.0	-1.8221321057980073
0.9860453067496846	0.0	-1.8239383767146846
0.9875461367447375	0.0	-1.8257092923095484
0.9890469667397902	0.0	-1.8274448434272235
0.990547796734843	0.0	-1.8291450229085218
0.9920486267298958	0.0	-1.8308098227994698
0.9935494567249485	0.0	-1.8324392319546825
0.9950502867200014	0.0	-1.834033239302694
0.9965511167150541	0.0	-1.8355918373823998
0.9980519467101069	0.0	-1.8371150249308068
0.9995527767051597	0.0	-1.8386027989597926
1.0010536067002125	0.0	-1.8400551509608662
1.0025544366952654	0.0	-1.841472081531672
1.0040552666903182	0.0	-1.842853588922477
1.005556096685371	0.0	-1.8441996651238366
1.0070569266804237	0.0	-1.8455103139248341
1.0085577566754764	0.0	-1.8467855353316374
1.0100585866705294	0.0	-1.848025329190214
1.0115594166655821	0.0	-1.849229703590067
1.0130602466606349	0.0	-1.8503986550686617
1.0145610766556876	0.0	-1.8515321874767017
1.0160619066507404	0.0	-1.852630309341098
1.0175627366457933	0.0	-1.8536930223191905
1.019063566640846	0.0	-1.8547203368848426
1.0205643966358988	0.0	-1.855712256488245
1.0220652266309516	0.0	-1.8566687909932944
1.0235660566260043	0.0	-1.85758995432405
1.0250668866210573	0.0	-1.858475747835959
1.02656771661611	0.0	-1.8593261815284485
1.0280685466111628	0.0	-1.8601412738354905
1.0295693766062155	0.0	-1.860921038268355
1.0310702066012682	0.0	-1.8616654796942866
1.0325710365963212	0.0	-1.8623746129122198
1.034071866591374	0.0	-1.863048460447084
1.035572696586427	0.0	-1.8636870328774622
1.0370735265814794	0.0	-1.864290341490459
1.0385743565765322	0.0	-1.8648584119469995
1.0400751865715852	0.0	-1.8653912626564138
1.041576016566638	0.0	-1.8658889034332995
1.0430768465616909	0.0	-1.8663513601480621
1.0445776765567436	0.0	-1.8667786521896361
1.0460785065517963	0.0	-1.8671707957555115
1.047579336546849	0.0	-1.8675278198089575
1.0490801665419018	0.0	-1.8678497452545422
1.0505809965369548	0.0	-1.8681365929844926
1.0520818265320075	0.0	-1.8683883866327375
1.0535826565270603	0.0	-1.8686051515090267
1.055083486522113	0.0	-1.8687869161884656
1.0565843165171658	0.0	-1.868933705395492
1.0580851465122187	0.0	-1.8690455428810913
1.0595859765072715	0.0	-1.869122459801874
1.0610868065023242	0.0	-1.8691644893784138
1.062587636497377	0.0	-1.8691716502911202
1.0640884664924297	0.0	-1.8691439719776644
1.0655892964874827	0.0	-1.86908149665996
1.0670901264825354	0.0	-1.8689842524633664
1.0685909564775882	0.0	-1.8688522658004576
1.070091786472641	0.0	-1.8686855688197757
1.0715926164676937	0.0	-1.8684841990361727
1.0730934464627466	0.0	-1.8682481939829814
1.0745942764577994	0.0	-1.8679775820504854
1.0760951064528521	0.0	-1.8676723949744343
1.0775959364479049	0.0	-1.8673326750814865
1.0790967664429576	0.0	-1.866958462486472
1.0805975964380106	0.0	-1.86654979135877
1.0820984264330633	0.0	-1.8661066955905126
1.0835992564281163	0.0	-1.8656292134851684
1.0851000864231688	0.0	-1.8651173903328777
1.0866009164182218	0.0	-1.8645712675484583
1.0881017464132745	0.0	-1.8639908751733625
1.0896025764083273	0.0	-1.8633762580233282
1.0911034064033802	0.0	-1.862727466711672
1.0926042363984327	0.0	-1.8620445353646473
1.0941050663934857	0.0	-1.861327506111758
1.0956058963885384	0.0	-1.8605764264303295
1.0971067263835912	0.0	-1.859791337266935
1.0986075563786442	0.0	-1.8589722852917987
1.100108386373697	0.0	-1.858119318666129
1.1016092163687496	0.0	-1.8572324774000113
1.1031100463638024	0.0	-1.8563118086935235
1.1046108763588551	0.0	-1.8553573613917562
1.106111706353908	0.0	-1.8543691828857747
1.1076125363489608	0.0	-1.8533473224396193
1.1091133663440136	0.0	-1.8522918249306397
1.1106141963390663	0.0	-1.851202741853189
1.112115026334119	0.0	-1.8500801218860052
1.113615856329172	0.0	-1.848924015593115
1.1151166863242248	0.0	-1.84773447644042
1.1166175163192775	0.0	-1.846511550260236
1.1181183463143303	0.0	-1.8452552870559344
1.1196191763093832	0.0	-1.8439657449820002
1.121120006304436	0.0	-1.8426429790138008
1.1226208362994887	0.0	-1.8412870349836572
1.1241216662945415	0.0	-1.839897968205788
1.1256224962895942	0.0	-1.8384758368038732
1.1271233262846472	0.0	-1.8370206914590048
1.1286241562797	0.0	-1.8355325880337527
1.1301249862747527	0.0	-1.8340115810290798
1.1316258162698054	0.0	-1.8324577230359982
1.1331266462648582	0.0	-1.8308710770947494
1.1346274762599111	0.0	-1.8292517019636032
1.1361283062549639	0.0	-1.8275996465061266
1.1376291362500166	0.0	-1.8259149713350833
1.1391299662450696	0.0	-1.824197738406345
1.140630796240122	0.0	-1.8224480013891309
1.142131626235175	0.0	-1.8206658183948035
1.1436324562302278	0.0	-1.8188512525560032
1.1451332862252805	0.0	-1.8170043624769718
1.1466341162203335	0.0	-1.8151252053202689
1.1481349462153863	0.0	-1.81321384486545
1.149635776210439	0.0	-1.8112703421688732
1.1511366062054917	0.0	-1.8092947566480455
1.1526374362005447	0.0	-1.8072871512322937
1.1541382661955975	0.0	-1.8052475868670799
1.1556390961906502	0.0	-1.8031761263092283
1.157139926185703	0.0	-1.8010728315269275
1.1586407561807557	0.0	-1.7989377659916779
1.1601415861758086	0.0	-1.7967709937171767
1.1616424161708614	0.0	-1.7945725748602495
1.1631432461659141	0.0	-1.7923425767122583
1.1646440761609669	0.0	-1.7900810660162705
1.1661449061560196	0.0	-1.7877881051656024
1.1676457361510726	0.0	-1.7854637586421511
1.1691465661461253	0.0	-1.7831080908292611
1.170647396141178	0.0	-1.78072116892592
1.1721482261362308	0.0	-1.7783030596874743
1.1736490561312836	0.0	-1.7758538279531795
1.1751498861263365	0.0	-1.773373541913949
1.1766507161213893	0.0	-1.7708622671914878
1.178151546116442	0.0	-1.768320070787615
1.1796523761114948	0.0	-1.7657470208192882
1.1811532061065475	0.0	-1.7631431841958862
1.1826540361016005	0.0	-1.760508629576568
1.1841548660966532	0.0	-1.7578434269266128
1.185655696091706	0.0	-1.7551476451639125
1.187156526086759	0.0	-1.752421350322984
1.1886573560818114	0.0	-1.7496646121843016
1.1901581860768644	0.0	-1.7468775016865956
1.1916590160719172	0.0	-1.744060086928339
1.1931598460669701	0.0	-1.741212438632628
1.1946606760620229	0.0	-1.7383346280770673
1.1961615060570754	0.0	-1.7354267236990144
1.1976623360521284	0.0	-1.7324887989385909
1.199163166047181	0.0	-1.729520923107997
1.200663996042234	0.0	-1.7265231667023975
1.2021648260372868	0.0	-1.7234956053552686
1.2036656560323395	0.0	-1.7204383079167422
1.2051664860273923	0.0	-1.7173513423805626
1.206667316022445	0.0	-1.7142347830001217
1.208168146017498	0.0	-1.7110887081259676
1.2096689760125507	0.0	-1.7079131886968217
1.2111698060076035	0.0	-1.704708293186982
1.2126706360026562	0.0	-1.701474095104376
1.214171465997709	0.0	-1.6982106686531198
1.215672295992762	0.0	-1.6949180875382635
1.2171731259878147	0.0	-1.6915964282620244
1.2186739559828674	0.0	-1.6882457641598052
1.2201747859779202	0.0	-1.6848661637798223
1.221675615972973	0.0	-1.6814577078754365
1.2231764459680259	0.0	-1.6780204733431556
1.2246772759630786	0.0	-1.674554526944531
1.2261781059581316	0.0	-1.6710599466234122
1.2276789359531841	0.0	-1.667536811013742
1.2291797659482369	0.0	-1.6639851926993015
1.2306805959432898	0.0	-1.6604051658657035
1.2321814259383426	0.0	-1.6567968108904567
1.2336822559333955	0.0	-1.6531602027416512
1.235183085928448	0.0	-1.64949541243815
1.2366839159235008	0.0	-1.6458025211399208
1.2381847459185538	0.0	-1.642081607320679
1.2396855759136065	0.0	-1.638332744451412
1.2411864059086595	0.0	-1.6345560100447287
1.2426872359037122	0.0	-1.630751482968663
1.2441880658987647	0.0	-1.626919239830179
1.2456888958938177	0.0	-1.6230593559115534
1.2471897258888704	0.0	-1.61917191204627
1.2486905558839234	0.0	-1.6152569895175002
1.2501913858789762	0.0	-1.611314660631734
1.251692215874029	0.0	-1.6073450054892808
1.2531930458690816	0.0	-1.6033481045292517
1.2546938758641344	0.0	-1.5993240315306425
1.2561947058591874	0.0	-1.5952728701240397
1.25769553585424	0.0	-1.5911947019931287
1.2591963658492928	0.0	-1.5870896036339126
1.2606971958443456	0.0	-1.5829576539329373
1.2621980258393983	0.0	-1.578798931752133
1.2636988558344513	0.0	-1.57461351642163
1.265199685829504	0.0	-1.5704014916951812
1.2667005158245568	0.0	-1.5661629399896644
1.2682013458196095	0.0	-1.5618979386020728
1.2697021758146623	0.0	-1.557606567620326
1.2712030058097152	0.0	-1.5532889076129697
1.272703835804768	0.0	-1.548945040620983
1.2742046657998207	0.0	-1.5445750538915015
1.2757054957948735	0.0	-1.5401790220784295
1.2772063257899262	0.0	-1.535757022792965
1.2787071557849792	0.0	-1.5313091469542355
1.280207985780032	0.0	-1.526835474083353
1.2817088157750849	0.0	-1.5223360851493217
1.2832096457701374	0.0	-1.517811066395007
1.2847104757651902	0.0	-1.5132605012846463
1.2862113057602431	0.0	-1.508684468889627
1.2877121357552959	0.0	-1.5040830502220437
1.2892129657503488	0.0	-1.4994563345067242
1.2907137957454016	0.0	-1.4948044043515287
1.292214625740454	0.0	-1.4901273427092945
1.293715455735507	0.0	-1.4854252341902259
1.2952162857305598	0.0	-1.4806981625481315
1.2967171157256128	0.0	-1.4759462126457634
1.2982179457206655	0.0	-1.4711694674421538
1.2997187757157183	0.0	-1.4663680158479457
1.301219605710771	0.0	-1.4615419420482336
1.3027204357058237	0.0	-1.4566913290327865
1.3042212657008767	0.0	-1.451816266889006
1.3057220956959295	0.0	-1.4469168400607662
1.3072229256909822	0.0	-1.4419931326222197
1.308723755686035	0.0	-1.4370452310811694
1.3102245856810877	0.0	-1.4320732228326059
1.3117254156761406	0.0	-1.4270771993008982
1.3132262456711934	0.0	-1.4220572438640122
1.3147270756662461	0.0	-1.4170134426723822
1.3162279056612989	0.0	-1.4119458876556013
1.3177287356563516	0.0	-1.4068546637627115
1.3192295656514046	0.0	-1.4017398581730514
1.3207303956464573	0.0	-1.396601558953202
1.32223122564151	0.0	-1.3914398570346076
1.3237320556365628	0.0	-1.3862548443652989
1.3252328856316156	0.0	-1.3810466082294168
1.3267337156266685	0.0	-1.3758152364408847
1.3282345456217213	0.0	-1.3705608205842439
1.3297353756167742	0.0	-1.3652834482886125
1.3312362056118268	0.0	-1.3599832097892477
1.3327370356068795	0.0	-1.3546602028564465
1.3342378656019325	0.0	-1.3493145131600721
1.3357386955969852	0.0	-1.3439462275652583
1.3372395255920382	0.0	-1.3385554416427798
1.3387403555870907	0.0	-1.3331422486468627
1.3402411855821437	0.0	-1.3277067420165007
1.3417420155771964	0.0	-1.32224901333004
1.3432428455722492	0.0	-1.316769155589104
1.3447436755673021	0.0	-1.3112672575441258
1.3462445055623549	0.0	-1.3057434120241846
1.3477453355574076	0.0	-1.3001977204962036
1.3492461655524604	0.0	-1.2946302732755162
1.350746995547513	0.0	-1.2890411610409824
1.352247825542566	0.0	-1.2834304816614517
1.3537486555376188	0.0	-1.2777983330057732
1.3552494855326715	0.0	-1.2721448065476013
1.3567503155277243	0.0	-1.266469995547265
1.358251145522777	0.0	-1.2607740020138418
1.35975197551783	0.0	-1.2550569168664962
1.3612528055128827	0.0	-1.249318836772667
1.3627536355079355	0.0	-1.2435598669020795
1.3642544655029882	0.0	-1.2377800972188946
1.365755295498041	0.0	-1.2319796224498076
1.367256125493094	0.0	-1.2261585484545912
1.3687569554881467	0.0	-1.2203169692206084
1.3702577854831994	0.0	-1.2144549817787869
1.3717586154782522	0.0	-1.2085726907443808
1.3732594454733051	0.0	-1.2026701922549534
1.3747602754683579	0.0	-1.19674758559024
1.3762611054634106	0.0	-1.1908049692783274
1.3777619354584634	0.0	-1.1848424459197706
1.3792627654535161	0.0	-1.1788601218425787
1.380763595448569	0.0	-1.1728580904980814
1.3822644254436218	0.0	-1.1668364516281293
1.3837652554386746	0.0	-1.160795314370169
1.3852660854337275	0.0	-1.1547347798707615
1.38676691542878	0.0	-1.1486549463006248
1.388267745423833	0.0	-1.142555921170704
1.3897685754188858	0.0	-1.1364378083938889
1.3912694054139385	0.0	-1.1303007053646155
1.3927702354089915	0.0	-1.1241447192241252
1.3942710654040442	0.0	-1.1179699609705687
1.395771895399097	0.0	-1.1117765349542619
1.3972727253941497	0.0	-1.1055645393582214
1.3987735553892024	0.0	-1.0993340818659552
1.4002743853842554	0.0	-1.0930852733030505
1.4017752153793082	0.0	-1.0868182173728478
1.403276045374361	0.0	-1.0805330195470522
1.4047768753694136	0.0	-1.0742297883839873
1.4062777053644664	0.0	-1.0679086335631998
1.4077785353595194	0.0	-1.0615696647705974
1.409279365354572	0.0	-1.0552129902256109
1.4107801953496248	0.0	-1.0488387138595863
1.4122810253446776	0.0	-1.0424469474962972
1.4137818553397306	0.0	-1.0360378044195035
1.4152826853347833	0.0	-1.0296113919615404
1.416783515329836	0.0	-1.0231678237451531
1.4182843453248888	0.0	-1.0167072106328978
1.4197851753199415	0.0	-1.0102296614234212
1.4212860053149945	0.0	-1.0037352900598124
1.4227868353100472	0.0	-0.9972242108487067
1.4242876653051	0.0	-0.9906965346711163
1.4257884953001527	0.0	-0.9841523712683004
1.4272893252952055	0.0	-0.9775918401777017
1.4287901552902584	0.0	-0.9710150588049821
1.4302909852853112	0.0	-0.9644221347349122
1.431791815280364	0.0	-0.9578131833031045
1.4332926452754169	0.0	-0.9511883250819708
1.4347934752704694	0.0	-0.9445476736634096
1.4362943052655224	0.0	-0.9378913434342063
1.4377951352605751	0.0	-0.9312194549975831
1.4392959652556279	0.0	-0.9245321227402512
1.4407967952506808	0.0	-0.9178294646654339
1.4422976252457334	0.0	-0.9111116024177216
1.4437984552407863	0.0	-0.9043786516714157
1.445299285235839	0.0	-0.8976307320932287
1.446800115230892	0.0	-0.8908679628263588
1.4483009452259448	0.0	-0.8840904648005123
1.4498017752209975	0.0	-0.8772983593213308
1.4513026052160503	0.0	-0.8704917655935221
1.452803435211103	0.0	-0.8636708058405966
1.454304265206156	0.0	-0.85683560139294
1.4558050952012087	0.0	-0.8499862757802574
1.4573059251962615	0.0	-0.8431229497659615
1.4588067551913142	0.0	-0.8362457431462927
1.460307585186367	0.0	-0.8293547839361809
1.46180841518142	0.0	-0.8224502009701499
1.4633092451764727	0.0	-0.815532115633918
1.4648100751715254	0.0	-0.8086006474648171
1.4663109051665781	0.0	-0.8016559222968402
1.4678117351616309	0.0	-0.7946980675659601
1.4693125651566838	0.0	-0.7877272126365019
1.4708133951517366	0.0	-0.7807434826338626
1.4723142251467893	0.0	-0.7737470008290602
1.473815055141842	0.0	-0.7667379002831196
1.4753158851368948	0.0	-0.7597163090726278
1.4768167151319478	0.0	-0.752682351435923
1.4783175451270005	0.0	-0.7456361568790276
1.4798183751220533	0.0	-0.7385778543163944
1.481319205117106	0.0	-0.7315075744432509
1.4828200351121588	0.0	-0.7244254461186802
1.4843208651072117	0.0	-0.7173316025946338
1.4858216951022645	0.0	-0.710226175872312
1.4873225250973174	0.0	-0.7031092905103972
1.4888233550923702	0.0	-0.6959810825334211
1.4903241850874227	0.0	-0.6888416867643937
1.4918250150824757	0.0	-0.6816912302879484
1.4933258450775284	0.0	-0.6745298478655489
1.4948266750725814	0.0	-0.6673576757865906
1.4963275050676341	0.0	-0.6601748450172672
1.4978283350626869	0.0	-0.6529814897706737
1.4993291650577396	0.0	-0.6457777449930237
1.5008299950527924	0.0	-0.6385637448296888
1.5023308250478453	0.0	-0.6313396277818482
1.503831655042898	0.0	-0.6241055296459718
1.5053324850379508	0.0	-0.6168615811664425
1.5068333150330036	0.0	-0.6096079201729782
1.5083341450280563	0.0	-0.6023446899847171
1.5098349750231093	0.0	-0.5950720236626101
1.511335805018162	0.0	-0.5877900559126036
1.5128366350132147	0.0	-0.580498928532118
1.5143374650082675	0.0	-0.5731987792153139
1.5158382950033202	0.0	-0.5658897457547738
1.5173391249983732	0.0	-0.5585719680687584
1.518839954993426	0.0	-0.5512455874741539
1.5203407849884787	0.0	-0.5439107419299472
1.5218416149835314	0.0	-0.5365675691610347
1.5233424449785842	0.0	-0.5292162131520246
1.5248432749736371	0.0	-0.5218568158789477
1.5263441049686899	0.0	-0.5144895167055559
1.5278449349637429	0.0	-0.50711445558706
1.5293457649587954	0.0	-0.4997317746967053
1.5308465949538481	0.0	-0.49234161806215254
1.532347424948901	0.0	-0.4849441292798316
1.5338482549439538	0.0	-0.47753944917373997
1.5353490849390068	0.0	-0.4701277219501487
1.5368499149340595	0.0	-0.4627090914642853
1.538350744929112	0.0	-0.4552836985708836
1.539851574924165	0.0	-0.4478516901502613
1.5413524049192178	0.0	-0.4404132094599366
1.5428532349142707	0.0	-0.4329684020000956
1.5443540649093235	0.0	-0.42551741345585914
1.545854894904376	0.0	-0.4180603861235281
1.547355724899429	0.0	-0.4105974672716354
1.5488565548944817	0.0	-0.403128803521627
1.5503573848895347	0.0	-0.39565453888892105
1.5518582148845874	0.0	-0.3881748220405279
1.5533590448796402	0.0	-0.3806898012859786
1.5548598748746927	0.0	-0.37319961895882
1.5563607048697456	0.0	-0.36570442262318487
1.5578615348647986	0.0	-0.3582043604531581
1.5593623648598514	0.0	-0.3506995822555034
1.560863194854904	0.0	-0.34319023389391473
1.5623640248499568	0.0	-0.33567645961797465
1.5638648548450098	0.0	-0.3281584123642472
1.5653656848400623	0.0	-0.320636241539038
1.5668665148351153	0.0	-0.31311009606201545
1.568367344830168	0.0	-0.30558012049067856
1.5698681748252208	0.0	-0.29804646371384846
1.5713690048202735	0.0	-0.2905092803131585
1.5728698348153265	0.0	-0.2829687146489672
1.5743706648103795	0.0	-0.2754249173906484
1.575871494805432	0.0	-0.2678780420231717
1.5773723248004847	0.0	-0.26032823285152634
1.5788731547955377	0.0	-0.2527756410378634
1.5803739847905902	0.0	-0.2452204216936914
1.5818748147856432	0.0	-0.237662720695095
1.5833756447806961	0.0	-0.23010268899480507
1.584876474775749	0.0	-0.22254047889480016
1.5863773047708014	0.0	-0.2149762392654078
1.5878781347658544	0.0	-0.20741012158316838
1.5893789647609073	0.0	-0.19984227803295965
1.5908797947559599	0.0	-0.1922728609476442
1.5923806247510128	0.0	-0.18470201676395515
1.5938814547460656	0.0	-0.17712989858482373
1.595382284741118	0.0	-0.16955666085014923
1.596883114736171	0.0	-0.16198245239948605
1.598383944731224	0.0	-0.15440742594152143
1.5998847747262768	0.0	-0.1468317319114276
1.6013856047213293	0.0	-0.1392555217179108
1.6028864347163823	0.0	-0.13167894872884
1.6043872647114352	0.0	-0.1241021656529394
1.6058880947064877	0.0	-0.11652532368942103
1.6073889247015407	0.0	-0.10894857071658502
1.6088897546965935	0.0	-0.1013720606691626
1.6103905846916464	0.0	-0.09379594925015798
1.611891414686699	0.0	-0.0862203873384021
1.613392244681752	0.0	-0.0786455251657868
1.6148930746768049	0.0	-0.07107151386986688
1.6163939046718574	0.0	-0.06349850577115132
1.6178947346669101	0.0	-0.05592665329500714
1.619395564661963	0.0	-0.04835611033910463
1.6208963946570156	0.0	-0.040787028490760095
1.6223972246520686	0.0	-0.03321955706399681
1.6238980546471213	0.0	-0.025653848893701522
1.6253988846421743	0.0	-0.018090057070525852
1.6268997146372268	0.0	-0.010528334032042532
1.6284005446322798	0.0	-0.002968830533915894
1.6299013746273328	0.0	0.004588302110685164
1.6314022046223853	0.0	0.012142909991773695
1.632903034617438	0.0	0.01969484568062617
1.634403864612491	0.0	0.02724395757757263
1.6359046946075435	0.0	0.03479009080530596
1.6374055246025965	0.0	0.042333095233574466
1.6389063545976494	0.0	0.049872819527571874
1.6404071845927022	0.0	0.057409113011821604
1.6419080145877547	0.0	0.06494182323340134
1.6434088445828077	0.0	0.07247080033920274
1.6449096745778606	0.0	0.0799958952525479
1.6464105045729132	0.0	0.08751695560366123
1.6479113345679661	0.0	0.0950338307539791
1.6494121645630189	0.0	0.1025463698647645
1.6509129945580718	0.0	0.11005442401638615
1.6524138245531244	0.0	0.11755784374702091
1.6539146545481773	0.0	0.12505647775278356
1.65541548454323	0.0	0.13255017564155472
1.6569163145382828	0.0	0.1400387875480573
1.6584171445333356	0.0	0.14752216689386122
1.6599179745283885	0.0	0.15500016443281428
1.661418804523441	0.0	0.16247262752099348
1.662919634518494	0.0	0.16993940734040774
1.6644204645135467	0.0	0.17740035868351195
1.6659212945085997	0.0	0.18485533396150294
1.6674221245036522	0.0	0.1923041827299618
1.6689229544987052	0.0	0.19974675646050538
1.6704237844937582	0.0	0.2071829079185548
1.6719246144888107	0.0	0.21461248906857827
1.6734254444838634	0.0	0.22203535204155941
1.6749262744789164	0.0	0.22945135108465425
1.676427104473969	0.0	0.2368603407500133
1.6779279344690219	0.0	0.24426217432986302
1.6794287644640746	0.0	0.25165670399202605
1.6809295944591276	0.0	0.2590437839652758
1.6824304244541801	0.0	0.26642326861076215
1.683931254449233	0.0	0.2737950104382153
1.685432084444286	0.0	0.28115886787516925
1.6869329144393386	0.0	0.28851469642877814
1.6884337444343913	0.0	0.2958623482914978
1.6899345744294443	0.0	0.3032016811329995
1.6914354044244972	0.0	0.31053255085782516
1.6929362344195498	0.0	0.3178548135769042
1.6944370644146027	0.0	0.325168325502843
1.6959378944096555	0.0	0.3324729430823387
1.697438724404708	0.0	0.3397685257224142
1.698939554399761	0.0	0.3470549296850537
1.700440384394814	0.0	0.35433201231337025
1.7019412143898665	0.0	0.36159963439762555
1.7034420443849194	0.0	0.3688576527880814
1.7049428743799722	0.0	0.37610592508971874
1.7064437043750251	0.0	0.38334431393186524
1.7079445343700776	0.0	0.3905726774309576
1.7094453643651306	0.0	0.3977908745658576
1.7109461943601834	0.0	0.40499876815071684
1.712447024355236	0.0	0.4121962169951078
1.7139478543502888	0.0	0.4193830835743074
1.7154486843453418	0.0	0.42655923071789076
1.7169495143403943	0.0	0.4337245172815531
1.7184503443354473	0.0	0.4408788062397475
1.7199511743305	0.0	0.44802196279705625
1.721452004325553	0.0	0.4551538488651119
1.7229528343206055	0.0	0.46227432727970325
1.7244536643156585	0.0	0.4693832622103694
1.7259544943107115	0.0	0.4764805183166157
1.727455324305764	0.0	0.4835659619644892
1.7289561543008167	0.0	0.4906394580660422
1.7304569842958697	0.0	0.4977008695339596
1.7319578142909227	0.0	0.5047500622044871
1.7334586442859752	0.0	0.5117869061958148
1.7349594742810281	0.0	0.5188112687580893
1.736460304276081	0.0	0.5258230145692352
1.7379611342711334	0.0	0.5328220116587519
1.7394619642661864	0.0	0.5398081296334473
1.7409627942612393	0.0	0.5467812353984907
1.7424636242562919	0.0	0.5537411997035876
1.7439644542513446	0.0	0.5606878938743676
1.7454652842463976	0.0	0.5676211853736154
1.7469661142414505	0.0	0.5745409445043449
1.748466944236503	0.0	0.5814470438398301
1.749967774231556	0.0	0.5883393551709969
1.7514686042266088	0.0	0.5952177495032045
1.7529694342216613	0.0	0.6020820987043487
1.7544702642167143	0.0	0.6089322766909221
1.7559710942117672	0.0	0.6157681574779509
1.75747192420682	0.0	0.6225896130041236
1.7589727542018727	0.0	0.6293965175987447
1.7604735841969255	0.0	0.6361887491368372
1.7619744141919784	0.0	0.6429661826253434
1.763475244187031	0.0	0.6497286909086153
1.764976074182084	0.0	0.6564761520496063
1.7664769041771367	0.0	0.663208443951043
1.7679777341721894	0.0	0.6699254416197938
1.7694785641672421	0.0	0.6766270253614435
1.770979394162295	0.0	0.6833130719758038
1.772480224157348	0.0	0.6899834583798246
1.7739810541524006	0.0	0.6966380685201984
1.7754818841474533	0.0	0.7032767809064597
1.7769827141425063	0.0	0.7098994745102953
1.7784835441375588	0.0	0.7165060305089618
1.7799843741326118	0.0	0.7230963294574838
1.7814852041276648	0.0	0.7296702551116274
1.7829860341227173	0.0	0.7362276902197816
1.78448686411777	0.0	0.7427685168340558
1.785987694112823	0.0	0.7492926181649538
1.787488524107876	0.0	0.7557998790371286
1.7889893541029285	0.0	0.7622901850977485
1.7904901840979814	0.0	0.7687634195942675
1.7919910140930342	0.0	0.7752194667937599
1.7934918440880867	0.0	0.7816582145706383
1.7949926740831397	0.0	0.788079551005666
1.7964935040781926	0.0	0.7944833619524359
1.7979943340732454	0.0	0.8008695352268473
1.7994951640682981	0.0	0.8072379603020752
1.8009959940633509	0.0	0.8135885239589385
1.8024968240584038	0.0	0.8199211155319849
1.8039976540534564	0.0	0.8262356273562924
1.8054984840485093	0.0	0.832531948821889
1.806999314043562	0.0	0.8388099687272699
1.8085001440386146	0.0	0.8450695804118207
1.8100009740336676	0.0	0.8513106774827862
1.8115018040287205	0.0	0.8575331510922536
1.8130026340237735	0.0	0.8637368939357392
1.814503464018826	0.0	0.86992180043986
1.8160042940138788	0.0	0.8760877655520473
1.8175051240089317	0.0	0.8822346829195655
1.8190059540039842	0.0	0.8883624461712974
1.8205067839990372	0.0	0.8944709535723677
1.82200761399409	0.0	0.9005601032121763
1.8235084439891427	0.0	0.9066297895944951
1.8250092739841954	0.0	0.9126799094995703
1.8265101039792484	0.0	0.9187103629823262
1.8280109339743014	0.0	0.9247210477132113
1.8295117639693539	0.0	0.9307118620220034
1.8310125939644066	0.0	0.9366827079690233
1.8325134239594596	0.0	0.9426334854428281
1.8340142539545121	0.0	0.9485640932937502
1.835515083949565	0.0	0.9544744337145608
1.837015913944618	0.0	0.9603644091367817
1.8385167439396708	0.0	0.9662339215621463
1.8400175739347233	0.0	0.97208287529368
1.8415184039297763	0.0	0.9779111731139851
1.8430192339248292	0.0	0.9837187176162906
1.8445200639198818	0.0	0.989505414811791
1.8460208939149347	0.0	0.9952711703233919
1.8475217239099875	0.0	1.0010158897093084
1.84902255390504	0.0	1.0067394789345014
1.850523383900093	0.0	1.012441844818627
1.852024213895146	0.0	1.0181228956694006
1.8535250438901987	0.0	1.0237825388179707
1.8550258738852514	0.0	1.0294206815137077
1.8565267038803042	0.0	1.0350372338047857
1.8580275338753571	0.0	1.040632107344355
1.8595283638704097	0.0	1.0462052103676915
1.8610291938654626	0.0	1.0517564510761184
1.8625300238605154	0.0	1.0572857431990113
1.864030853855568	0.0	1.062793000638328
1.8655316838506208	0.0	1.068278133862692
1.8670325138456738	0.0	1.0737410549811364
1.8685333438407268	0.0	1.0791816775336265
1.8700341738357793	0.0	1.084599915711617
1.871535003830832	0.0	1.0899956845737777
1.873035833825885	0.0	1.0953688987459376
1.8745366638209375	0.0	1.1007194740938402
1.8760374938159905	0.0	1.1060473259426091
1.8775383238110435	0.0	1.1113523707741355
1.8790391538060962	0.0	1.1166345272975173
1.8805399838011487	0.0	1.1218937124612918
1.8820408137962017	0.0	1.1271298441274076
1.8835416437912547	0.0	1.1323428419999861
1.8850424737863072	0.0	1.1375326247034072
1.88654330378136	0.0	1.142699112325329
1.888044133776413	0.0	1.1478422256172327
1.8895449637714654	0.0	1.1529618836593993
1.8910457937665184	0.0	1.1580580091379327
1.8925466237615713	0.0	1.1631305261020353
1.894047453756624	0.0	1.1681793550953035
1.8955482837516766	0.0	1.1732044184449006
1.8970491137467296	0.0	1.178205641178076
1.8985499437417825	0.0	1.1831829473625997
1.900050773736835	0.0	1.188136260434671
1.901551603731888	0.0	1.1930655063487468
1.9030524337269408	0.0	1.1979706114922162
1.9045532637219937	0.0	1.2028515007706972
1.9060540937170463	0.0	1.2077081021318186
1.9075549237120992	0.0	1.212540343011883
1.909055753707152	0.0	1.217348149594889
1.9105565837022047	0.0	1.2221314510376065
1.9120574136972575	0.0	1.2268901761933644
1.9135582436923104	0.0	1.231624254719496
1.915059073687363	0.0	1.2363336166568895
1.916559903682416	0.0	1.241018192214317
1.9180607336774687	0.0	1.245677912044098
1.9195615636725216	0.0	1.250312707072792
1.9210623936675741	0.0	1.2549225106990753
1.922563223662627	0.0	1.2595072547890318
1.92406405365768	0.0	1.2640668715306618
1.9255648836527326	0.0	1.2686012951466552
1.9270657136477853	0.0	1.273110459382293
1.9285665436428383	0.0	1.277594299442954
1.9300673736378908	0.0	1.282052750098125
1.9315682036329438	0.0	1.2864857462944608
1.9330690336279968	0.0	1.2908932242955367
1.9345698636230495	0.0	1.2952751205235657
1.936070693618102	0.0	1.2996313729518094
1.937571523613155	0.0	1.303961919083757
1.939072353608208	0.0	1.3082666959639273
1.9405731836032605	0.0	1.3125456427484803
1.9420740135983134	0.0	1.3167986991712197
1.9435748435933662	0.0	1.3210258036644524
1.9450756735884192	0.0	1.3252268967197525
1.9465765035834717	0.0	1.32940191970978
1.9480773335785246	0.0	1.3335508127811497
1.9495781635735774	0.0	1.3376735180273425
1.95107899356863	0.0	1.3417699780208745
1.9525798235636829	0.0	1.3458401345872555
1.9540806535587358	0.0	1.3498839312385638
1.9555814835537884	0.0	1.3539013113574783
1.9570823135488413	0.0	1.3578922188781362
1.958583143543894	0.0	1.3618565995044627
1.960083973538947	0.0	1.3657943974339237
1.9615848035339996	0.0	1.3697055580993491
1.9630856335290525	0.0	1.3735900283829214
1.9645864635241053	0.0	1.377447754592305
1.966087293519158	0.0	1.381278683415686
1.9675881235142108	0.0	1.3850827631368687
1.9690889535092637	0.0	1.3888599418841265
1.9705897835043162	0.0	1.3926101671896884
1.9720906134993692	0.0	1.3963333889407805
1.973591443494422	0.0	1.4000295566858467
1.975092273489475	0.0	1.403698620185858
1.9765931034845274	0.0	1.407340530393912
1.9780939334795804	0.0	1.4109552382678046
1.9795947634746334	0.0	1.4145426953660176
1.981095593469686	0.0	1.4181028533778934
1.9825964234647386	0.0	1.4216356649162276
1.9840972534597916	0.0	1.4251410833593352
1.9855980834548446	0.0	1.4286190619761052
1.987098913449897	0.0	1.432069554373617
1.98859974344495	0.0	1.4354925158847622
1.9901005734400028	0.0	1.4388879015743872
1.9916014034350553	0.0	1.442255665668752
1.9931022334301083	0.0	1.4455957645827833
1.9946030634251612	0.0	1.448908155349071
1.9961038934202138	0.0	1.4521927943178523
1.9976047234152667	0.0	1.455449638851345
1.9991055534103195	0.0	1.4586786476025384
2.0006063834053722	0.0	1.4618797784549644
2.002107213400425	0.0	1.4650529896002735
2.0036080433954777	0.0	1.4681982409829666
2.005108873390531	0.0	1.4713154929903334
2.006609703385583	0.0	1.4744047059257221
2.0081105333806364	0.0	1.4774658395418372
2.009611363375689	0.0	1.4804988554058531
2.011112193370742	0.0	1.4835037160745304
2.0126130233657946	0.0	1.486480383138881
2.0141138533608474	0.0	1.4894288195969578
2.0156146833559005	0.0	1.4923489888503774
2.017115513350953	0.0	1.49524085423148
2.0186163433460056	0.0	1.4981043801545486
2.020117173341059	0.0	1.5009395311348228
2.021618003336111	0.0	1.503746272744185
2.0231188333311643	0.0	1.5065245707008015
2.024619663326217	0.0	1.509274390454831
2.0261204933212698	0.0	1.5119956992616548
2.0276213233163225	0.0	1.5146884642341627
2.0291221533113752	0.0	1.5173526525483991
2.0306229833064284	0.0	1.5199882324617224
2.0321238133014807	0.0	1.5225951725532965
2.0336246432965335	0.0	1.525173442197172
2.0351254732915867	0.0	1.5277230108305178
2.036626303286639	0.0	1.5302438481515566
2.038127133281692	0.0	1.5327359245763361
2.039627963276745	0.0	1.5351992115273931
2.0411287932717976	0.0	1.5376336807792512
2.0426296232668504	0.0	1.540039303977053
2.044130453261903	0.0	1.5424160533420321
2.0456312832569563	0.0	1.5447639014812329
2.0471321132520086	0.0	1.5470828224356665
2.048632943247062	0.0	1.5493727905544263
2.0501337732421145	0.0	1.5516337794072261
2.0516346032371673	0.0	1.5538657637482687
2.05313543323222	0.0	1.5560687196170724
2.0546362632272728	0.0	1.5582426228691084
2.0561370932223255	0.0	1.5603874495770447
2.0576379232173783	0.0	1.562503176780814
2.059138753212431	0.0	1.5645897816120211
2.060639583207484	0.0	1.566647241565751
2.0621404132025365	0.0	1.5686755352892237
2.0636412431975897	0.0	1.5706746417184625
2.0651420731926424	0.0	1.5726445399173177
2.066642903187695	0.0	1.5745852098614979
2.068143733182748	0.0	1.5764966315952482
2.0696445631778007	0.0	1.5783787858097165
2.071145393172854	0.0	1.5802316540101053
2.072646223167906	0.0	1.5820552176330622
2.074147053162959	0.0	1.583849459117175
2.075647883158012	0.0	1.5856143607524082
2.0771487131530644	0.0	1.5873499056912808
2.0786495431481176	0.0	1.589056078545698
2.0801503731431703	0.0	1.5907328627492794
2.081651203138223	0.0	1.5923802427476
2.083152033133276	0.0	1.5939982042992897
2.0846528631283285	0.0	1.595586732638559
2.0861536931233817	0.0	1.5971458137828178
2.087654523118434	0.0	1.5986754346636174
2.089155353113487	0.0	1.600175582419711
2.09065618310854	0.0	1.6016462443315387
2.0921570131035927	0.0	1.6030874084250135
2.0936578430986454	0.0	1.6044990636525445
2.095158673093698	0.0	1.6058811990970947
2.096659503088751	0.0	1.6072338040306497
2.0981603330838037	0.0	1.6085568684637692
2.0996611630788564	0.0	1.6098503830300952
2.1011619930739096	0.0	1.6111143389069411
2.102662823068962	0.0	1.612348727413327
2.104163653064015	0.0	1.6135535405679553
2.105664483059068	0.0	1.6147287715258694
2.1071653130541206	0.0	1.6158744126773523
2.1086661430491733	0.0	1.6169904570087685
2.110166973044226	0.0	1.6180768992524064
2.111667803039279	0.0	1.619133733824787
2.1131686330343316	0.0	1.6201609554319658
2.1146694630293843	0.0	1.6211585598089568
2.1161702930244375	0.0	1.6221265428309182
2.11767112301949	0.0	1.6230649006336637
2.119171953014543	0.0	1.6239736303623362
2.1206727830095957	0.0	1.6248527296603015
2.1221736130046485	0.0	1.6257021960900722
2.123674442999701	0.0	1.6265220282357777
2.125175272994754	0.0	1.6273122252760581
2.126676102989807	0.0	1.6280727860553106
2.1281769329848594	0.0	1.62880371049191
2.129677762979912	0.0	1.6295049992978599
2.1311785929749654	0.0	1.6301766533572595
2.132679422970018	0.0	1.630818673833405
2.134180252965071	0.0	1.6314310624983783
2.1356810829601236	0.0	1.6320138218454903
2.1371819129551763	0.0	1.6325669546522397
2.138682742950229	0.0	1.6330904642259736
2.140183572945282	0.0	1.6335843543584576
2.141684402940335	0.0	1.634048629513006
2.1431852329353873	0.0	1.634483294400154
2.1446860629304405	0.0	1.6348883541078152
2.1461868929254933	0.0	1.6352638144635965
2.147687722920546	0.0	1.6356096817899206
2.1491885529155987	0.0	1.6359259628763232
2.1506893829106515	0.0	1.636212664707151
2.1521902129057042	0.0	1.6364697951635823
2.153691042900757	0.0	1.6366973627148098
2.1551918728958097	0.0	1.636895375711802
2.156692702890863	0.0	1.637063843153202
2.158193532885915	0.0	1.6372027749579756
2.1596943628809684	0.0	1.637312181563388
2.161195192876021	0.0	1.6373920731891323
2.162696022871074	0.0	1.6374424608123488
2.1641968528661266	0.0	1.6374633563909315
2.1656976828611794	0.0	1.6374547719929005
2.1671985128562326	0.0	1.6374167200236085
2.168699342851285	0.0	1.6373492133820549
2.1702001728463376	0.0	1.6372522657023367
2.171701002841391	0.0	1.6371258911310793
2.1732018328364435	0.0	1.6369701041926534
2.1747026628314963	0.0	1.6367849196501763
2.176203492826549	0.0	1.6365703528986644
2.1777043228216018	0.0	1.6363264200532033
2.1792051528166545	0.0	1.636053137447215
2.1807059828117072	0.0	1.6357505219066262
2.1822068128067604	0.0	1.6354185907267582
2.1837076428018127	0.0	1.635057361804028
2.1852084727968655	0.0	1.63466685354429
2.1867093027919187	0.0	1.634247084573661
2.1882101327869714	0.0	1.6337980739841906
2.189710962782024	0.0	1.6333198417481938
2.191211792777077	0.0	1.63281240811716
2.1927126227721296	0.0	1.6322757934011047
2.1942134527671824	0.0	1.6317100188912004
2.195714282762235	0.0	1.631115106284096
2.1972151127572883	0.0	1.630491077512871
2.198715942752341	0.0	1.6298379551351847
2.200216772747394	0.0	1.6291557620271473
2.2017176027424465	0.0	1.628444521665576
2.2032184327374993	0.0	1.6277042581638046
2.204719262732552	0.0	1.6269349958619714
2.2062200927276048	0.0	1.62613675940981
2.2077209227226575	0.0	1.6253095741270718
2.2092217527177103	0.0	1.624453465803291
2.210722582712763	0.0	1.6235684605325904
2.212223412707816	0.0	1.6226545852312115
2.213724242702869	0.0	1.6217118670060058
2.2152250726979217	0.0	1.6207403331340262
2.2167259026929744	0.0	1.6197400119970824
2.218226732688027	0.0	1.6187109321471853
2.21972756268308	0.0	1.6176531220215944
2.2212283926781327	0.0	1.6165666110548973
2.222729222673186	0.0	1.6154514293886653
2.224230052668238	0.0	1.6143076072561142
2.225730882663291	0.0	1.6131351753255903
2.227231712658344	0.0	1.6119341647044116
2.228732542653397	0.0	1.6107046070151207
2.2302333726484496	0.0	1.6094465343823907
2.2317342026435023	0.0	1.6081599791946575
2.233235032638555	0.0	1.6068449744907478
2.234735862633608	0.0	1.6055015535998243
2.2362366926286605	0.0	1.6041297501198226
2.2377375226237137	0.0	1.6027295985921024
2.2392383526187665	0.0	1.6013011336146228
2.2407391826138188	0.0	1.5998443901057262
2.242240012608872	0.0	1.5983594037665845
2.2437408426039247	0.0	1.5968462104866838
2.2452416725989774	0.0	1.5953048467415756
2.24674250259403	0.0	1.593735349423447
2.248243332589083	0.0	1.5921377556532326
2.2497441625841357	0.0	1.5905121030020033
2.2512449925791884	0.0	1.5888584295872343
2.2527458225742416	0.0	1.5871767740770577
2.2542466525692944	0.0	1.585467175560864
2.255747482564347	0.0	1.5837296732073671
2.2572483125594	0.0	1.5819643065199158
2.2587491425544526	0.0	1.580171115874021
2.2602499725495053	0.0	1.5783501420372041
2.261750802544558	0.0	1.5765014258305072
2.263251632539611	0.0	1.574625008761552
2.2647524625346636	0.0	1.572720932838542
2.2662532925297163	0.0	1.5707892400689132
2.2677541225247695	0.0	1.5688299731239614
2.2692549525198222	0.0	1.5668431751162661
2.270755782514875	0.0	1.5648288895176834
2.2722566125099277	0.0	1.5627871600430274
2.2737574425049805	0.0	1.560718030885775
2.275258272500033	0.0	1.558621547035335
2.276759102495086	0.0	1.5564977536844096
2.278259932490139	0.0	1.5543466962028556
2.279760762485192	0.0	1.5521684200436943
2.281261592480244	0.0	1.5499629714501095
2.2827624224752974	0.0	1.5477303975101318
2.28426325247035	0.0	1.5454707452320704
2.285764082465403	0.0	1.5431840619499846
2.2872649124604556	0.0	1.540870395450436
2.2887657424555083	0.0	1.5385297937340574
2.290266572450561	0.0	1.5361623055454012
2.291767402445614	0.0	1.533767980012223
2.293268232440667	0.0	1.531346866404345
2.2947690624357198	0.0	1.5288990143912617
2.2962698924307725	0.0	1.5264244741319162
2.2977707224258253	0.0	1.5239232961707014
2.299271552420878	0.0	1.521395531412819
2.3007723824159307	0.0	1.518841231138148
2.3022732124109835	0.0	1.5162604468560443
2.3037740424060362	0.0	1.5136532307150998
2.3052748724010894	0.0	1.5110196352220056
2.3067757023961417	0.0	1.5083597127598416
2.308276532391195	0.0	1.5056735164140893
2.3097773623862476	0.0	1.5029611001955143
2.3112781923813004	0.0	1.5002225179427362
2.312779022376353	0.0	1.49745782346054
2.314279852371406	0.0	1.4946670713511505
2.3157806823664586	0.0	1.4918503168356114
2.3172815123615114	0.0	1.4890076153571663
2.318782342356564	0.0	1.4861390223462887
2.3202831723516173	0.0	1.4832445937225587
2.3217840023466696	0.0	1.4803243864020963
2.323284832341723	0.0	1.4773784572439963
2.3247856623367755	0.0	1.4744068626037212
2.3262864923318283	0.0	1.4714096602506896
2.327787322326881	0.0	1.4683869086851637
2.3292881523219338	0.0	1.4653386653546647
2.3307889823169865	0.0	1.4622649888372476
2.3322898123120392	0.0	1.4591659387098381
2.3337906423070924	0.0	1.456041573865491
2.335291472302145	0.0	1.4528919537979479
2.3367923022971975	0.0	1.4497171386963978
2.3382931322922507	0.0	1.446517188534387
2.3397939622873034	0.0	1.443292164268168
2.341294792282356	0.0	1.4400421271427692
2.342795622277409	0.0	1.4367671379804208
2.3442964522724616	0.0	1.4334672589734525
2.345797282267515	0.0	1.4301425523465017
2.347298112262567	0.0	1.4267930797743482
2.3487989422576203	0.0	1.4234189043056993
2.350299772252673	0.0	1.4200200895083097
2.351800602247726	0.0	1.4165966982930358
2.3533014322427785	0.0	1.4131487942984995
2.3548022622378313	0.0	1.4096764423524253
2.356303092232884	0.0	1.4061797070822726
2.3578039222279368	0.0	1.40265865264804
2.3593047522229895	0.0	1.3991133439721855
2.3608055822180427	0.0	1.3955438472917574
2.362306412213095	0.0	1.391950228261602
2.363807242208148	0.0	1.388332552115302
2.365308072203201	0.0	1.3846908865670173
2.3668089021982537	0.0	1.3810252987833809
2.3683097321933064	0.0	1.377335854853586
2.369810562188359	0.0	1.373622622746688
2.371311392183412	0.0	1.3698856702539466
2.3728122221784647	0.0	1.3661250656779014
2.374313052173518	0.0	1.3623408779964925
2.3758138821685706	0.0	1.358533175556995
2.377314712163623	0.0	1.354702027881076
2.378815542158676	0.0	1.3508475045682418
2.380316372153729	0.0	1.346969674768181
2.3818172021487816	0.0	1.3430686095512976
2.3833180321438343	0.0	1.3391443799950047
2.384818862138887	0.0	1.3351970559937052
2.3863196921339402	0.0	1.3312267088804661
2.3878205221289925	0.0	1.3272334107923767
2.3893213521240457	0.0	1.3232172333196743
2.3908221821190985	0.0	1.3191782488581907
2.3923230121141508	0.0	1.3151165301757726
2.393823842109204	0.0	1.3110321499747444
2.3953246721042567	0.0	1.3069251814495604
2.3968255020993094	0.0	1.302795698393901
2.398326332094362	0.0	1.298643775087326
2.399827162089415	0.0	1.2944694857462766
2.401327992084468	0.0	1.2902729047065513
2.4028288220795204	0.0	1.286054106735993
2.4043296520745736	0.0	1.281813167254784
2.4058304820696264	0.0	1.2775501623215197
2.407331312064679	0.0	1.2732651681619407
2.408832142059732	0.0	1.2689582609016075
2.4103329720547846	0.0	1.2646295168917934
2.4118338020498373	0.0	1.2602790132708552
2.41333463204489	0.0	1.2559068278270842
2.414835462039943	0.0	1.251513037964514
2.416336292034996	0.0	1.2470977212342758
2.4178371220300483	0.0	1.2426609567231621
2.4193379520251015	0.0	1.2382028234416618
2.4208387820201542	0.0	1.2337233999120913
2.422339612015207	0.0	1.2292227657310162
2.4238404420102597	0.0	1.2247010007437953
2.4253412720053125	0.0	1.2201581847881304
2.4268421020003657	0.0	1.2155943984378945
2.428342931995418	0.0	1.2110097228576786
2.429843761990471	0.0	1.2064042393183745
2.431344591985524	0.0	1.2017780289637867
2.432845421980576	0.0	1.1971311735161039
2.4343462519756294	0.0	1.1924637556478757
2.435847081970682	0.0	1.1877758581948386
2.437347911965735	0.0	1.183067563379023
2.4388487419607876	0.0	1.1783389542873068
2.4403495719558403	0.0	1.1735901157408501
2.4418504019508935	0.0	1.1688211311854335
2.443351231945946	0.0	1.1640320840329215
2.444852061940999	0.0	1.1592230599562465
2.4463528919360518	0.0	1.154394144132439
2.447853721931104	0.0	1.1495454220019128
2.4493545519261573	0.0	1.1446769794409368
2.45085538192121	0.0	1.1397889015633489
2.452356211916263	0.0	1.1348812751188277
2.4538570419113155	0.0	1.1299541879182273
2.4553578719063682	0.0	1.1250077269236793
2.4568587019014214	0.0	1.120041979604167
2.4583595318964737	0.0	1.1150570336011436
2.459860361891527	0.0	1.110052976871783
2.4613611918865796	0.0	1.1050298991753753
2.4628620218816324	0.0	1.0999878896397692
2.464362851876685	0.0	1.0949270363977341
2.465863681871738	0.0	1.0898474300403231
2.467364511866791	0.0	1.084749161837892
2.4688653418618434	0.0	1.0796323203406082
2.470366171856896	0.0	1.0744969963074453
2.4718670018519493	0.0	1.0693432832728984
2.4733678318470016	0.0	1.064171271926627
2.474868661842055	0.0	1.0589810534311332
2.4763694918371075	0.0	1.0537727208049246
2.4778703218321603	0.0	1.0485463667462018
2.479371151827213	0.0	1.043302084715522
2.4808719818222658	0.0	1.0380399682427754
2.482372811817319	0.0	1.032760111164399
2.4838736418123712	0.0	1.0274626078235332
2.4853744718074244	0.0	1.0221475525664259
2.486875301802477	0.0	1.0168150408699046
2.4883761317975295	0.0	1.0114651679427347
2.4898769617925827	0.0	1.0060980295389799
2.4913777917876354	0.0	1.0007137222983757
2.492878621782688	0.0	0.9953123422336912
2.494379451777741	0.0	0.9898939866823839
2.4958802817727936	0.0	0.984458753497935
2.497381111767847	0.0	0.9790067401748672
2.498881941762899	0.0	0.9735380442416386
2.5003827717579523	0.0	0.9680527648609397
2.501883601753005	0.0	0.9625510016928985
2.503384431748058	0.0	0.9570328527203767
2.5048852617431105	0.0	0.9514984174495258
2.5063860917381633	0.0	0.9459477970700142
2.5078869217332165	0.0	0.940381092246296
2.509387751728269	0.0	0.9347984034255818
2.5108885817233215	0.0	0.9291998318745658
2.5123894117183747	0.0	0.9235854799335442
2.513890241713427	0.0	0.9179554488707277
2.51539107170848	0.0	0.9123098404995517
2.516891901703533	0.0	0.9066487591303123
2.5183927316985857	0.0	0.900972307928855
2.5198935616936384	0.0	0.8952805897498539
2.521394391688691	0.0	0.8895737093225381
2.5228952216837444	0.0	0.883851771961437
2.5243960516787967	0.0	0.8781148813822258
2.5258968816738494	0.0	0.8723631420014643
2.5273977116689026	0.0	0.8665966613147293
2.528898541663955	0.0	0.8608155452079251
2.530399371659008	0.0	0.8550198996640463
2.531900201654061	0.0	0.8492098316210915
2.5334010316491136	0.0	0.8433854476365741
2.5349018616441663	0.0	0.8375468564890562
2.536402691639219	0.0	0.8316941665042876
2.5379035216342722	0.0	0.8258274848943954
2.5394043516293245	0.0	0.8199469208446137
2.5409051816243777	0.0	0.8140525852329222
2.5424060116194305	0.0	0.8081445870581592
2.5439068416144828	0.0	0.8022230354300682
2.545407671609536	0.0	0.7962880416809957
2.5469085016045887	0.0	0.7903397161513709
2.5484093315996414	0.0	0.7843781704631294
2.549910161594694	0.0	0.7784035166971968
2.551410991589747	0.0	0.7724158663877012
2.5529118215848	0.0	0.7664153328324026
2.5544126515798524	0.0	0.7604020285065071
2.5559134815749056	0.0	0.7543760663612066
2.5574143115699584	0.0	0.7483375608463863
2.558915141565011	0.0	0.7422866261315699
2.560415971560064	0.0	0.7362233757886647
2.5619168015551166	0.0	0.7301479239440861
2.5634176315501698	0.0	0.7240603880466229
2.564918461545222	0.0	0.7179608842650369
2.566419291540275	0.0	0.7118495267997178
2.567920121535328	0.0	0.7057264318364046
2.5694209515303803	0.0	0.6995917169593876
2.5709217815254335	0.0	0.6934455004939172
2.5724226115204862	0.0	0.6872878997808908
2.573923441515539	0.0	0.681119031920994
2.5754242715105917	0.0	0.6749390147142069
2.5769251015056445	0.0	0.6687479689270118
2.5784259315006977	0.0	0.6625460142277485
2.57992676149575	0.0	0.6563332674228897
2.581427591490803	0.0	0.6501098491618726
2.582928421485856	0.0	0.643875881891683
2.584429251480908	0.0	0.6376314857180496
2.5859300814759614	0.0	0.6313767807667113
2.587430911471014	0.0	0.6251118884095535
2.588931741466067	0.0	0.6188369306407115
2.5904325714611196	0.0	0.6125520312332464
2.5919334014561723	0.0	0.6062573123214557
2.5934342314512255	0.0	0.5999528952510564
2.594935061446278	0.0	0.5936389040846988
2.596435891441331	0.0	0.5873154633009515
2.5979367214363838	0.0	0.5809826964542455
2.5994375514314365	0.0	0.574640727927649
2.6009383814264893	0.0	0.5682896838755548
2.602439211421542	0.0	0.5619296883390866
2.6039400414165947	0.0	0.5555608655195774
2.6054408714116475	0.0	0.5491833435953654
2.6069417014067002	0.0	0.5427972484620084
2.6084425314017534	0.0	0.5364027049985701
2.6099433613968057	0.0	0.5299998416206045
2.611444191391859	0.0	0.5235887850462042
2.6129450213869116	0.0	0.5171696623508115
2.6144458513819644	0.0	0.5107426030743658
2.615946681377017	0.0	0.5043077347236143
2.61744751137207	0.0	0.4978651849192612
2.618948341367123	0.0	0.4914150834846584
2.6204491713621754	0.0	0.484957559941215
2.621950001357228	0.0	0.47849274302786193
2.6234508313522813	0.0	0.47202076277740856
2.6249516613473336	0.0	0.46554175013450383
2.626452491342387	0.0	0.4590558359698597
2.6279533213374395	0.0	0.45256314952143556
2.6294541513324923	0.0	0.44606382144120243
2.630954981327545	0.0	0.43955798556343467
2.6324558113225978	0.0	0.4330457738431728
2.633956641317651	0.0	0.42652731537044664
2.6354574713127032	0.0	0.42000274227287787
2.6369583013077564	0.0	0.41347218998657254
2.638459131302809	0.0	0.40693579115353
2.639959961297862	0.0	0.4003936784988964
2.6414607912929147	0.0	0.3938459843781701
2.6429616212879674	0.0	0.3872928411346438
2.64446245128302	0.0	0.3807343852393928
2.645963281278073	0.0	0.37417075058509386
2.6474641112731256	0.0	0.3676020703036388
2.648964941268179	0.0	0.36102848199975346
2.650465771263231	0.0	0.35445011858030107
2.6519666012582843	0.0	0.34786711364550227
2.653467431253337	0.0	0.3412796048831928
2.65496826124839	0.0	0.3346877261367827
2.6564690912434425	0.0	0.3280916155656175
2.6579699212384953	0.0	0.3214914095082852
2.6594707512335485	0.0	0.3148872414786049
2.660971581228601	0.0	0.3082792496020052
2.6624724112236535	0.0	0.301667570327961
2.6639732412187067	0.0	0.2950523413290691
2.665474071213759	0.0	0.2884336993414166
2.666974901208812	0.0	0.28181178012134256
2.668475731203865	0.0	0.27518672323288357
2.6699765611989177	0.0	0.26855866842183007
2.6714773911939704	0.0	0.2619277503017349
2.672978221189023	0.0	0.25529410472754444
2.6744790511840764	0.0	0.24865787356133248
2.6759798811791287	0.0	0.24201919496244456
2.6774807111741814	0.0	0.2353782068837649
2.6789815411692346	0.0	0.2287350490616893
2.6804823711642873	0.0	0.22208985788418328
2.68198320115934	0.0	0.21544277306929724
2.683484031154393	0.0	0.20879393581067646
2.6849848611494456	0.0	0.20214348362990014
2.6864856911444983	0.0	0.1954915559245265
2.687986521139551	0.0	0.18883829200290114
2.6894873511346042	0.0	0.1821838302184032
2.6909881811296565	0.0	0.17552831224513876
2.6924890111247097	0.0	0.16887187747770704
2.6939898411197625	0.0	0.1622146642940835
2.695490671114815	0.0	0.1555568145409554
2.696991501109868	0.0	0.1488984688912656
2.6984923311049207	0.0	0.1422397654303856
2.6999931610999734	0.0	0.13558084329407988
2.701493991095026	0.0	0.12892184412571833
2.702994821090079	0.0	0.12226290796373235
2.704495651085132	0.0	0.11560417366348819
2.7059964810801844	0.0	0.1089457835400021
2.7074973110752376	0.0	0.10228787948615811
2.7089981410702904	0.0	0.09563059873699735
2.710498971065343	0.0	0.08897408089964616
2.711999801060396	0.0	0.08231846868643486
2.7135006310554486	0.0	0.07566390187696001
2.7150014610505018	0.0	0.06901052060515338
2.716502291045554	0.0	0.062358465728855644
2.718003121040607	0.0	0.05570787530865708
2.71950395103566	0.0	0.04905889057825995
2.7210047810307127	0.0	0.04241165522963136
2.7225056110257655	0.0	0.03576630718473443
2.7240064410208182	0.0	0.02912298416546975
2.725507271015871	0.0	0.022481827830593822
2.7270081010109237	0.0	0.015842978754442218
2.7285089310059765	0.0	0.009206577095653989
2.7300097610010297	0.0	0.002572763422424871
2.731510590996082	0.0	-0.004058323431405313
2.7330114209911347	0.0	-0.010686544705748762
2.734512250986188	0.0	-0.01731176121246749
2.7360130809812406	0.0	-0.023933830377969326
2.7375139109762934	0.0	-0.03055261147372002
2.739014740971346	0.0	-0.03716797196246724
2.740515570966399	0.0	-0.04377977121136203
2.7420164009614516	0.0	-0.05038786375088055
2.7435172309565043	0.0	-0.05699211515540081
2.7450180609515575	0.0	-0.06359238831005234
2.7465188909466103	0.0	-0.07018854183943582
2.748019720941663	0.0	-0.07678043807095426
2.7495205509367158	0.0	-0.08336793886390363
2.7510213809317685	0.0	-0.08995090760236767
2.7525222109268213	0.0	-0.09652920544007892
2.754023040921874	0.0	-0.10310269203679234
2.7555238709169267	0.0	-0.10967123180238823
2.7570247009119795	0.0	-0.11623468996312325
2.7585255309070322	0.0	-0.12279292761425355
2.7600263609020854	0.0	-0.1293458066488812
2.761527190897138	0.0	-0.1358931917972676
2.763028020892191	0.0	-0.14243494569188433
2.7645288508872436	0.0	-0.14897093268413528
2.7660296808822964	0.0	-0.15550101813265346
2.767530510877349	0.0	-0.1620250656156672
2.769031340872402	0.0	-0.16854293984191154
2.770532170867455	0.0	-0.1750545054614601
2.7720330008625074	0.0	-0.1815596261203753
2.77353383085756	0.0	-0.18805816863446578
2.7750346608526133	0.0	-0.1945500001459871
2.776535490847666	0.0	-0.20103498460588531
2.778036320842719	0.0	-0.2075129904288416
2.7795371508377715	0.0	-0.21398388577684235
2.7810379808328243	0.0	-0.22044753296800682
2.782538810827877	0.0	-0.22690379974858776
2.7840396408229298	0.0	-0.23335255797416415
2.785540470817983	0.0	-0.2397936733884403
2.7870413008130357	0.0	-0.24622701174447822
2.7885421308080884	0.0	-0.2526524462040147
2.790042960803141	0.0	-0.2590698464539347
2.791543790798194	0.0	-0.2654790776496279
2.7930446207932467	0.0	-0.2718800106455469
2.7945454507882994	0.0	-0.278272517140113
2.796046280783352	0.0	-0.28465646755026
2.797547110778405	0.0	-0.29103173387333786
2.7990479407734576	0.0	-0.29739818571611787
2.800548770768511	0.0	-0.3037556945213673
2.8020496007635636	0.0	-0.3101041350589054
2.8035504307586163	0.0	-0.3164433788546461
2.805051260753669	0.0	-0.32277329736985033
2.806552090748722	0.0	-0.3290937649215427
2.8080529207437745	0.0	-0.33540465652890855
2.8095537507388273	0.0	-0.34170584673688614
2.81105458073388	0.0	-0.3479972111409177
2.812555410728933	0.0	-0.3542786240917231
2.8140562407239855	0.0	-0.3605499599431659
2.8155570707190387	0.0	-0.36681109627459546
2.8170579007140915	0.0	-0.3730619093867954
2.818558730709144	0.0	-0.3793022771392172
2.820059560704197	0.0	-0.38553207940003775
2.8215603906992497	0.0	-0.39175119202952596
2.8230612206943024	0.0	-0.39795949244669243
2.824562050689355	0.0	-0.4041568617888479
2.8260628806844084	0.0	-0.41034317868869347
2.827563710679461	0.0	-0.4165183239384882
2.8290645406745134	0.0	-0.4226821804283923
2.8305653706695666	0.0	-0.4288346269050635
2.8320662006646193	0.0	-0.43497554585199033
2.833567030659672	0.0	-0.44110482124667555
2.835067860654725	0.0	-0.4472223340015491
2.8365686906497776	0.0	-0.4533279683682613
2.8380695206448303	0.0	-0.4594216078960799
2.839570350639883	0.0	-0.46550313586334324
2.8410711806349362	0.0	-0.471572441863341
2.842572010629989	0.0	-0.4776294120392002
2.8440728406250417	0.0	-0.48367392623744165
2.8455736706200945	0.0	-0.4897058742916965
2.847074500615147	0.0	-0.49572514661473777
2.8485753306102	0.0	-0.5017316269776996
2.8500761606052527	0.0	-0.5077252054606387
2.8515769906003055	0.0	-0.5137057729322481
2.853077820595358	0.0	-0.5196732179323177
2.854578650590411	0.0	-0.5256274322105884
2.856079480585464	0.0	-0.531568306567993
2.857580310580517	0.0	-0.5374957308997276
2.8590811405755696	0.0	-0.5434095986929588
2.8605819705706224	0.0	-0.5493098007732898
2.862082800565675	0.0	-0.5551962308927696
2.863583630560728	0.0	-0.5610687885948851
2.8650844605557806	0.0	-0.5669273664488235
2.8665852905508338	0.0	-0.5727718564938414
2.8680861205458865	0.0	-0.5786021557350841
2.869586950540939	0.0	-0.5844181624592213
2.871087780535992	0.0	-0.5902197726178061
2.8725886105310448	0.0	-0.5960068831050784
2.8740894405260975	0.0	-0.6017793956147625
2.8755902705211502	0.0	-0.6075372085936633
2.877091100516203	0.0	-0.6132802204208625
2.8785919305112557	0.0	-0.6190083322971777
2.8800927605063085	0.0	-0.6247214450969052
2.8815935905013617	0.0	-0.6304194608896128
2.8830944204964144	0.0	-0.6361022831495403
2.8845952504914667	0.0	-0.641769813755236
2.88609608048652	0.0	-0.647421957912263
2.8875969104815726	0.0	-0.6530586199143074
2.8890977404766254	0.0	-0.6586797013996131
2.890598570471678	0.0	-0.6642851109993283
2.892099400466731	0.0	-0.6698747566853084
2.893600230461784	0.0	-0.6754485448275029
2.8951010604568364	0.0	-0.6810063816110749
2.8966018904518895	0.0	-0.6865481770533883
2.8981027204469423	0.0	-0.6920738410547067
2.899603550441995	0.0	-0.6975832789006513
2.9011043804370478	0.0	-0.7030764023583473
2.9026052104321005	0.0	-0.708553125480659
2.9041060404271533	0.0	-0.7140133607616347
2.905606870422206	0.0	-0.7194570200300201
2.9071077004172587	0.0	-0.7248840159216345
2.908608530412312	0.0	-0.7302942605362086
2.9101093604073642	0.0	-0.7356876688816101
2.9116101904024174	0.0	-0.7410641587011889
2.91311102039747	0.0	-0.7464236444544257
2.914611850392523	0.0	-0.7517660409766438
2.9161126803875757	0.0	-0.7570912662021757
2.9176135103826284	0.0	-0.7623992395070315
2.919114340377681	0.0	-0.7676898801810048
2.920615170372734	0.0	-0.7729631072058434
2.922116000367787	0.0	-0.7782188378997504
2.92361683036284	0.0	-0.7834569940231197
2.925117660357892	0.0	-0.7886774987903394
2.9266184903529453	0.0	-0.7938802727418806
2.928119320347998	0.0	-0.7990652387471171
2.929620150343051	0.0	-0.8042323193057197
2.9311209803381035	0.0	-0.8093814386425606
2.9326218103331563	0.0	-0.8145125219004178
2.9341226403282095	0.0	-0.8196254941912775
2.9356234703232618	0.0	-0.8247202825063228
2.937124300318315	0.0	-0.8297968109039663
2.9386251303133677	0.0	-0.8348550081928937
2.94012596030842	0.0	-0.8398948037054337
2.941626790303473	0.0	-0.8449161234715893
2.943127620298526	0.0	-0.8499188986412471
2.9446284502935787	0.0	-0.8549030582017402
2.9461292802886314	0.0	-0.8598685312266364
2.947630110283684	0.0	-0.8648152510960999
2.9491309402787373	0.0	-0.8697431501676234
2.9506317702737896	0.0	-0.874652162314241
2.952132600268843	0.0	-0.8795422169976803
2.9536334302638956	0.0	-0.8844132440739871
2.9551342602589483	0.0	-0.8892651852839337
2.956635090254001	0.0	-0.8940979780309046
2.958135920249054	0.0	-0.8989115516164371
2.9596367502441066	0.0	-0.9037058399567287
2.9611375802391593	0.0	-0.9084807834925339
2.962638410234212	0.0	-0.9132363236134893
2.9641392402292652	0.0	-0.917972395819186
2.9656400702243175	0.0	-0.9226889360897502
2.9671409002193707	0.0	-0.9273858861721496
2.9686417302144235	0.0	-0.9320631849422383
2.970142560209476	0.0	-0.9367207724156795
2.971643390204529	0.0	-0.9413585923233109
2.9731442201995817	0.0	-0.9459765864428362
2.974645050194635	0.0	-0.950574694167687
2.976145880189687	0.0	-0.9551528565547465
2.9776467101847404	0.0	-0.9597110199779224
2.979147540179793	0.0	-0.9642491338670233
2.9806483701748454	0.0	-0.9687671391064249
2.9821492001698986	0.0	-0.9732649756440489
2.9836500301649513	0.0	-0.9777425952693796
2.985150860160004	0.0	-0.9821999421506625
2.986651690155057	0.0	-0.9866369595381637
2.9881525201501096	0.0	-0.9910536001948088
2.9896533501451628	0.0	-0.9954498123859641
2.991154180140215	0.0	-0.9998255414258791
2.9926550101352682	0.0	-1.0041807395968896
2.994155840130321	0.0	-1.008515356316487
2.9956566701253737	0.0	-1.012829338993678
2.9971575001204265	0.0	-1.0171226389250774
2.998658330115479	0.0	-1.0203322537054518
3.000159160110532	0.0	-1.0214003956310536
