0.0	0.0	1.9999246169903024
0.0015008299950527925	0.0	1.9999019632051618
0.003001659990105585	0.0	1.999824892453558
0.004502489985158378	0.0	1.999697752324353
0.00600331998021117	0.0	1.9995338217453769
0.0075041499752639615	0.0	1.999332853834421
0.009004979970316756	0.0	1.9990948370395918
0.010505809965369548	0.0	1.9988198832423643
0.01200663996042234	0.0	1.9985077406578386
0.01350746995547513	0.0	1.9981577675817146
0.015008299950527923	0.0	1.997769704244399
0.016509129945580715	0.0	1.997343393080989
0.01800995994063351	0.0	1.9968781957874369
0.019510789935686303	0.0	1.9963735445478905
0.021011619930739096	0.0	1.995828745749793
0.022512449925791888	0.0	1.9952419848889758
0.02401327992084468	0.0	1.9946105556956688
0.02551410991589747	0.0	1.99393206146922
0.02701493991095026	0.0	1.9932059915752214
0.028515769906003054	0.0	1.9924349008062905
0.030016599901055846	0.0	1.9916223459449542
0.03151742989610864	0.0	1.990770022739194
0.03301825989116143	0.0	1.9898781852552865
0.03451908988621422	0.0	1.9889468743216177
0.03601991988126702	0.0	1.9879761213397489
0.037520749876319814	0.0	1.9869659586234514
0.03902157987137261	0.0	1.9859164282040453
0.0405224098664254	0.0	1.984827577027254
0.04202323986147819	0.0	1.9836994487725323
0.043524069856530984	0.0	1.9825320868359593
0.045024899851583776	0.0	1.9813255389622926
0.04652572984663657	0.0	1.9800798541531295
0.04802655984168936	0.0	1.9787950803197334
0.04952738983674215	0.0	1.9774712663036547
0.05102821983179494	0.0	1.9761084615739417
0.05252904982684774	0.0	1.9747067149157995
0.05402987982190052	0.0	1.9732660767984365
0.05553070981695332	0.0	1.9717866014162446
0.05703153981200611	0.0	1.9702683447532816
0.05853236980705891	0.0	1.968711362801118
0.06003319980211169	0.0	1.967115711975301
0.06153402979716449	0.0	1.9654814496755046
0.06303485979221728	0.0	1.9638086343583512
0.06453568978727008	0.0	1.9620973253708598
0.06603651978232286	0.0	1.9603475834355577
0.06753734977737566	0.0	1.9585594710064111
0.06903817977242845	0.0	1.9567330518290724
0.07053900976748124	0.0	1.9548683907988416
0.07203983976253404	0.0	1.9529655540465964
0.07354066975758683	0.0	1.951024608857078
0.07504149975263963	0.0	1.9490456234396556
0.07654232974769241	0.0	1.9470286670364583
0.07804315974274521	0.0	1.9449738101896141
0.079543989737798	0.0	1.9428811247380515
0.0810448197328508	0.0	1.940750683629984
0.08254564972790358	0.0	1.9385825607932436
0.08404647972295638	0.0	1.9363768314662404
0.08554730971800917	0.0	1.9341335721288329
0.08704813971306197	0.0	1.9318528603992466
0.08854896970811475	0.0	1.9295347751011493
0.09004979970316755	0.0	1.927179396066926
0.09155062969822034	0.0	1.9247868044399838
0.09305145969327314	0.0	1.9223570822918439
0.09455228968832592	0.0	1.9198903125969435
0.09605311968337872	0.0	1.9173865798355156
0.0975539496784315	0.0	1.9148459695236126
0.0990547796734843	0.0	1.912268568190582
0.10055560966853709	0.0	1.9096544634617232
0.10205643966358988	0.0	1.9070037435807203
0.10355726965864268	0.0	1.9043164981060614
0.10505809965369547	0.0	1.9015928180233115
0.10655892964874826	0.0	1.8988327950167472
0.10805975964380105	0.0	1.8960365217841442
0.10956058963885383	0.0	1.8932040919861222
0.11106141963390664	0.0	1.8903356004021201
0.11256224962895943	0.0	1.8874311429219346
0.11406307962401221	0.0	1.8844908161978027
0.115563909619065	0.0	1.8815147180095921
0.11706473961411781	0.0	1.8785029469427654
0.1185655696091706	0.0	1.8754556023712181
0.12006639960422338	0.0	1.8723727849612994
0.1215672295992762	0.0	1.8692545963612976
0.12306805959432898	0.0	1.8661011390891857
0.12456888958938177	0.0	1.8629125162152809
0.12606971958443455	0.0	1.8596888316031874
0.12757054957948735	0.0	1.8564301907533962
0.12907137957454015	0.0	1.8531366996708354
0.13057220956959295	0.0	1.8498084648173607
0.13207303956464572	0.0	1.8464455941116986
0.13357386955969852	0.0	1.8430481959739338
0.13507469955475132	0.0	1.8396163793782527
0.1365755295498041	0.0	1.836150254626193
0.1380763595448569	0.0	1.8326499328914638
0.1395771895399097	0.0	1.829115525916911
0.1410780195349625	0.0	1.8255471462686363
0.14257884953001526	0.0	1.821944906971399
0.1440796795250681	0.0	1.8183089217172208
0.14558050952012086	0.0	1.8146393055886123
0.14708133951517366	0.0	1.8109361744976087
0.14858216951022643	0.0	1.8071996446283773
0.15008299950527926	0.0	1.8034298327119378
0.15158382950033203	0.0	1.799626856438492
0.15308465949538483	0.0	1.7957908341116717
0.1545854894904376	0.0	1.791921884774441
0.15608631948549043	0.0	1.7880201284843713
0.1575871494805432	0.0	1.7840856855821514
0.159087979475596	0.0	1.7801186767376354
0.16058880947064877	0.0	1.776119223686531
0.1620896394657016	0.0	1.7720874488276481
0.16359046946075437	0.0	1.7680234750469708
0.16509129945580717	0.0	1.7639274261283966
0.16659212945085994	0.0	1.7597994260972192
0.16809295944591277	0.0	1.755639599449798
0.16959378944096554	0.0	1.751448071533396
0.17109461943601834	0.0	1.747224968006004
0.17259544943107114	0.0	1.7429704152184524
0.17409627942612393	0.0	1.7386845405311495
0.1755971094211767	0.0	1.73436747118204
0.1770979394162295	0.0	1.7300193349847888
0.1785987694112823	0.0	1.7256402608397015
0.1800995994063351	0.0	1.7212303770074857
0.18160042940138788	0.0	1.7167898130399908
0.18310125939644067	0.0	1.7123186995556778
0.18460208939149347	0.0	1.7078171665900561
0.18610291938654627	0.0	1.703285345018424
0.18760374938159904	0.0	1.6987233663776655
0.18910457937665184	0.0	1.6941313620968297
0.19060540937170464	0.0	1.6895094638760244
0.19210623936675744	0.0	1.684857804791661
0.1936070693618102	0.0	1.6801765182319692
0.195107899356863	0.0	1.6754657372756538
0.1966087293519158	0.0	1.6707255951646613
0.1981095593469686	0.0	1.665956226701215
0.19961038934202138	0.0	1.6611577669617412
0.20111121933707418	0.0	1.656330349172023
0.20261204933212695	0.0	1.651474108736524
0.20411287932717975	0.0	1.6465891824259693
0.20561370932223258	0.0	1.6416757057803988
0.20711453931728535	0.0	1.6367338146116683
0.20861536931233815	0.0	1.631763645295446
0.21011619930739095	0.0	1.626765335326347
0.21161702930244372	0.0	1.621739021484325
0.21311785929749652	0.0	1.6166848401966256
0.2146186892925493	0.0	1.6116029299328412
0.2161195192876021	0.0	1.6064934286751311
0.21762034928265492	0.0	1.6013564743232291
0.21912117927770766	0.0	1.5961922056386102
0.2206220092727605	0.0	1.5910007607659358
0.2221228392678133	0.0	1.58578227855066
0.22362366926286606	0.0	1.5805368981647572
0.22512449925791886	0.0	1.5752647591599103
0.22662532925297169	0.0	1.569966001514447
0.22812615924802443	0.0	1.564640763711848
0.22962698924307726	0.0	1.559289185490155
0.23112781923813	0.0	1.5539114079066425
0.23262864923318283	0.0	1.5485075709735365
0.23412947922823563	0.0	1.5430778148778637
0.2356303092232884	0.0	1.5376222797142571
0.2371311392183412	0.0	1.532141106364377
0.238631969213394	0.0	1.5266344357515127
0.24013279920844677	0.0	1.5211024079102302
0.2416336292034996	0.0	1.5155451639201256
0.2431344591985524	0.0	1.5099628447653133
0.24463528919360517	0.0	1.5043555909431958
0.24613611918865796	0.0	1.498723544231184
0.24763694918371074	0.0	1.4930668471027644
0.24913777917876354	0.0	1.4873856413992432
0.25063860917381636	0.0	1.4816800688102236
0.2521394391688691	0.0	1.47595027237219
0.2536402691639219	0.0	1.470196395260309
0.2551410991589747	0.0	1.4644185790933355
0.2566419291540275	0.0	1.4586169662539168
0.2581427591490803	0.0	1.4527916994258476
0.25964358914413305	0.0	1.446942921282215
0.2611444191391859	0.0	1.441070775216094
0.2626452491342387	0.0	1.4351754035007989
0.26414607912929144	0.0	1.4292569483403474
0.26564690912434424	0.0	1.4233155522991963
0.26714773911939704	0.0	1.4173513585502004
0.26864856911444984	0.0	1.4113645103231562
0.27014939910950264	0.0	1.4053551504043496
0.27165022910455544	0.0	1.3993234215399537
0.2731510590996082	0.0	1.393269466745703
0.27465188909466104	0.0	1.3871934287416028
0.2761527190897138	0.0	1.3810954498764567
0.2776535490847666	0.0	1.3749756743797634
0.2791543790798194	0.0	1.3688342455998812
0.2806552090748722	0.0	1.3626713053311976
0.282156039069925	0.0	1.3564869961797799
0.2836568690649778	0.0	1.3502814617588679
0.2851576990600305	0.0	1.3440548454415642
0.2866585290550834	0.0	1.337807289801646
0.2881593590501362	0.0	1.3315389388143637
0.2896601890451889	0.0	1.3252499354215515
0.2911610190402417	0.0	1.318940421094072
0.2926618490352945	0.0	1.312610539747109
0.2941626790303473	0.0	1.3062604345335447
0.2956635090254001	0.0	1.299890247909981
0.29716433902045286	0.0	1.2935001233897012
0.2986651690155057	0.0	1.2870902035356082
0.3001659990105585	0.0	1.280660631149245
0.30166682900561126	0.0	1.2742115488167423
0.30316765900066406	0.0	1.2677430998448846
0.30466848899571686	0.0	1.261255427121506
0.30616931899076966	0.0	1.2547486727907053
0.30767014898582246	0.0	1.248222980287095
0.3091709789808752	0.0	1.2416784920872497
0.31067180897592805	0.0	1.2351153508080739
0.31217263897098085	0.0	1.2285336990633273
0.3136734689660336	0.0	1.2219336784592822
0.3151742989610864	0.0	1.2153154325400315
0.3166751289561392	0.0	1.2086791047357115
0.318175958951192	0.0	1.2020248358239756
0.3196767889462448	0.0	1.1953527677670581
0.32117761894129754	0.0	1.1886630444109028
0.3226784489363504	0.0	1.1819558081289283
0.3241792789314032	0.0	1.175231200490568
0.32568010892645594	0.0	1.1684893632254452
0.32718093892150873	0.0	1.1617304384913445
0.32868176891656153	0.0	1.154954569798479
0.33018259891161433	0.0	1.1481618993138802
0.33168342890666713	0.0	1.1413525675703107
0.3331842589017199	0.0	1.1345267163051607
0.3346850888967727	0.0	1.1276844884094077
0.33618591889182553	0.0	1.1208260263504175
0.3376867488868783	0.0	1.1139514712139444
0.3391875788819311	0.0	1.1070609640658067
0.3406884088769839	0.0	1.1001546471962396
0.34218923887203667	0.0	1.0932326622747996
0.34369006886708947	0.0	1.0862951509987469
0.34519089886214227	0.0	1.0793422555967327
0.346691728857195	0.0	1.0723741164491334
0.34819255885224787	0.0	1.0653908748573004
0.3496933888473006	0.0	1.0583926733841733
0.3511942188423534	0.0	1.051379653412808
0.3526950488374062	0.0	1.044351955914965
0.354195878832459	0.0	1.037309721722335
0.3556967088275118	0.0	1.0302530918991464
0.3571975388225646	0.0	1.023182208564606
0.35869836881761735	0.0	1.0160972137502624
0.3601991988126702	0.0	1.0089982467444507
0.361700028807723	0.0	1.0018854483263409
0.36320085880277575	0.0	0.9947589606107016
0.36470168879782855	0.0	0.9876189242397024
0.36620251879288135	0.0	0.9804654813325876
0.36770334878793415	0.0	0.9732987716305613
0.36920417878298695	0.0	0.9661189350455966
0.3707050087780397	0.0	0.9589261139851031
0.37220583877309255	0.0	0.9517204493208284
0.37370666876814534	0.0	0.9445020818150023
0.3752074987631981	0.0	0.937271151502912
0.3767083287582509	0.0	0.9300277992254953
0.3782091587533037	0.0	0.9227721667616422
0.3797099887483565	0.0	0.9155043942976211
0.3812108187434093	0.0	0.9082246213573747
0.38271164873846203	0.0	0.9009329897228261
0.3842124787335149	0.0	0.8936296405907644
0.3857133087285677	0.0	0.8863147132724946
0.3872141387236204	0.0	0.878988349164942
0.38871496871867317	0.0	0.871650687807473
0.390215798713726	0.0	0.8643018701287585
0.3917166287087788	0.0	0.856942039112169
0.3932174587038316	0.0	0.8495713328152621
0.3947182886988844	0.0	0.8421898900905558
0.3962191186939372	0.0	0.8347978551320415
0.39771994868898997	0.0	0.8273953680643302
0.39922077868404277	0.0	0.8199825652815642
0.40072160867909556	0.0	0.8125595892926827
0.40222243867414836	0.0	0.8051265817441993
0.4037232686692012	0.0	0.7976836813129072
0.4052240986642539	0.0	0.7902310280463736
0.4067249286593067	0.0	0.7827687619583965
0.4082257586543595	0.0	0.7752970254994386
0.40972658864941236	0.0	0.7678159578514979
0.41122741864446516	0.0	0.7603256974941902
0.41272824863951796	0.0	0.7528263874170629
0.4142290786345707	0.0	0.7453181661860593
0.4157299086296235	0.0	0.7378011730479048
0.4172307386246763	0.0	0.7302755506193184
0.4187315686197291	0.0	0.7227414390773215
0.4202323986147819	0.0	0.7151989777056265
0.42173322860983464	0.0	0.7076483071464031
0.42323405860488744	0.0	0.7000895679155474
0.42473488859994024	0.0	0.6925228995308255
0.42623571859499304	0.0	0.6849484434014794
0.42773654859004584	0.0	0.67736633858623
0.4292373785850986	0.0	0.6697767249694948
0.4307382085801514	0.0	0.6621797452389709
0.4322390385752042	0.0	0.6545755390910711
0.43373986857025704	0.0	0.6469642458187175
0.43524069856530984	0.0	0.6393460050043291
0.43674152856036264	0.0	0.6317209586918079
0.4382423585554153	0.0	0.6240892493192625
0.4397431885504682	0.0	0.6164510144513992
0.441244018545521	0.0	0.6088063918008345
0.4427448485405738	0.0	0.6011555245572898
0.4442456785356266	0.0	0.5934985560061344
0.4457465085306793	0.0	0.5858356240139619
0.4472473385257321	0.0	0.578166868101571
0.4487481685207849	0.0	0.5704924304484209
0.4502489985158377	0.0	0.562812451591934
0.4517498285108905	0.0	0.5551270710467324
0.45325065850594337	0.0	0.5474364287835243
0.45475148850099606	0.0	0.5397406672774056
0.45625231849604886	0.0	0.532039925365323
0.45775314849110166	0.0	0.524334343834287
0.4592539784861545	0.0	0.5166240654150477
0.4607548084812073	0.0	0.5089092282329963
0.46225563847626	0.0	0.5011899740516365
0.46375646847131285	0.0	0.493466442786122
0.46525729846636565	0.0	0.48573877490922235
0.46675812846141845	0.0	0.4780071131733246
0.46825895845647125	0.0	0.4702715967788834
0.46975978845152405	0.0	0.46253236654053875
0.4712606184465768	0.0	0.45478956265384257
0.4727614484416296	0.0	0.4470433260043389
0.4742622784366824	0.0	0.4392937986605258
0.4757631084317352	0.0	0.431541119782801
0.477263938426788	0.0	0.4237854302782719
0.47876476842184074	0.0	0.4160268718550357
0.48026559841689354	0.0	0.40826558532462515
0.48176642841194633	0.0	0.4005017108363958
0.4832672584069992	0.0	0.392735388028284
0.484768088402052	0.0	0.38496675960636934
0.4862689183971048	0.0	0.3771959668505508
0.4877697483921575	0.0	0.3694231490598902
0.48927057838721033	0.0	0.36164844751731956
0.49077140838226313	0.0	0.3538720030220921
0.49227223837731593	0.0	0.3460939565583591
0.49377306837236873	0.0	0.3383144479858679
0.4952738983674215	0.0	0.3305336177157306
0.49677472836247427	0.0	0.3227516089962925
0.49827555835752707	0.0	0.314968562306389
0.49977638835257987	0.0	0.3071846168897124
0.5012772183476327	0.0	0.2993999135055332
0.5027780483426855	0.0	0.29161459288834046
0.5042788783377382	0.0	0.28382879617326623
0.5057797083327911	0.0	0.2760426659155201
0.5072805383278438	0.0	0.2682563420795227
0.5087813683228967	0.0	0.26046996169096875
0.5102821983179494	0.0	0.2526836678379022
0.5117830283130022	0.0	0.24489760418144307
0.513283858308055	0.0	0.23711190679542662
0.5147846883031078	0.0	0.22932671688259704
0.5162855182981606	0.0	0.22154217961358644
0.5177863482932135	0.0	0.2137584309542651
0.5192871782882661	0.0	0.205975609951074
0.520788008283319	0.0	0.19819386147590148
0.5222888382783718	0.0	0.19041332589665888
0.5237896682734245	0.0	0.1826341406609884
0.5252904982684774	0.0	0.1748564456409911
0.5267913282635301	0.0	0.16708038432217276
0.5282921582585829	0.0	0.1593060942261496
0.5297929882536357	0.0	0.15153371414056468
0.5312938182486885	0.0	0.14376338819479306
0.5327946482437413	0.0	0.13599525631016537
0.5342954782387941	0.0	0.12822945556778298
0.5357963082338468	0.0	0.12046612566716569
0.5372971382288997	0.0	0.11270540841797684
0.5387979682239524	0.0	0.10494744164068728
0.5402987982190053	0.0	0.09719236569407257
0.5417996282140581	0.0	0.08944032322259186
0.5433004582091109	0.0	0.08169145153529726
0.5448012882041636	0.0	0.07394588871145742
0.5463021181992164	0.0	0.06620377404077654
0.5478029481942692	0.0	0.058465247071867614
0.5493037781893221	0.0	0.050730447898605494
0.5508046081843748	0.0	0.042999514427640675
0.5523054381794276	0.0	0.03527258587795829
0.5538062681744804	0.0	0.02754980213386503
0.5553070981695332	0.0	0.019831301052781743
0.556807928164586	0.0	0.012117221028144418
0.5583087581596388	0.0	0.004407700724318585
0.5598095881546916	0.0	-0.0032971232458124133
0.5613104181497444	0.0	-0.010997112316342357
0.5628112481447971	0.0	-0.018692125534004178
0.56431207813985	0.0	-0.026382026738745984
0.5658129081349027	0.0	-0.034066679505689194
0.5673137381299556	0.0	-0.041745945795659004
0.5688145681250083	0.0	-0.0494196874956916
0.570315398120061	0.0	-0.057087767262817876
0.5718162281151139	0.0	-0.06475005153084504
0.5733170581101668	0.0	-0.07240639845926261
0.5748178881052195	0.0	-0.08005666902319311
0.5763187181002724	0.0	-0.08770073354414393
0.5778195480953251	0.0	-0.09533845410610689
0.5793203780903778	0.0	-0.10296969141320095
0.5808212080854307	0.0	-0.11059431096276026
0.5823220380804834	0.0	-0.11821217738950891
0.5838228680755363	0.0	-0.1258231567268332
0.585323698070589	0.0	-0.13342711113894962
0.5868245280656418	0.0	-0.14102390331987605
0.5883253580606946	0.0	-0.1486134034123989
0.5898261880557474	0.0	-0.15619547415377377
0.5913270180508002	0.0	-0.16376997845975544
0.592827848045853	0.0	-0.1713367864485339
0.5943286780409057	0.0	-0.17889576168287696
0.5958295080359586	0.0	-0.1864467687543819
0.5973303380310114	0.0	-0.19398967691877667
0.5988311680260642	0.0	-0.20152435113730627
0.600331998021117	0.0	-0.209050659211519
0.6018328280161698	0.0	-0.21656846930658202
0.6033336580112225	0.0	-0.22407764606343328
0.6048344880062754	0.0	-0.2315780568954798
0.6063353180013281	0.0	-0.23906957048533642
0.607836147996381	0.0	-0.24655205805407066
0.6093369779914337	0.0	-0.25402538609089614
0.6108378079864865	0.0	-0.2614894196679819
0.6123386379815393	0.0	-0.26894403114622273
0.6138394679765921	0.0	-0.27638908994752903
0.6153402979716449	0.0	-0.28382446408294326
0.6168411279666978	0.0	-0.2912500266957827
0.6183419579617504	0.0	-0.29866564768849235
0.6198427879568033	0.0	-0.3060711920100746
0.6213436179518561	0.0	-0.3134665333213313
0.6228444479469089	0.0	-0.3208515454247983
0.6243452779419617	0.0	-0.32822609617743054
0.6258461079370145	0.0	-0.33559006086656873
0.6273469379320672	0.0	-0.34294331041131865
0.62884776792712	0.0	-0.35028571271797576
0.6303485979221728	0.0	-0.3576171458032602
0.6318494279172256	0.0	-0.3649374835558135
0.6333502579122784	0.0	-0.37224659550244116
0.6348510879073311	0.0	-0.3795443577313257
0.636351917902384	0.0	-0.38683064465488126
0.6378527478974367	0.0	-0.39410532814107735
0.6393535778924896	0.0	-0.40136828332316704
0.6408544078875424	0.0	-0.40861938885238186
0.6423552378825951	0.0	-0.4158585219259217
0.6438560678776479	0.0	-0.4230855522122891
0.6453568978727008	0.0	-0.43030035605228756
0.6468577278677535	0.0	-0.4375028169089684
0.6483585578628064	0.0	-0.4446928096075941
0.6498593878578591	0.0	-0.4518702081785773
0.6513602178529119	0.0	-0.4590348933925769
0.6528610478479647	0.0	-0.46618674410417876
0.6543618778430175	0.0	-0.4733256370978821
0.6558627078380703	0.0	-0.4804514509263113
0.6573635378331231	0.0	-0.48756406779566336
0.6588643678281758	0.0	-0.4946633686368246
0.6603651978232287	0.0	-0.5017492308134363
0.6618660278182814	0.0	-0.5088215364391909
0.6633668578133343	0.0	-0.5158801666544321
0.6648676878083871	0.0	-0.5229250030862891
0.6663685178034398	0.0	-0.529955929585991
0.6678693477984926	0.0	-0.5369728272383641
0.6693701777935454	0.0	-0.5439755788348501
0.6708710077885982	0.0	-0.5509640678263686
0.6723718377836511	0.0	-0.5579381787355734
0.6738726677787038	0.0	-0.5648977968676886
0.6753734977737565	0.0	-0.5718428069119572
0.6768743277688094	0.0	-0.5787730924853334
0.6783751577638621	0.0	-0.585688537599237
0.679875987758915	0.0	-0.5925890333318922
0.6813768177539677	0.0	-0.5994744659003627
0.6828776477490205	0.0	-0.606344719734983
0.6843784777440733	0.0	-0.6131996839855136
0.6858793077391261	0.0	-0.6200392453311335
0.6873801377341789	0.0	-0.6268632937717488
0.6888809677292317	0.0	-0.6336717185803605
0.6903817977242845	0.0	-0.6404644095352118
0.6918826277193373	0.0	-0.6472412567963992
0.69338345771439	0.0	-0.6540021488359341
0.6948842877094429	0.0	-0.6607469792642423
0.6963851177044957	0.0	-0.6674756409585202
0.6978859476995485	0.0	-0.6741880217870038
0.6993867776946012	0.0	-0.6808840140292909
0.7008876076896541	0.0	-0.6875635126511577
0.7023884376847068	0.0	-0.6942264118729085
0.7038892676797597	0.0	-0.7008726093281894
0.7053900976748124	0.0	-0.7075019978017294
0.7068909276698653	0.0	-0.7141144650077137
0.708391757664918	0.0	-0.7207099093930582
0.7098925876599708	0.0	-0.7272882361262836
0.7113934176550236	0.0	-0.7338493360267789
0.7128942476500764	0.0	-0.7403930987741432
0.7143950776451292	0.0	-0.746919429678668
0.715895907640182	0.0	-0.7534282290478616
0.7173967376352347	0.0	-0.7599193936465464
0.7188975676302876	0.0	-0.7663928218168172
0.7203983976253404	0.0	-0.772848410058559
0.7218992276203932	0.0	-0.7792860624682989
0.723400057615446	0.0	-0.7857056785403496
0.7249008876104988	0.0	-0.7921071589764267
0.7264017176055515	0.0	-0.7984904113232386
0.7279025476006044	0.0	-0.8048553332391022
0.7294033775956571	0.0	-0.8112018234418996
0.73090420759071	0.0	-0.8175297913820591
0.7324050375857627	0.0	-0.8238391417106901
0.7339058675808154	0.0	-0.8301297743286663
0.7354066975758683	0.0	-0.8364015975897892
0.736907527570921	0.0	-0.8426545178024804
0.7384083575659739	0.0	-0.848888435175567
0.7399091875610266	0.0	-0.8551032595477663
0.7414100175560794	0.0	-0.8612989029141724
0.7429108475511322	0.0	-0.8674752706527262
0.7444116775461851	0.0	-0.8736322684557947
0.7459125075412378	0.0	-0.879769802151154
0.7474133375362907	0.0	-0.8858877860380386
0.7489141675313434	0.0	-0.8919861323949742
0.7504149975263962	0.0	-0.8980647437412895
0.751915827521449	0.0	-0.9041235349369046
0.7534166575165018	0.0	-0.9101624219199465
0.7549174875115546	0.0	-0.9161813103950617
0.7564183175066074	0.0	-0.9221801131889967
0.7579191475016601	0.0	-0.9281587469915276
0.759419977496713	0.0	-0.9341171221836004
0.7609208074917657	0.0	-0.9400551527933723
0.7624216374868186	0.0	-0.9459727559049372
0.7639224674818714	0.0	-0.9518698431745521
0.7654232974769241	0.0	-0.9577463320928351
0.7669241274719769	0.0	-0.9636021414321503
0.7684249574670298	0.0	-0.9694371842595856
0.7699257874620825	0.0	-0.9752513776776176
0.7714266174571354	0.0	-0.9810446409699557
0.772927447452188	0.0	-0.9868168924467381
0.7744282774472409	0.0	-0.9925680490257658
0.7759291074422937	0.0	-0.9982980305574622
0.7774299374373463	0.0	-1.0040067604410026
0.7789307674323993	0.0	-1.00969415610557
0.780431597427452	0.0	-1.0153601354238573
0.7819324274225049	0.0	-1.0210046218382407
0.7834332574175576	0.0	-1.0266275393393913
0.7849340874126104	0.0	-1.032228810784329
0.7864349174076632	0.0	-1.0378083546188235
0.787935747402716	0.0	-1.043366094679532
0.7894365773977688	0.0	-1.0489019584751036
0.7909374073928216	0.0	-1.0544158663119003
0.7924382373878744	0.0	-1.059907743911805
0.7939390673829272	0.0	-1.0653775223693167
0.7954398973779799	0.0	-1.0708251240116542
0.7969407273730328	0.0	-1.0762504693607395
0.7984415573680855	0.0	-1.0816534900839996
0.7999423873631384	0.0	-1.087034114521847
0.8014432173581911	0.0	-1.0923922656360856
0.8029440473532439	0.0	-1.0977278782424367
0.8044448773482967	0.0	-1.1030408793997508
0.8059457073433495	0.0	-1.1083311902338362
0.8074465373384024	0.0	-1.1135987502490667
0.8089473673334551	0.0	-1.1188434898620438
0.8104481973285078	0.0	-1.1240653306236676
0.8119490273235607	0.0	-1.1292642093951855
0.8134498573186134	0.0	-1.1344400585217
0.8149506873136664	0.0	-1.1395928064853575
0.816451517308719	0.0	-1.1447223879354744
0.8179523473037718	0.0	-1.1498287381745198
0.8194531772988247	0.0	-1.1549117878039936
0.8209540072938774	0.0	-1.1599714680908275
0.8224548372889303	0.0	-1.1650077149043536
0.8239556672839831	0.0	-1.170020463035585
0.8254564972790359	0.0	-1.1750096509598813
0.8269573272740887	0.0	-1.1799752139058115
0.8284581572691414	0.0	-1.184917080620423
0.8299589872641943	0.0	-1.189835193429751
0.831459817259247	0.0	-1.1947294943580178
0.8329606472542999	0.0	-1.1995999119119658
0.8344614772493526	0.0	-1.2044463826878686
0.8359623072444053	0.0	-1.2092688464056969
0.8374631372394582	0.0	-1.214067244732231
0.8389639672345109	0.0	-1.2188415193220075
0.8404647972295638	0.0	-1.2235916032964853
0.8419656272246165	0.0	-1.228317437016324
0.8434664572196693	0.0	-1.2330189663070805
0.8449672872147221	0.0	-1.2376961276603187
0.8464681172097749	0.0	-1.2423488579187558
0.8479689472048277	0.0	-1.2469771036472084
0.8494697771998805	0.0	-1.2515808102462533
0.8509706071949332	0.0	-1.2561599144168927
0.8524714371899861	0.0	-1.2607143556818092
0.8539722671850388	0.0	-1.2652440827869957
0.8554730971800917	0.0	-1.269749038089335
0.8569739271751444	0.0	-1.2742291605201432
0.8584747571701972	0.0	-1.2786843982831848
0.85997558716525	0.0	-1.2831146994404712
0.8614764171603028	0.0	-1.2875200040015442
0.8629772471553557	0.0	-1.2919002552351264
0.8644780771504084	0.0	-1.2962554043638952
0.8659789071454613	0.0	-1.3005853947304917
0.8674797371405141	0.0	-1.3048901659439995
0.8689805671355667	0.0	-1.3091696694488701
0.8704813971306197	0.0	-1.3134238604971231
0.8719822271256723	0.0	-1.3176526823452195
0.8734830571207253	0.0	-1.3218560744296253
0.874983887115778	0.0	-1.3260339872275637
0.8764847171108306	0.0	-1.3301863745124078
0.8779855471058836	0.0	-1.3343131821220504
0.8794863771009364	0.0	-1.3384143568555278
0.8809872070959892	0.0	-1.3424898519624953
0.882488037091042	0.0	-1.3465396178216067
0.8839888670860947	0.0	-1.3505636022977332
0.8854896970811476	0.0	-1.3545617547775557
0.8869905270762003	0.0	-1.3585340266809482
0.8884913570712532	0.0	-1.3624803678935833
0.8899921870663059	0.0	-1.3664007296320166
0.8914930170613586	0.0	-1.3702950640431013
0.8929938470564115	0.0	-1.3741633254670165
0.8944946770514642	0.0	-1.3780054666174584
0.8959955070465171	0.0	-1.381821434404313
0.8974963370415698	0.0	-1.3856111852071291
0.8989971670366227	0.0	-1.38937467589213
0.9004979970316754	0.0	-1.3931118525867787
0.9019988270267282	0.0	-1.396822669742198
0.903499657021781	0.0	-1.4005070906505968
0.9050004870168338	0.0	-1.4041650620802197
0.9065013170118867	0.0	-1.407796533750446
0.9080021470069394	0.0	-1.4114014729951996
0.9095029770019921	0.0	-1.414979831640951
0.911003806997045	0.0	-1.418531556831751
0.9125046369920977	0.0	-1.4220566091489788
0.9140054669871507	0.0	-1.4255549472209166
0.9155062969822033	0.0	-1.4290265251783238
0.9170071269772561	0.0	-1.4324713004295786
0.918507956972309	0.0	-1.4358892314921132
0.9200087869673617	0.0	-1.4392802735625219
0.9215096169624146	0.0	-1.4426443823363901
0.9230104469574674	0.0	-1.4459815174401864
0.92451127695252	0.0	-1.4492916416917434
0.926012106947573	0.0	-1.4525747085809844
0.9275129369426257	0.0	-1.45583067308273
0.9290137669376786	0.0	-1.4590594976266906
0.9305145969327313	0.0	-1.4622611431761912
0.932015426927784	0.0	-1.4654355726045636
0.9335162569228369	0.0	-1.4685827384714536
0.9350170869178897	0.0	-1.471702599053952
0.9365179169129425	0.0	-1.4747951213656199
0.9380187469079952	0.0	-1.4778602610281795
0.9395195769030481	0.0	-1.4808979826523518
0.9410204068981008	0.0	-1.4839082516867423
0.9425212368931536	0.0	-1.4868910200132839
0.9440220668882064	0.0	-1.489846249088264
0.9455228968832592	0.0	-1.492773907607152
0.947023726878312	0.0	-1.4956739552456455
0.9485245568733648	0.0	-1.4985463505396701
0.9500253868684175	0.0	-1.5013910620491937
0.9515262168634704	0.0	-1.5042080503617719
0.9530270468585231	0.0	-1.5069972723928944
0.954527876853576	0.0	-1.5097587012371125
0.9560287068486287	0.0	-1.5124922992686933
0.9575295368436815	0.0	-1.5151980269888834
0.9590303668387343	0.0	-1.5178758522984688
0.9605311968337871	0.0	-1.5205257324087051
0.96203202682884	0.0	-1.5231476369885406
0.9635328568238927	0.0	-1.525741534203661
0.9650336868189454	0.0	-1.5283073821709858
0.9665345168139984	0.0	-1.5308451500235214
0.968035346809051	0.0	-1.5333548092230846
0.969536176804104	0.0	-1.535836320357213
0.9710370067991567	0.0	-1.5382896474143959
0.9725378367942096	0.0	-1.5407147601005307
0.9740386667892623	0.0	-1.5431116245912573
0.975539496784315	0.0	-1.545480210087342
0.9770403267793679	0.0	-1.5478204798748547
0.9785411567744207	0.0	-1.5501324078431227
0.9800419867694735	0.0	-1.5524159662241608
0.9815428167645263	0.0	-1.5546711097893802
0.983043646759579	0.0	-1.5568978073698623
0.9845444767546319	0.0	-1.5590960383506434
0.9860453067496846	0.0	-1.5612657676997936
0.9875461367447375	0.0	-1.5634069639218375
0.9890469667397902	0.0	-1.5655196034321082
0.990547796734843	0.0	-1.5676036481982383
0.9920486267298958	0.0	-1.56965906711293
0.9935494567249485	0.0	-1.5716858374294564
0.9950502867200014	0.0	-1.573683926296862
0.9965511167150541	0.0	-1.5756533057377047
0.9980519467101069	0.0	-1.5775939516991
0.9995527767051597	0.0	-1.5795058286130665
1.0010536067002125	0.0	-1.5813889102827148
1.0025544366952654	0.0	-1.5832431783602892
1.0040552666903182	0.0	-1.5850685971115335
1.005556096685371	0.0	-1.5868651358234123
1.0070569266804237	0.0	-1.5886327746449092
1.0085577566754764	0.0	-1.5903714868492402
1.0100585866705294	0.0	-1.5920812466029508
1.0115594166655821	0.0	-1.5937620284854521
1.0130602466606349	0.0	-1.5954138041618786
1.0145610766556876	0.0	-1.5970365500167722
1.0160619066507404	0.0	-1.5986302445048544
1.0175627366457933	0.0	-1.6001948578619165
1.019063566640846	0.0	-1.6017303697994598
1.0205643966358988	0.0	-1.6032367616432637
1.0220652266309516	0.0	-1.604714000924438
1.0235660566260043	0.0	-1.6061620656725115
1.0250668866210573	0.0	-1.6075809396653415
1.02656771661611	0.0	-1.6089705975439232
1.0280685466111628	0.0	-1.6103310152553725
1.0295693766062155	0.0	-1.6116621777543056
1.0310702066012682	0.0	-1.612964062306341
1.0325710365963212	0.0	-1.6142366413960498
1.034071866591374	0.0	-1.6154798966880488
1.035572696586427	0.0	-1.6166938111284515
1.0370735265814794	0.0	-1.6178783678112358
1.0385743565765322	0.0	-1.6190335482408282
1.0400751865715852	0.0	-1.6201593262449354
1.041576016566638	0.0	-1.62125568457253
1.0430768465616909	0.0	-1.6223226121089827
1.0445776765567436	0.0	-1.6233600842223035
1.0460785065517963	0.0	-1.6243680832917717
1.047579336546849	0.0	-1.6253465997553866
1.0490801665419018	0.0	-1.6262956150190042
1.0505809965369548	0.0	-1.627215113248605
1.0520818265320075	0.0	-1.628105076207404
1.0535826565270603	0.0	-1.6289654853628404
1.055083486522113	0.0	-1.6297963349974312
1.0565843165171658	0.0	-1.6305976076137056
1.0580851465122187	0.0	-1.6313692834099134
1.0595859765072715	0.0	-1.6321113573709454
1.0610868065023242	0.0	-1.6328238142789109
1.062587636497377	0.0	-1.633506638447683
1.0640884664924297	0.0	-1.6341598192925348
1.0655892964874827	0.0	-1.6347833462656705
1.0670901264825354	0.0	-1.635377212158626
1.0685909564775882	0.0	-1.6359414014824427
1.070091786472641	0.0	-1.6364759052049582
1.0715926164676937	0.0	-1.6369807143186623
1.0730934464627466	0.0	-1.6374558151336147
1.0745942764577994	0.0	-1.637901202647032
1.0760951064528521	0.0	-1.638316872989754
1.0775959364479049	0.0	-1.6387028205551846
1.0790967664429576	0.0	-1.6390590266259488
1.0805975964380106	0.0	-1.6393854860760133
1.0820984264330633	0.0	-1.639682202959381
1.0835992564281163	0.0	-1.639949159593738
1.0851000864231688	0.0	-1.6401863566198285
1.0866009164182218	0.0	-1.6403937974755538
1.0881017464132745	0.0	-1.6405714682984573
1.0896025764083273	0.0	-1.6407193672771856
1.0911034064033802	0.0	-1.640837492883788
1.0926042363984327	0.0	-1.6409258391666461
1.0941050663934857	0.0	-1.6409844031807923
1.0956058963885384	0.0	-1.6410131901631189
1.0971067263835912	0.0	-1.6410121986349608
1.0986075563786442	0.0	-1.6409814201310182
1.100108386373697	0.0	-1.6409208636587787
1.1016092163687496	0.0	-1.6408305318551768
1.1031100463638024	0.0	-1.6407104170435167
1.1046108763588551	0.0	-1.6405605276768092
1.106111706353908	0.0	-1.640380865936065
1.1076125363489608	0.0	-1.6401714277796209
1.1091133663440136	0.0	-1.6399322241249203
1.1106141963390663	0.0	-1.6396632631785255
1.112115026334119	0.0	-1.63936454569209
1.113615856329172	0.0	-1.6390360729347988
1.1151166863242248	0.0	-1.6386778505378898
1.1166175163192775	0.0	-1.63828989116854
1.1181183463143303	0.0	-1.637872201998263
1.1196191763093832	0.0	-1.6374247879805761
1.121120006304436	0.0	-1.6369476607722457
1.1226208362994887	0.0	-1.6364408260661165
1.1241216662945415	0.0	-1.635904296936009
1.1256224962895942	0.0	-1.6353380863078884
1.1271233262846472	0.0	-1.634742195968461
1.1286241562797	0.0	-1.6341166424047975
1.1301249862747527	0.0	-1.63346144557882
1.1316258162698054	0.0	-1.6327766077454713
1.1331266462648582	0.0	-1.6320621436790435
1.1346274762599111	0.0	-1.6313180789357236
1.1361283062549639	0.0	-1.630544418013097
1.1376291362500166	0.0	-1.6297411735783587
1.1391299662450696	0.0	-1.6289083711260806
1.140630796240122	0.0	-1.628046024531024
1.142131626235175	0.0	-1.627154148518187
1.1436324562302278	0.0	-1.6262327689271623
1.1451332862252805	0.0	-1.6252819038222557
1.1466341162203335	0.0	-1.6243015621986467
1.1481349462153863	0.0	-1.6232917684542347
1.149635776210439	0.0	-1.6222525488968602
1.1511366062054917	0.0	-1.6211839264950445
1.1526374362005447	0.0	-1.6200859204467324
1.1541382661955975	0.0	-1.6189585474361468
1.1556390961906502	0.0	-1.617801838934108
1.157139926185703	0.0	-1.6166158232076766
1.1586407561807557	0.0	-1.6154005214756346
1.1601415861758086	0.0	-1.6141559542051083
1.1616424161708614	0.0	-1.6128821499835322
1.1631432461659141	0.0	-1.6115791428570658
1.1646440761609669	0.0	-1.6102469591705135
1.1661449061560196	0.0	-1.6088856224592198
1.1676457361510726	0.0	-1.6074951597210612
1.1691465661461253	0.0	-1.6060756108675522
1.170647396141178	0.0	-1.6046270072709397
1.1721482261362308	0.0	-1.603149370297868
1.1736490561312836	0.0	-1.601642739034264
1.1751498861263365	0.0	-1.6001071480438185
1.1766507161213893	0.0	-1.5985426231414797
1.178151546116442	0.0	-1.5969492039799944
1.1796523761114948	0.0	-1.5953269319618577
1.1811532061065475	0.0	-1.5936758371654896
1.1826540361016005	0.0	-1.5919959520844544
1.1841548660966532	0.0	-1.5902873174558507
1.185655696091706	0.0	-1.5885499764196007
1.187156526086759	0.0	-1.5867839649934101
1.1886573560818114	0.0	-1.5849893174698804
1.1901581860768644	0.0	-1.5831660805870076
1.1916590160719172	0.0	-1.58131429520511
1.1931598460669701	0.0	-1.5794339994736308
1.1946606760620229	0.0	-1.5775252371485997
1.1961615060570754	0.0	-1.575588052910209
1.1976623360521284	0.0	-1.5736224915372294
1.199163166047181	0.0	-1.5716285966254993
1.200663996042234	0.0	-1.5696064134713243
1.2021648260372868	0.0	-1.5675559860402122
1.2036656560323395	0.0	-1.5654773640644377
1.2051664860273923	0.0	-1.563370596499994
1.206667316022445	0.0	-1.5612357278175952
1.208168146017498	0.0	-1.5590728115570736
1.2096689760125507	0.0	-1.556881896230818
1.2111698060076035	0.0	-1.5546630312753793
1.2126706360026562	0.0	-1.5524162723376809
1.214171465997709	0.0	-1.5501416662912613
1.215672295992762	0.0	-1.5478392660598557
1.2171731259878147	0.0	-1.5455091286581357
1.2186739559828674	0.0	-1.5431513071946625
1.2201747859779202	0.0	-1.540765854001703
1.221675615972973	0.0	-1.5383528251451348
1.2231764459680259	0.0	-1.535912283024428
1.2246772759630786	0.0	-1.5334442824855654
1.2261781059581316	0.0	-1.5309488745916313
1.2276789359531841	0.0	-1.5284261229373484
1.2291797659482369	0.0	-1.5258760925837787
1.2306805959432898	0.0	-1.5232988368612757
1.2321814259383426	0.0	-1.5206944138812066
1.2336822559333955	0.0	-1.518062892093232
1.235183085928448	0.0	-1.5154043320608115
1.2366839159235008	0.0	-1.5127187922649794
1.2381847459185538	0.0	-1.5100063410691418
1.2396855759136065	0.0	-1.5072670426594845
1.2411864059086595	0.0	-1.5045009600146246
1.2426872359037122	0.0	-1.5017081618306614
1.2441880658987647	0.0	-1.4988887102113495
1.2456888958938177	0.0	-1.4960426720660776
1.2471897258888704	0.0	-1.4931701203051198
1.2486905558839234	0.0	-1.4902711191269926
1.2501913858789762	0.0	-1.4873457378562365
1.251692215874029	0.0	-1.4843940483434257
1.2531930458690816	0.0	-1.4814161198145215
1.2546938758641344	0.0	-1.4784120260177191
1.2561947058591874	0.0	-1.4753818371154572
1.25769553585424	0.0	-1.4723256230483772
1.2591963658492928	0.0	-1.4692434577864808
1.2606971958443456	0.0	-1.4661354178504469
1.2621980258393983	0.0	-1.4630015776908396
1.2636988558344513	0.0	-1.4598420092444826
1.265199685829504	0.0	-1.456656793763765
1.2667005158245568	0.0	-1.4534460056376535
1.2682013458196095	0.0	-1.4502097151271756
1.2697021758146623	0.0	-1.4469480063680948
1.2712030058097152	0.0	-1.4436609609701412
1.272703835804768	0.0	-1.4403486506237395
1.2742046657998207	0.0	-1.4370111546959798
1.2757054957948735	0.0	-1.4336485584069816
1.2772063257899262	0.0	-1.4302609406556255
1.2787071557849792	0.0	-1.4268483867359776
1.280207985780032	0.0	-1.423410974400942
1.2817088157750849	0.0	-1.4199487806887237
1.2832096457701374	0.0	-1.4164618985700983
1.2847104757651902	0.0	-1.4129504083856343
1.2862113057602431	0.0	-1.4094143918066904
1.2877121357552959	0.0	-1.4058539391424325
1.2892129657503488	0.0	-1.4022691306102066
1.2907137957454016	0.0	-1.3986600544491012
1.292214625740454	0.0	-1.3950268006602182
1.293715455735507	0.0	-1.3913694530220175
1.2952162857305598	0.0	-1.3876880960153146
1.2967171157256128	0.0	-1.383982818975843
1.2982179457206655	0.0	-1.380253717425065
1.2997187757157183	0.0	-1.3765008787025277
1.301219605710771	0.0	-1.3727243874492365
1.3027204357058237	0.0	-1.3689243348615827
1.3042212657008767	0.0	-1.3651008159681397
1.3057220956959295	0.0	-1.361253924503659
1.3072229256909822	0.0	-1.3573837464276297
1.308723755686035	0.0	-1.3534903703118013
1.3102245856810877	0.0	-1.3495738995638218
1.3117254156761406	0.0	-1.3456344290890794
1.3132262456711934	0.0	-1.3416720396840436
1.3147270756662461	0.0	-1.3376868289649428
1.3162279056612989	0.0	-1.333678899168833
1.3177287356563516	0.0	-1.3296483440428104
1.3192295656514046	0.0	-1.3255952565083466
1.3207303956464573	0.0	-1.3215197333684197
1.32223122564151	0.0	-1.317421872880038
1.3237320556365628	0.0	-1.3133017683466666
1.3252328856316156	0.0	-1.3091595202309856
1.3267337156266685	0.0	-1.3049952307946668
1.3282345456217213	0.0	-1.3008089914066265
1.3297353756167742	0.0	-1.2966008995352378
1.3312362056118268	0.0	-1.2923710628146585
1.3327370356068795	0.0	-1.2881195759777606
1.3342378656019325	0.0	-1.28384653590758
1.3357386955969852	0.0	-1.2795520481127256
1.3372395255920382	0.0	-1.2752362124828946
1.3387403555870907	0.0	-1.2708991285873752
1.3402411855821437	0.0	-1.266540900443767
1.3417420155771964	0.0	-1.2621616305294128
1.3432428455722492	0.0	-1.257761415277623
1.3447436755673021	0.0	-1.253340358977103
1.3462445055623549	0.0	-1.2488985700506376
1.3477453355574076	0.0	-1.2444361481044834
1.3492461655524604	0.0	-1.239953194821188
1.350746995547513	0.0	-1.2354498206936968
1.352247825542566	0.0	-1.2309261272874754
1.3537486555376188	0.0	-1.2263822103088284
1.3552494855326715	0.0	-1.2218181800597003
1.3567503155277243	0.0	-1.2172341509021323
1.358251145522777	0.0	-1.2126302216537632
1.35975197551783	0.0	-1.208006491625176
1.3612528055128827	0.0	-1.2033630780741216
1.3627536355079355	0.0	-1.198700084833357
1.3642544655029882	0.0	-1.1940176078495193
1.365755295498041	0.0	-1.1893157612382053
1.367256125493094	0.0	-1.1845946571188435
1.3687569554881467	0.0	-1.1798543993735136
1.3702577854831994	0.0	-1.1750950913605784
1.3717586154782522	0.0	-1.1703168438933087
1.3732594454733051	0.0	-1.16551976749546
1.3747602754683579	0.0	-1.1607039669116297
1.3762611054634106	0.0	-1.1558695504290264
1.3777619354584634	0.0	-1.151016629132073
1.3792627654535161	0.0	-1.1461453134027535
1.380763595448569	0.0	-1.141255711460517
1.3822644254436218	0.0	-1.1363479281054414
1.3837652554386746	0.0	-1.131422075075009
1.3852660854337275	0.0	-1.1264782648090115
1.38676691542878	0.0	-1.121516601824077
1.388267745423833	0.0	-1.1165372004022067
1.3897685754188858	0.0	-1.111540175774173
1.3912694054139385	0.0	-1.1065256302201871
1.3927702354089915	0.0	-1.1014936700682398
1.3942710654040442	0.0	-1.0964444174495216
1.395771895399097	0.0	-1.0913779811072173
1.3972727253941497	0.0	-1.08629446075847
1.3987735553892024	0.0	-1.081193977616491
1.4002743853842554	0.0	-1.0760766474665617
1.4017752153793082	0.0	-1.0709425706111626
1.403276045374361	0.0	-1.0657918587815816
1.4047768753694136	0.0	-1.06062463043084
1.4062777053644664	0.0	-1.0554409956636865
1.4077785353595194	0.0	-1.0502410626564804
1.409279365354572	0.0	-1.0450249461717576
1.4107801953496248	0.0	-1.0397927568934087
1.4122810253446776	0.0	-1.0345446044333493
1.4137818553397306	0.0	-1.029280606948835
1.4152826853347833	0.0	-1.024000871741335
1.416783515329836	0.0	-1.0187055081147005
1.4182843453248888	0.0	-1.0133946341337754
1.4197851753199415	0.0	-1.0080683627435927
1.4212860053149945	0.0	-1.0027268036423218
1.4227868353100472	0.0	-0.9973700666635784
1.4242876653051	0.0	-0.991998267278421
1.4257884953001527	0.0	-0.9866115161646556
1.4272893252952055	0.0	-0.9812099255833897
1.4287901552902584	0.0	-0.9757936157435457
1.4302909852853112	0.0	-0.9703626927513593
1.431791815280364	0.0	-0.9649172603841628
1.4332926452754169	0.0	-0.9594574435579513
1.4347934752704694	0.0	-0.9539833588034967
1.4362943052655224	0.0	-0.9484951073782466
1.4377951352605751	0.0	-0.9429928021101519
1.4392959652556279	0.0	-0.9374765606697936
1.4407967952506808	0.0	-0.9319464938951129
1.4422976252457334	0.0	-0.9264027149406004
1.4437984552407863	0.0	-0.9208453399242352
1.445299285235839	0.0	-0.9152744765048176
1.446800115230892	0.0	-0.9096902342818727
1.4483009452259448	0.0	-0.9040927307473714
1.4498017752209975	0.0	-0.8984820776448993
1.4513026052160503	0.0	-0.8928583860649447
1.452803435211103	0.0	-0.8872217714170012
1.454304265206156	0.0	-0.8815723449271514
1.4558050952012087	0.0	-0.8759102161887805
1.4573059251962615	0.0	-0.8702354987876473
1.4588067551913142	0.0	-0.8645483059953059
1.460307585186367	0.0	-0.8588487499065702
1.46180841518142	0.0	-0.8531369428257116
1.4633092451764727	0.0	-0.8474129966195377
1.4648100751715254	0.0	-0.8416770216392785
1.4663109051665781	0.0	-0.8359291314029137
1.4678117351616309	0.0	-0.8301694379559168
1.4693125651566838	0.0	-0.8243980512490967
1.4708133951517366	0.0	-0.8186150877885364
1.4723142251467893	0.0	-0.8128206543088616
1.473815055141842	0.0	-0.8070148618020828
1.4753158851368948	0.0	-0.8011978288259318
1.4768167151319478	0.0	-0.7953696612401998
1.4783175451270005	0.0	-0.7895304711396638
1.4798183751220533	0.0	-0.7836803707916266
1.481319205117106	0.0	-0.7778194655444973
1.4828200351121588	0.0	-0.7719478749171514
1.4843208651072117	0.0	-0.7660657135181481
1.4858216951022645	0.0	-0.7601730831101212
1.4873225250973174	0.0	-0.7542700980736053
1.4888233550923702	0.0	-0.7483568681806698
1.4903241850874227	0.0	-0.742433499556025
1.4918250150824757	0.0	-0.7365001116569443
1.4933258450775284	0.0	-0.7305568133867658
1.4948266750725814	0.0	-0.7246037107716479
1.4963275050676341	0.0	-0.7186409160542416
1.4978283350626869	0.0	-0.7126685403989906
1.4993291650577396	0.0	-0.7066866961841216
1.5008299950527924	0.0	-0.7006954902736219
1.5023308250478453	0.0	-0.694695034799274
1.503831655042898	0.0	-0.6886854398905152
1.5053324850379508	0.0	-0.6826668105814769
1.5068333150330036	0.0	-0.6766392602546557
1.5083341450280563	0.0	-0.6706028988854013
1.5098349750231093	0.0	-0.6645578361164212
1.511335805018162	0.0	-0.6585041840178404
1.5128366350132147	0.0	-0.6524420462252759
1.5143374650082675	0.0	-0.646371531032169
1.5158382950033202	0.0	-0.6402927534474631
1.5173391249983732	0.0	-0.6342058211977368
1.518839954993426	0.0	-0.6281108424346977
1.5203407849884787	0.0	-0.6220079254517684
1.5218416149835314	0.0	-0.61589717956508
1.5233424449785842	0.0	-0.6097787143618411
1.5248432749736371	0.0	-0.603652634765351
1.5263441049686899	0.0	-0.5975190511391381
1.5278449349637429	0.0	-0.5913780744812969
1.5293457649587954	0.0	-0.5852298133009214
1.5308465949538481	0.0	-0.5790743740122375
1.532347424948901	0.0	-0.5729118600167532
1.5338482549439538	0.0	-0.5667423840993111
1.5353490849390068	0.0	-0.5605660579911804
1.5368499149340595	0.0	-0.5543829844962521
1.538350744929112	0.0	-0.5481932713842319
1.539851574924165	0.0	-0.5419970280390111
1.5413524049192178	0.0	-0.5357943604620963
1.5428532349142707	0.0	-0.5295853765464155
1.5443540649093235	0.0	-0.5233701857374801
1.545854894904376	0.0	-0.5171488939751582
1.547355724899429	0.0	-0.5109216085239506
1.5488565548944817	0.0	-0.5046884352990921
1.5503573848895347	0.0	-0.4984494806285734
1.5518582148845874	0.0	-0.49220485581243256
1.5533590448796402	0.0	-0.48595466695684947
1.5548598748746927	0.0	-0.47969901876335
1.5563607048697456	0.0	-0.47343801641399474
1.5578615348647986	0.0	-0.4671717657685195
1.5593623648598514	0.0	-0.4609003804003662
1.560863194854904	0.0	-0.454623966495884
1.5623640248499568	0.0	-0.4483426243883455
1.5638648548450098	0.0	-0.44205646261140374
1.5653656848400623	0.0	-0.4357655887623129
1.5668665148351153	0.0	-0.4294701105244697
1.568367344830168	0.0	-0.4231701316443965
1.5698681748252208	0.0	-0.41686575372461054
1.5713690048202735	0.0	-0.410557088003474
1.5728698348153265	0.0	-0.4042442477710163
1.5743706648103795	0.0	-0.397927332251548
1.575871494805432	0.0	-0.39160644111292764
1.5773723248004847	0.0	-0.3852816875096642
1.5788731547955377	0.0	-0.37895318025270214
1.5803739847905902	0.0	-0.372621020901358
1.5818748147856432	0.0	-0.36628531196377495
1.5833756447806961	0.0	-0.3599461637849874
1.584876474775749	0.0	-0.353603682483566
1.5863773047708014	0.0	-0.34725797140555664
1.5878781347658544	0.0	-0.340909138437692
1.5893789647609073	0.0	-0.33455728763455883
1.5908797947559599	0.0	-0.3282025254350903
1.5923806247510128	0.0	-0.3218449582227393
1.5938814547460656	0.0	-0.3154846890046771
1.595382284741118	0.0	-0.3091218228520958
1.596883114736171	0.0	-0.3027564672882756
1.598383944731224	0.0	-0.2963887279203128
1.5998847747262768	0.0	-0.29001871036155447
1.6013856047213293	0.0	-0.28364652251114236
1.6028864347163823	0.0	-0.27727226600848826
1.6043872647114352	0.0	-0.27089604328776135
1.6058880947064877	0.0	-0.2645179642319549
1.6073889247015407	0.0	-0.258138134565303
1.6088897546965935	0.0	-0.2517566620390179
1.6103905846916464	0.0	-0.24537364986360685
1.611891414686699	0.0	-0.23898919543348732
1.613392244681752	0.0	-0.23260340942644697
1.6148930746768049	0.0	-0.22621640572399224
1.6163939046718574	0.0	-0.2198282835380247
1.6178947346669101	0.0	-0.21343914350991824
1.619395564661963	0.0	-0.20704909738945387
1.6208963946570156	0.0	-0.20065824849184893
1.6223972246520686	0.0	-0.19426669868452132
1.6238980546471213	0.0	-0.18787455807220116
1.6253988846421743	0.0	-0.18148193458480338
1.6268997146372268	0.0	-0.1750889294859151
1.6284005446322798	0.0	-0.16869564789599512
1.6299013746273328	0.0	-0.16230219534829524
1.6314022046223853	0.0	-0.15590867742527845
1.632903034617438	0.0	-0.14951520370189203
1.634403864612491	0.0	-0.14312187652612557
1.6359046946075435	0.0	-0.13672879930557139
1.6374055246025965	0.0	-0.13033608234217406
1.6389063545976494	0.0	-0.12394383161278863
1.6404071845927022	0.0	-0.11755214610136598
1.6419080145877547	0.0	-0.1111611347112995
1.6434088445828077	0.0	-0.10477090814495475
1.6449096745778606	0.0	-0.09838156796166671
1.6464105045729132	0.0	-0.09199322196196982
1.6479113345679661	0.0	-0.08560597605488504
1.6494121645630189	0.0	-0.07921993144243472
1.6509129945580718	0.0	-0.07283519497016833
1.6524138245531244	0.0	-0.0664518785233686
1.6539146545481773	0.0	-0.060070087549052284
1.65541548454323	0.0	-0.05368992234352333
1.6569163145382828	0.0	-0.047311490553247
1.6584171445333356	0.0	-0.04093490264034001
1.6599179745283885	0.0	-0.034560263965528464
1.661418804523441	0.0	-0.02818767844784192
1.662919634518494	0.0	-0.021817252846576228
1.6644204645135467	0.0	-0.015449095085450957
1.6659212945085997	0.0	-0.009083311018099043
1.6674221245036522	0.0	-0.002720004397182672
1.6689229544987052	0.0	0.0036407155535606263
1.6704237844937582	0.0	0.009998740799487364
1.6719246144888107	0.0	0.016353967606428838
1.6734254444838634	0.0	0.022706287705595563
1.6749262744789164	0.0	0.029055594325393525
1.676427104473969	0.0	0.03540178029991065
1.6779279344690219	0.0	0.041744737785467174
1.6794287644640746	0.0	0.048084361735596756
1.6809295944591276	0.0	0.05442054465165256
1.6824304244541801	0.0	0.06075317901037292
1.683931254449233	0.0	0.06708215786147978
1.685432084444286	0.0	0.07340737626935677
1.6869329144393386	0.0	0.07972872558942677
1.6884337444343913	0.0	0.086046097023062
1.6899345744294443	0.0	0.09235938217214802
1.6914354044244972	0.0	0.09866847437595927
1.6929362344195498	0.0	0.10497326984484659
1.6944370644146027	0.0	0.11127365598498636
1.6959378944096555	0.0	0.11756952717687313
1.697438724404708	0.0	0.12386077972325123
1.698939554399761	0.0	0.13014730194217372
1.700440384394814	0.0	0.13642898552790111
1.7019412143898665	0.0	0.14270572359173872
1.7034420443849194	0.0	0.14897740816066327
1.7049428743799722	0.0	0.1552439321858265
1.7064437043750251	0.0	0.16150518632028726
1.7079445343700776	0.0	0.1677610645009554
1.7094453643651306	0.0	0.17401146014720068
1.7109461943601834	0.0	0.18025625914338914
1.712447024355236	0.0	0.18649535636294065
1.7139478543502888	0.0	0.19272864512049634
1.7154486843453418	0.0	0.19895601719657033
1.7169495143403943	0.0	0.20517736638635695
1.7184503443354473	0.0	0.2113925798803985
1.7199511743305	0.0	0.21760154947773966
1.721452004325553	0.0	0.22380416769819003
1.7229528343206055	0.0	0.23000032729576075
1.7244536643156585	0.0	0.236189920771842
1.7259544943107115	0.0	0.24237283874246868
1.727455324305764	0.0	0.2485489731545778
1.7289561543008167	0.0	0.2547182124001039
1.7304569842958697	0.0	0.2608804506869974
1.7319578142909227	0.0	0.2670355823033778
1.7334586442859752	0.0	0.27318349402701303
1.7349594742810281	0.0	0.2793240788521075
1.736460304276081	0.0	0.2854572282696414
1.7379611342711334	0.0	0.2915828315279641
1.7394619642661864	0.0	0.29770078449855175
1.7409627942612393	0.0	0.30381097853682726
1.7424636242562919	0.0	0.30991330171432563
1.7439644542513446	0.0	0.3160076461997577
1.7454652842463976	0.0	0.32209390394614484
1.7469661142414505	0.0	0.32817196677714644
1.748466944236503	0.0	0.33424172594347534
1.749967774231556	0.0	0.3403030700772965
1.7514686042266088	0.0	0.34635589298617625
1.7529694342216613	0.0	0.3524000916074629
1.7544702642167143	0.0	0.3584355515667431
1.7559710942117672	0.0	0.36446216295646433
1.75747192420682	0.0	0.3704798201571026
1.7589727542018727	0.0	0.3764884131686194
1.7604735841969255	0.0	0.3824878370800503
1.7619744141919784	0.0	0.3884779817928418
1.763475244187031	0.0	0.3944587370481947
1.764976074182084	0.0	0.40042999624694814
1.7664769041771367	0.0	0.4063916503749143
1.7679777341721894	0.0	0.4123435927467343
1.7694785641672421	0.0	0.4182857148656495
1.770979394162295	0.0	0.4242179077790553
1.772480224157348	0.0	0.4301400664527466
1.7739810541524006	0.0	0.436052080356865
1.7754818841474533	0.0	0.4419538400705139
1.7769827141425063	0.0	0.4478452413419846
1.7784835441375588	0.0	0.4537261752186354
1.7799843741326118	0.0	0.45959653500891223
1.7814852041276648	0.0	0.465456212511878
1.7829860341227173	0.0	0.47130509995165026
1.78448686411777	0.0	0.4771430920291046
1.785987694112823	0.0	0.48297007924942603
1.787488524107876	0.0	0.4887859547547299
1.7889893541029285	0.0	0.49459061304263
1.7904901840979814	0.0	0.5003839482225435
1.7919910140930342	0.0	0.5061658523090751
1.7934918440880867	0.0	0.5119362181979698
1.7949926740831397	0.0	0.5176949391976735
1.7964935040781926	0.0	0.523441908721416
1.7979943340732454	0.0	0.5291770235895005
1.7994951640682981	0.0	0.5349001760383607
1.8009959940633509	0.0	0.5406112572570894
1.8024968240584038	0.0	0.5463101667152548
1.8039976540534564	0.0	0.5519967996189377
1.8054984840485093	0.0	0.5576710459989098
1.806999314043562	0.0	0.5633328030205069
1.8085001440386146	0.0	0.568981964096959
1.8100009740336676	0.0	0.5746184231651573
1.8115018040287205	0.0	0.580242082615032
1.8130026340237735	0.0	0.585852835077372
1.814503464018826	0.0	0.5914505675455053
1.8160042940138788	0.0	0.5970351831363592
1.8175051240089317	0.0	0.6026065835559932
1.8190059540039842	0.0	0.6081646585949116
1.8205067839990372	0.0	0.6137093034160869
1.82200761399409	0.0	0.6192404180928442
1.8235084439891427	0.0	0.624757901306153
1.8250092739841954	0.0	0.6302616483052393
1.8265101039792484	0.0	0.6357515556146396
1.8280109339743014	0.0	0.6412275183419014
1.8295117639693539	0.0	0.6466894362584994
1.8310125939644066	0.0	0.6521372162026381
1.8325134239594596	0.0	0.6575707495974824
1.8340142539545121	0.0	0.6629899288643454
1.835515083949565	0.0	0.6683946618149105
1.837015913944618	0.0	0.673784848048108
1.8385167439396708	0.0	0.6791603834847365
1.8400175739347233	0.0	0.6845211688635351
1.8415184039297763	0.0	0.6898671053421762
1.8430192339248292	0.0	0.6951980937395498
1.8445200639198818	0.0	0.7005140318432604
1.8460208939149347	0.0	0.7058148225792165
1.8475217239099875	0.0	0.711100369939198
1.84902255390504	0.0	0.716370573214108
1.850523383900093	0.0	0.7216253329763924
1.852024213895146	0.0	0.7268645516282609
1.8535250438901987	0.0	0.7320881345046385
1.8550258738852514	0.0	0.7372959838598979
1.8565267038803042	0.0	0.7424880015417773
1.8580275338753571	0.0	0.747664093932617
1.8595283638704097	0.0	0.7528241638782115
1.8610291938654626	0.0	0.7579681135282236
1.8625300238605154	0.0	0.7630958495483876
1.864030853855568	0.0	0.7682072789124471
1.8655316838506208	0.0	0.7733023037392178
1.8670325138456738	0.0	0.7783808292835479
1.8685333438407268	0.0	0.7834427665116095
1.8700341738357793	0.0	0.7884880199819896
1.871535003830832	0.0	0.7935164940130635
1.873035833825885	0.0	0.7985280979875541
1.8745366638209375	0.0	0.803522742982521
1.8760374938159905	0.0	0.8085003336551768
1.8775383238110435	0.0	0.8134607758271579
1.8790391538060962	0.0	0.8184039836375823
1.8805399838011487	0.0	0.8233298649165895
1.8820408137962017	0.0	0.8282383302976729
1.8835416437912547	0.0	0.8331292904758532
1.8850424737863072	0.0	0.8380026509031375
1.88654330378136	0.0	0.842858325663182
1.888044133776413	0.0	0.8476962307249235
1.8895449637714654	0.0	0.8525162772640289
1.8910457937665184	0.0	0.8573183739177489
1.8925466237615713	0.0	0.8621024322066905
1.894047453756624	0.0	0.866868368783717
1.8955482837516766	0.0	0.8716160992666296
1.8970491137467296	0.0	0.8763455354348149
1.8985499437417825	0.0	0.8810565918463419
1.900050773736835	0.0	0.8857491864601763
1.901551603731888	0.0	0.8904232306244918
1.9030524337269408	0.0	0.8950786417191119
1.9045532637219937	0.0	0.8997153416892358
1.9060540937170463	0.0	0.904333243096746
1.9075549237120992	0.0	0.9089322611774424
1.909055753707152	0.0	0.913512317525333
1.9105565837022047	0.0	0.9180733329396494
1.9120574136972575	0.0	0.9226152248742077
1.9135582436923104	0.0	0.9271379106348944
1.915059073687363	0.0	0.9316413106019901
1.916559903682416	0.0	0.9361253480206746
1.9180607336774687	0.0	0.9405899461177085
1.9195615636725216	0.0	0.9450350228397407
1.9210623936675741	0.0	0.9494604974765093
1.922563223662627	0.0	0.9538662983931339
1.92406405365768	0.0	0.9582523489395229
1.9255648836527326	0.0	0.9626185693727164
1.9270657136477853	0.0	0.9669648855995134
1.9285665436428383	0.0	0.9712912216784005
1.9300673736378908	0.0	0.9755975040275401
1.9315682036329438	0.0	0.9798836606915599
1.9330690336279968	0.0	0.9841496166654375
1.9345698636230495	0.0	0.9883952972953056
1.936070693618102	0.0	0.9926206314390978
1.937571523613155	0.0	0.9968255488604296
1.939072353608208	0.0	1.0010099756139554
1.9405731836032605	0.0	1.0051738394547876
1.9420740135983134	0.0	1.0093170730237944
1.9435748435933662	0.0	1.0134396088694138
1.9450756735884192	0.0	1.0175413753813067
1.9465765035834717	0.0	1.0216223023909035
1.9480773335785246	0.0	1.025682324769369
1.9495781635735774	0.0	1.0297213753362182
1.95107899356863	0.0	1.0337393858512536
1.9525798235636829	0.0	1.037736290002722
1.9540806535587358	0.0	1.041712020788823
1.9555814835537884	0.0	1.0456665149290338
1.9570823135488413	0.0	1.049599710159455
1.958583143543894	0.0	1.0535115402792024
1.960083973538947	0.0	1.0574019399561039
1.9615848035339996	0.0	1.0612708474560992
1.9630856335290525	0.0	1.0651182031768525
1.9645864635241053	0.0	1.0689439449714913
1.966087293519158	0.0	1.072748009152858
1.9675881235142108	0.0	1.0765303344736221
1.9690889535092637	0.0	1.0802908651944592
1.9705897835043162	0.0	1.0840295407395184
1.9720906134993692	0.0	1.08774629968898
1.973591443494422	0.0	1.0914410873324054
1.975092273489475	0.0	1.0951138452441807
1.9765931034845274	0.0	1.098764515904466
1.9780939334795804	0.0	1.1023930410262757
1.9795947634746334	0.0	1.1059993641309527
1.981095593469686	0.0	1.109583435825064
1.9825964234647386	0.0	1.113145199944139
1.9840972534597916	0.0	1.116684597800789
1.9855980834548446	0.0	1.1202015791390452
1.987098913449897	0.0	1.123696090985857
1.98859974344495	0.0	1.1271680785815004
1.9901005734400028	0.0	1.1306174930531896
1.9916014034350553	0.0	1.1340442835904467
1.9931022334301083	0.0	1.1374483989022228
1.9946030634251612	0.0	1.1408297884953142
1.9961038934202138	0.0	1.1441884018458002
1.9976047234152667	0.0	1.1475241913377114
1.9991055534103195	0.0	1.1508371079534123
2.0006063834053722	0.0	1.1541271054693918
2.002107213400425	0.0	1.1573941378500232
2.0036080433954777	0.0	1.160638155298309
2.005108873390531	0.0	1.163859113094018
2.006609703385583	0.0	1.167056966030198
2.0081105333806364	0.0	1.1702316689276004
2.009611363375689	0.0	1.1733831807533917
2.011112193370742	0.0	1.1765114547141187
2.0126130233657946	0.0	1.1796164466224959
2.0141138533608474	0.0	1.1826981164530201
2.0156146833559005	0.0	1.1857564200276245
2.017115513350953	0.0	1.188791316569166
2.0186163433460056	0.0	1.1918027681099577
2.020117173341059	0.0	1.1947907333337622
2.021618003336111	0.0	1.1977551704622549
2.0231188333311643	0.0	1.2006960412504946
2.024619663326217	0.0	1.2036133062829304
2.0261204933212698	0.0	1.2065069284174705
2.0276213233163225	0.0	1.2093768731520336
2.0291221533113752	0.0	1.2122230995184755
2.0306229833064284	0.0	1.2150455707566876
2.0321238133014807	0.0	1.2178442547304411
2.0336246432965335	0.0	1.2206191139402764
2.0351254732915867	0.0	1.2233701122606888
2.036626303286639	0.0	1.2260972179805683
2.038127133281692	0.0	1.2288003976452113
2.039627963276745	0.0	1.2314796166046713
2.0411287932717976	0.0	1.234134842892166
2.0426296232668504	0.0	1.2367660446209987
2.044130453261903	0.0	1.2393731899722242
2.0456312832569563	0.0	1.2419562470406709
2.0471321132520086	0.0	1.244515186126839
2.048632943247062	0.0	1.2470499799340224
2.0501337732421145	0.0	1.249560597481197
2.0516346032371673	0.0	1.2520470066937723
2.05313543323222	0.0	1.2545091814210187
2.0546362632272728	0.0	1.2569470948899195
2.0561370932223255	0.0	1.2593607168156653
2.0576379232173783	0.0	1.2617500241095942
2.059138753212431	0.0	1.2641149911754668
2.060639583207484	0.0	1.2664555879287211
2.0621404132025365	0.0	1.2687717900669404
2.0636412431975897	0.0	1.271063573712836
2.0651420731926424	0.0	1.2733309132455348
2.066642903187695	0.0	1.2755737865621521
2.068143733182748	0.0	1.2777921716860854
2.0696445631778007	0.0	1.2799860419644788
2.071145393172854	0.0	1.2821553766714542
2.072646223167906	0.0	1.2843001554445943
2.074147053162959	0.0	1.2864203538706227
2.075647883158012	0.0	1.2885159519198575
2.0771487131530644	0.0	1.290586930918022
2.0786495431481176	0.0	1.292633269492317
2.0801503731431703	0.0	1.294654947606902
2.081651203138223	0.0	1.2966519472436862
2.083152033133276	0.0	1.298624248314437
2.0846528631283285	0.0	1.300571834412179
2.0861536931233817	0.0	1.3024946867517864
2.087654523118434	0.0	1.3043927858457312
2.089155353113487	0.0	1.3062661193656655
2.09065618310854	0.0	1.3081146715854424
2.0921570131035927	0.0	1.3099384222535686
2.0936578430986454	0.0	1.311737355699313
2.095158673093698	0.0	1.3135114585099992
2.096659503088751	0.0	1.3152607161885939
2.0981603330838037	0.0	1.3169851161233501
2.0996611630788564	0.0	1.3186846420212772
2.1011619930739096	0.0	1.3203592797981447
2.102662823068962	0.0	1.3220090190571099
2.104163653064015	0.0	1.3236338471433036
2.105664483059068	0.0	1.3252337504746117
2.1071653130541206	0.0	1.326808716125083
2.1086661430491733	0.0	1.3283587360883888
2.110166973044226	0.0	1.3298837996257422
2.111667803039279	0.0	1.3313838934630935
2.1131686330343316	0.0	1.332859006282532
2.1146694630293843	0.0	1.3343091315871907
2.1161702930244375	0.0	1.3357342625259407
2.11767112301949	0.0	1.3371343849683275
2.119171953014543	0.0	1.338509491345467
2.1206727830095957	0.0	1.3398595764758827
2.1221736130046485	0.0	1.3411846296392809
2.123674442999701	0.0	1.3424846451551475
2.125175272994754	0.0	1.3437596169301664
2.126676102989807	0.0	1.345009535534792
2.1281769329848594	0.0	1.3462343954795015
2.129677762979912	0.0	1.3474341912131615
2.1311785929749654	0.0	1.3486089179948102
2.132679422970018	0.0	1.3497585713330136
2.134180252965071	0.0	1.3508831447309089
2.1356810829601236	0.0	1.3519826341037018
2.1371819129551763	0.0	1.353057037726283
2.138682742950229	0.0	1.3541063514738056
2.140183572945282	0.0	1.3551305670226532
2.141684402940335	0.0	1.3561296838768442
2.1431852329353873	0.0	1.3571037026155208
2.1446860629304405	0.0	1.3580526180294958
2.1461868929254933	0.0	1.358976431021365
2.147687722920546	0.0	1.359875137250638
2.1491885529155987	0.0	1.360748733350287
2.1506893829106515	0.0	1.3615972235190914
2.1521902129057042	0.0	1.362420605449723
2.153691042900757	0.0	1.3632188765576043
2.1551918728958097	0.0	1.3639920379948607
2.156692702890863	0.0	1.3647400923429884
2.158193532885915	0.0	1.3654630395927454
2.1596943628809684	0.0	1.3661608779820587
2.161195192876021	0.0	1.3668336125198928
2.162696022871074	0.0	1.3674812436498467
2.1641968528661266	0.0	1.3681037697915985
2.1656976828611794	0.0	1.3687011985356097
2.1671985128562326	0.0	1.3692735321645608
2.168699342851285	0.0	1.369820771004988
2.1702001728463376	0.0	1.3703429185471487
2.171701002841391	0.0	1.3708399795073523
2.1732018328364435	0.0	1.3713119586666012
2.1747026628314963	0.0	1.3717588574203814
2.176203492826549	0.0	1.3721806836610446
2.1777043228216018	0.0	1.3725774414117795
2.1792051528166545	0.0	1.372949132924461
2.1807059828117072	0.0	1.3732957657587435
2.1822068128067604	0.0	1.3736173464977453
2.1837076428018127	0.0	1.3739138818786136
2.1852084727968655	0.0	1.3741853750650665
2.1867093027919187	0.0	1.374431834901343
2.1882101327869714	0.0	1.374653269175054
2.189710962782024	0.0	1.3748496817861662
2.191211792777077	0.0	1.3750210837106551
2.1927126227721296	0.0	1.3751674815408814
2.1942134527671824	0.0	1.375288881419448
2.195714282762235	0.0	1.3753852963893725
2.1972151127572883	0.0	1.375456733880924
2.198715942752341	0.0	1.3755031995653824
2.200216772747394	0.0	1.3755247054168174
2.2017176027424465	0.0	1.3755212611081324
2.2032184327374993	0.0	1.3754928743653299
2.204719262732552	0.0	1.3754395590477715
2.2062200927276048	0.0	1.375361326091384
2.2077209227226575	0.0	1.3752581811243187
2.2092217527177103	0.0	1.3751301371557096
2.210722582712763	0.0	1.3749772087904077
2.212223412707816	0.0	1.3747994062619766
2.213724242702869	0.0	1.3745967413134481
2.2152250726979217	0.0	1.3743692246866712
2.2167259026929744	0.0	1.3741168680230167
2.218226732688027	0.0	1.3738396875261447
2.21972756268308	0.0	1.3735376990762507
2.2212283926781327	0.0	1.373210911902637
2.222729222673186	0.0	1.3728593370120894
2.224230052668238	0.0	1.3724829922224646
2.225730882663291	0.0	1.372081891882929
2.227231712658344	0.0	1.3716560503981028
2.228732542653397	0.0	1.3712054838268544
2.2302333726484496	0.0	1.3707302060039048
2.2317342026435023	0.0	1.3702302305668115
2.233235032638555	0.0	1.3697055758355665
2.234735862633608	0.0	1.3691562597604934
2.2362366926286605	0.0	1.3685822954431346
2.2377375226237137	0.0	1.3679837012034866
2.2392383526187665	0.0	1.3673604951643732
2.2407391826138188	0.0	1.36671269065839
2.242240012608872	0.0	1.3660403081311052
2.2437408426039247	0.0	1.3653433680065052
2.2452416725989774	0.0	1.3646218840915851
2.24674250259403	0.0	1.3638758767548973
2.248243332589083	0.0	1.363105367837491
2.2497441625841357	0.0	1.3623103723354508
2.2512449925791884	0.0	1.3614909100689832
2.2527458225742416	0.0	1.3606470047767496
2.2542466525692944	0.0	1.3597786725545913
2.255747482564347	0.0	1.3588859352620417
2.2572483125594	0.0	1.357968816277334
2.2587491425544526	0.0	1.3570273314098122
2.2602499725495053	0.0	1.3560615063912596
2.261750802544558	0.0	1.3550713637003904
2.263251632539611	0.0	1.354056921269046
2.2647524625346636	0.0	1.3530182035444105
2.2662532925297163	0.0	1.351955232481518
2.2677541225247695	0.0	1.3508680331036154
2.2692549525198222	0.0	1.3497566302552744
2.270755782514875	0.0	1.3486210436427355
2.2722566125099277	0.0	1.347461297519112
2.2737574425049805	0.0	1.3462774185742232
2.275258272500033	0.0	1.3450694327246715
2.276759102495086	0.0	1.3438373630129261
2.278259932490139	0.0	1.342581232872673
2.279760762485192	0.0	1.341301071707687
2.281261592480244	0.0	1.3399969048400324
2.2827624224752974	0.0	1.3386687569633422
2.28426325247035	0.0	1.3373166576908806
2.285764082465403	0.0	1.33594063194732
2.2872649124604556	0.0	1.3345407055722365
2.2887657424555083	0.0	1.333116911475072
2.290266572450561	0.0	1.3316692777688721
2.291767402445614	0.0	1.3301978292396766
2.293268232440667	0.0	1.3287025959967176
2.2947690624357198	0.0	1.3271836068646332
2.2962698924307725	0.0	1.32564089285523
2.2977707224258253	0.0	1.324074485784374
2.299271552420878	0.0	1.3224844126160555
2.3007723824159307	0.0	1.3208707047933583
2.3022732124109835	0.0	1.3192333953920914
2.3037740424060362	0.0	1.3175725162465681
2.3052748724010894	0.0	1.315888097897289
2.3067757023961417	0.0	1.3141801716056212
2.308276532391195	0.0	1.3124487722371265
2.3097773623862476	0.0	1.3106939343431812
2.3112781923813004	0.0	1.308915688803151
2.312779022376353	0.0	1.307114067793294
2.314279852371406	0.0	1.3052891093891232
2.3157806823664586	0.0	1.3034408487211664
2.3172815123615114	0.0	1.301569318236759
2.318782342356564	0.0	1.2996745540398607
2.3202831723516173	0.0	1.2977565926595689
2.3217840023466696	0.0	1.2958154695991195
2.323284832341723	0.0	1.2938512238273905
2.3247856623367755	0.0	1.2918638924895616
2.3262864923318283	0.0	1.2898535099644832
2.327787322326881	0.0	1.2878201134065916
2.3292881523219338	0.0	1.285763744772886
2.3307889823169865	0.0	1.2836844453518732
2.3322898123120392	0.0	1.28158225106267
2.3337906423070924	0.0	1.2794571999530775
2.335291472302145	0.0	1.2773093327971592
2.3367923022971975	0.0	1.2751386916936025
2.3382931322922507	0.0	1.2729453180141068
2.3397939622873034	0.0	1.2707292530441086
2.341294792282356	0.0	1.2684905372927338
2.342795622277409	0.0	1.266229212076229
2.3442964522724616	0.0	1.2639453228326039
2.345797282267515	0.0	1.2616389119809175
2.347298112262567	0.0	1.25931002228836
2.3487989422576203	0.0	1.2569586975879834
2.350299772252673	0.0	1.2545849839462064
2.351800602247726	0.0	1.2521889264898944
2.3533014322427785	0.0	1.2497705667601937
2.3548022622378313	0.0	1.247329953783922
2.356303092232884	0.0	1.2448671365078205
2.3578039222279368	0.0	1.2423821593595077
2.3593047522229895	0.0	1.2398750671731715
2.3608055822180427	0.0	1.2373459068870403
2.362306412213095	0.0	1.234794731150695
2.363807242208148	0.0	1.232221588685987
2.365308072203201	0.0	1.2296265238866264
2.3668089021982537	0.0	1.2270095905234815
2.3683097321933064	0.0	1.224370838285696
2.369810562188359	0.0	1.2217103143610404
2.371311392183412	0.0	1.2190280730902876
2.3728122221784647	0.0	1.216324164538415
2.374313052173518	0.0	1.213598638893632
2.3758138821685706	0.0	1.2108515507154238
2.377314712163623	0.0	1.2080829555490535
2.378815542158676	0.0	1.2052929037059612
2.380316372153729	0.0	1.2024814457409336
2.3818172021487816	0.0	1.1996486396852017
2.3833180321438343	0.0	1.1967945429231677
2.384818862138887	0.0	1.193919207056988
2.3863196921339402	0.0	1.1910226861039377
2.3878205221289925	0.0	1.1881050397742434
2.3893213521240457	0.0	1.1851663243401376
2.3908221821190985	0.0	1.1822065960122874
2.3923230121141508	0.0	1.1792259138662784
2.393823842109204	0.0	1.176224334266792
2.3953246721042567	0.0	1.1732019159936657
2.3968255020993094	0.0	1.1701587195641816
2.398326332094362	0.0	1.1670948036872921
2.399827162089415	0.0	1.1640102283904605
2.401327992084468	0.0	1.160905054458977
2.4028288220795204	0.0	1.1577793437562822
2.4043296520745736	0.0	1.1546331573387438
2.4058304820696264	0.0	1.1514665578676857
2.407331312064679	0.0	1.1482796080937743
2.408832142059732	0.0	1.1450723681984494
2.4103329720547846	0.0	1.1418449035662754
2.4118338020498373	0.0	1.138597279979148
2.41333463204489	0.0	1.1353295591156847
2.414835462039943	0.0	1.1320418073000105
2.416336292034996	0.0	1.128734092759933
2.4178371220300483	0.0	1.1254064795584529
2.4193379520251015	0.0	1.1220590310808218
2.4208387820201542	0.0	1.1186918139345035
2.422339612015207	0.0	1.1153048987995227
2.4238404420102597	0.0	1.1118983557828468
2.4253412720053125	0.0	1.1084722515658765
2.4268421020003657	0.0	1.1050266538712883
2.428342931995418	0.0	1.1015616318449615
2.429843761990471	0.0	1.0980772560128333
2.431344591985524	0.0	1.0945735967714603
2.432845421980576	0.0	1.0910507231496582
2.4343462519756294	0.0	1.0875087076079124
2.435847081970682	0.0	1.0839476250157796
2.437347911965735	0.0	1.0803675453755357
2.4388487419607876	0.0	1.0767685399647118
2.4403495719558403	0.0	1.0731506850575743
2.4418504019508935	0.0	1.0695140517961896
2.443351231945946	0.0	1.0658587132325565
2.444852061940999	0.0	1.0621847468731263
2.4463528919360518	0.0	1.0584922272300503
2.447853721931104	0.0	1.054781229745833
2.4493545519261573	0.0	1.0510518309965917
2.45085538192121	0.0	1.0473041061599297
2.452356211916263	0.0	1.0435381324712016
2.4538570419113155	0.0	1.0397539871657435
2.4553578719063682	0.0	1.0359517483415204
2.4568587019014214	0.0	1.0321314966717514
2.4583595318964737	0.0	1.028293308942067
2.459860361891527	0.0	1.0244372644702988
2.4613611918865796	0.0	1.020563442414033
2.4628620218816324	0.0	1.0166719219555629
2.464362851876685	0.0	1.0127627868486782
2.465863681871738	0.0	1.008836115517846
2.467364511866791	0.0	1.0048919893571808
2.4688653418618434	0.0	1.0009304926503289
2.470366171856896	0.0	0.9969517068591276
2.4718670018519493	0.0	0.9929557130018847
2.4733678318470016	0.0	0.9889425935324092
2.474868661842055	0.0	0.9849124356977992
2.4763694918371075	0.0	0.9808653238680293
2.4778703218321603	0.0	0.9768013379831261
2.479371151827213	0.0	0.9727205641134659
2.4808719818222658	0.0	0.96862309026401
2.482372811817319	0.0	0.9645089999297688
2.4838736418123712	0.0	0.9603783800868189
2.4853744718074244	0.0	0.9562313154993599
2.486875301802477	0.0	0.9520678937533649
2.4883761317975295	0.0	0.9478882083802952
2.4898769617925827	0.0	0.9436923405894224
2.4913777917876354	0.0	0.9394803734876159
2.492878621782688	0.0	0.9352524019617617
2.494379451777741	0.0	0.9310085161177548
2.4958802817727936	0.0	0.9267488035292327
2.497381111767847	0.0	0.9224733546039595
2.498881941762899	0.0	0.9181822570204123
2.5003827717579523	0.0	0.9138755992270633
2.501883601753005	0.0	0.9095534751619899
2.503384431748058	0.0	0.9052159785723064
2.5048852617431105	0.0	0.9008631983316682
2.5063860917381633	0.0	0.896495221828889
2.5078869217332165	0.0	0.8921121432608075
2.509387751728269	0.0	0.8877140582474837
2.5108885817233215	0.0	0.8833010582502371
2.5123894117183747	0.0	0.8788732356422452
2.513890241713427	0.0	0.8744306831847528
2.51539107170848	0.0	0.8699734943229679
2.516891901703533	0.0	0.8655017649295715
2.5183927316985857	0.0	0.8610155896634619
2.5198935616936384	0.0	0.8565150596409256
2.521394391688691	0.0	0.8520002707161499
2.5228952216837444	0.0	0.8474713215958688
2.5243960516787967	0.0	0.8429283065816675
2.5258968816738494	0.0	0.8383713174367904
2.5273977116689026	0.0	0.8338004519622523
2.528898541663955	0.0	0.8292158120993713
2.530399371659008	0.0	0.8246174901659
2.531900201654061	0.0	0.8200055794899456
2.5334010316491136	0.0	0.8153801821791746
2.5349018616441663	0.0	0.8107413954678511
2.536402691639219	0.0	0.8060893138300494
2.5379035216342722	0.0	0.8014240365208349
2.5394043516293245	0.0	0.7967456632882167
2.5409051816243777	0.0	0.7920542942436934
2.5424060116194305	0.0	0.7873500255063164
2.5439068416144828	0.0	0.7826329515871653
2.545407671609536	0.0	0.7779031776621056
2.5469085016045887	0.0	0.7731608064549328
2.5484093315996414	0.0	0.7684059282502259
2.549910161594694	0.0	0.7636386437878367
2.551410991589747	0.0	0.7588590603446197
2.5529118215848	0.0	0.7540672738240475
2.5544126515798524	0.0	0.7492633842697847
2.5559134815749056	0.0	0.7444474936663129
2.5574143115699584	0.0	0.7396196996114041
2.558915141565011	0.0	0.7347801073918286
2.560415971560064	0.0	0.7299288181725851
2.5619168015551166	0.0	0.7250659271794341
2.5634176315501698	0.0	0.7201915393110419
2.564918461545222	0.0	0.7153057574821678
2.566419291540275	0.0	0.7104086825743979
2.567920121535328	0.0	0.7055004182357025
2.5694209515303803	0.0	0.7005810639861217
2.5709217815254335	0.0	0.6956507223029331
2.5724226115204862	0.0	0.6907094957128103
2.573923441515539	0.0	0.6857574864959087
2.5754242715105917	0.0	0.6807947979613058
2.5769251015056445	0.0	0.6758215332024823
2.5784259315006977	0.0	0.6708377956394023
2.57992676149575	0.0	0.6658436850015444
2.581427591490803	0.0	0.6608393052695405
2.582928421485856	0.0	0.6558247610155356
2.584429251480908	0.0	0.6508001536818009
2.5859300814759614	0.0	0.6457655885181204
2.587430911471014	0.0	0.6407211700041904
2.588931741466067	0.0	0.6356669992434815
2.5904325714611196	0.0	0.6306031790829376
2.5919334014561723	0.0	0.6255298143103012
2.5934342314512255	0.0	0.620447008259357
2.594935061446278	0.0	0.615354865945761
2.596435891441331	0.0	0.6102534913624617
2.5979367214363838	0.0	0.6051429850584022
2.5994375514314365	0.0	0.6000234518706287
2.6009383814264893	0.0	0.5948949985214687
2.602439211421542	0.0	0.5897577275682947
2.6039400414165947	0.0	0.5846117427515081
2.6054408714116475	0.0	0.5794571475157618
2.6069417014067002	0.0	0.574294045404224
2.6084425314017534	0.0	0.5691225448951228
2.6099433613968057	0.0	0.5639427469193661
2.611444191391859	0.0	0.5587547513912935
2.6129450213869116	0.0	0.5535586660313072
2.6144458513819644	0.0	0.5483545972845172
2.615946681377017	0.0	0.5431426495936331
2.61744751137207	0.0	0.537922922799002
2.618948341367123	0.0	0.5326955192363154
2.6204491713621754	0.0	0.5274605465951653
2.621950001357228	0.0	0.522218110390273
2.6234508313522813	0.0	0.5169683148302762
2.6249516613473336	0.0	0.5117112618072075
2.626452491342387	0.0	0.5064470537060065
2.6279533213374395	0.0	0.5011757978650555
2.6294541513324923	0.0	0.4958975981787324
2.630954981327545	0.0	0.49061255376049784
2.6324558113225978	0.0	0.4853207703037202
2.633956641317651	0.0	0.4800223548510894
2.6354574713127032	0.0	0.4747174076373448
2.6369583013077564	0.0	0.46940603228576805
2.638459131302809	0.0	0.46408833365803864
2.639959961297862	0.0	0.4587644148475815
2.6414607912929147	0.0	0.45343438093788696
2.6429616212879674	0.0	0.44809833379019604
2.64446245128302	0.0	0.44275637268424445
2.645963281278073	0.0	0.43740860550060645
2.6474641112731256	0.0	0.4320551412473856
2.648964941268179	0.0	0.4266960726797423
2.650465771263231	0.0	0.4213314994224082
2.6519666012582843	0.0	0.415961534771608
2.653467431253337	0.0	0.4105862799970872
2.65496826124839	0.0	0.40520583134731436
2.6564690912434425	0.0	0.3998202965488872
2.6579699212384953	0.0	0.39442977982889954
2.6594707512335485	0.0	0.38903437775004296
2.660971581228601	0.0	0.38363419250006103
2.6624724112236535	0.0	0.378229327683779
2.6639732412187067	0.0	0.37281988986951053
2.665474071213759	0.0	0.367405980185304
2.666974901208812	0.0	0.36198769362277394
2.668475731203865	0.0	0.35656513379904387
2.6699765611989177	0.0	0.351138404281989
2.6714773911939704	0.0	0.3457076049428036
2.672978221189023	0.0	0.3402728403535592
2.6744790511840764	0.0	0.33483421223381826
2.6759798811791287	0.0	0.3293918155258917
2.6774807111741814	0.0	0.3239457522573695
2.6789815411692346	0.0	0.31849612627950263
2.6804823711642873	0.0	0.3130430355904838
2.68198320115934	0.0	0.30758657992602395
2.683484031154393	0.0	0.3021268622255343
2.6849848611494456	0.0	0.2966639848430889
2.6864856911444983	0.0	0.2911980440333517
2.687986521139551	0.0	0.28572913694431445
2.6894873511346042	0.0	0.28025736655235683
2.6909881811296565	0.0	0.2747828310898546
2.6924890111247097	0.0	0.26930563174645783
2.6939898411197625	0.0	0.26382586988434265
2.695490671114815	0.0	0.25834363915201564
2.696991501109868	0.0	0.25285903877990895
2.6984923311049207	0.0	0.2473721690705218
2.6999931610999734	0.0	0.24188313019075933
2.701493991095026	0.0	0.2363920203113769
2.702994821090079	0.0	0.23089893691922236
2.704495651085132	0.0	0.22540397861014239
2.7059964810801844	0.0	0.21990723930989794
2.7074973110752376	0.0	0.21440882062093242
2.7089981410702904	0.0	0.20890882057230403
2.710498971065343	0.0	0.20340733272008918
2.711999801060396	0.0	0.19790445787195513
2.7135006310554486	0.0	0.19240029366880046
2.7150014610505018	0.0	0.18689493534254406
2.716502291045554	0.0	0.18138847936958674
2.718003121040607	0.0	0.17588102141311548
2.71950395103566	0.0	0.17037266029694603
2.7210047810307127	0.0	0.1648634956520053
2.7225056110257655	0.0	0.15935361703581946
2.7240064410208182	0.0	0.1538431182940358
2.725507271015871	0.0	0.14833210289595933
2.7270081010109237	0.0	0.14282066536496804
2.7285089310059765	0.0	0.1373088948950247
2.7300097610010297	0.0	0.13179689060571137
2.731510590996082	0.0	0.12628475389624644
2.7330114209911347	0.0	0.12077257013451273
2.734512250986188	0.0	0.11526043250085444
2.7360130809812406	0.0	0.10974844557965968
2.7375139109762934	0.0	0.10423670089388663
2.739014740971346	0.0	0.09872528850628493
2.740515570966399	0.0	0.09321430311880564
2.7420164009614516	0.0	0.08770384146058159
2.7435172309565043	0.0	0.08219399770383652
2.7450180609515575	0.0	0.07668486438804141
2.7465188909466103	0.0	0.07117653476118962
2.748019720941663	0.0	0.06566910257651652
2.7495205509367158	0.0	0.060162658882622365
2.7510213809317685	0.0	0.05465729730946495
2.7525222109268213	0.0	0.04915311392681042
2.754023040921874	0.0	0.043650199444458436
2.7555238709169267	0.0	0.03814864539753585
2.7570247009119795	0.0	0.03264854578575919
2.7585255309070322	0.0	0.02714999321025671
2.7600263609020854	0.0	0.021653078312883007
2.761527190897138	0.0	0.016157892585823085
2.763028020892191	0.0	0.010664528396040715
2.7645288508872436	0.0	0.0051730791209466664
2.7660296808822964	0.0	-0.00031636616866292835
2.767530510877349	0.0	-0.0058037136209824515
2.769031340872402	0.0	-0.011288872507792735
2.770532170867455	0.0	-0.0167717557545213
2.7720330008625074	0.0	-0.022252267149704925
2.77353383085756	0.0	-0.027730315724820105
2.7750346608526133	0.0	-0.033205815970176
2.776535490847666	0.0	-0.038678675623555925
2.778036320842719	0.0	-0.04414879915734871
2.7795371508377715	0.0	-0.04961609980493537
2.7810379808328243	0.0	-0.05508049142814251
2.782538810827877	0.0	-0.060541880107478345
2.7840396408229298	0.0	-0.0660001722498981
2.785540470817983	0.0	-0.0714552822654862
2.7870413008130357	0.0	-0.07690712221095722
2.7885421308080884	0.0	-0.08235559926344604
2.790042960803141	0.0	-0.08780062471559047
2.791543790798194	0.0	-0.09324211241079756
2.7930446207932467	0.0	-0.0986799724464713
2.7945454507882994	0.0	-0.10411411204901314
2.796046280783352	0.0	-0.10954444102629303
2.797547110778405	0.0	-0.11497087232833483
2.7990479407734576	0.0	-0.12039332188712576
2.800548770768511	0.0	-0.12581169819816415
2.8020496007635636	0.0	-0.13122590817986102
2.8035504307586163	0.0	-0.13663586960016266
2.805051260753669	0.0	-0.1420414951811053
2.806552090748722	0.0	-0.14744269181025277
2.8080529207437745	0.0	-0.15283937356506572
2.8095537507388273	0.0	-0.15823145133779803
2.81105458073388	0.0	-0.16361883582348904
2.812555410728933	0.0	-0.16900144184512725
2.8140562407239855	0.0	-0.17437918059685412
2.8155570707190387	0.0	-0.17975196355002848
2.8170579007140915	0.0	-0.18511970701858352
2.818558730709144	0.0	-0.19048232416203723
2.820059560704197	0.0	-0.1958397231309475
2.8215603906992497	0.0	-0.20119181660422372
2.8230612206943024	0.0	-0.2065385149381046
2.824562050689355	0.0	-0.21187973436026972
2.8260628806844084	0.0	-0.2172153923368147
2.827563710679461	0.0	-0.22254539813963134
2.8290645406745134	0.0	-0.22786966465710473
2.8305653706695666	0.0	-0.23318810269519813
2.8320662006646193	0.0	-0.2385006251361753
2.833567030659672	0.0	-0.24380714760397745
2.835067860654725	0.0	-0.249107584490288
2.8365686906497776	0.0	-0.25440185174558766
2.8380695206448303	0.0	-0.259689859584381
2.839570350639883	0.0	-0.2649715193979502
2.8410711806349362	0.0	-0.27024674429033285
2.842572010629989	0.0	-0.2755154488195796
2.8440728406250417	0.0	-0.2807775516963608
2.8455736706200945	0.0	-0.28603296238965314
2.847074500615147	0.0	-0.29128159563003325
2.8485753306102	0.0	-0.2965233683968852
2.8500761606052527	0.0	-0.301758187990529
2.8515769906003055	0.0	-0.30698596924009286
2.853077820595358	0.0	-0.31220663170644797
2.854578650590411	0.0	-0.31742008959033247
2.856079480585464	0.0	-0.32262625144272516
2.857580310580517	0.0	-0.3278250315444596
2.8590811405755696	0.0	-0.333016350004757
2.8605819705706224	0.0	-0.33820011766653074
2.862082800565675	0.0	-0.3433762458532473
2.863583630560728	0.0	-0.3485446523267871
2.8650844605557806	0.0	-0.3537052524461352
2.8665852905508338	0.0	-0.3588579588778844
2.8680861205458865	0.0	-0.36400268753556536
2.869586950540939	0.0	-0.3691393521578011
2.871087780535992	0.0	-0.3742678661197436
2.8725886105310448	0.0	-0.37938814582777497
2.8740894405260975	0.0	-0.3845001028333679
2.8755902705211502	0.0	-0.38960365261255264
2.877091100516203	0.0	-0.39469871157174824
2.8785919305112557	0.0	-0.39978519551971986
2.8800927605063085	0.0	-0.4048630208258811
2.8815935905013617	0.0	-0.4099320981791314
2.8830944204964144	0.0	-0.4149923417062721
2.8845952504914667	0.0	-0.42004366828811696
2.88609608048652	0.0	-0.4250859901784288
2.8875969104815726	0.0	-0.43011922505281586
2.8890977404766254	0.0	-0.43514328833192056
2.890598570471678	0.0	-0.44015809243587295
2.892099400466731	0.0	-0.4451635573937992
2.893600230461784	0.0	-0.4501595953178018
2.8951010604568364	0.0	-0.45514611642854386
2.8966018904518895	0.0	-0.46012304215989797
2.8981027204469423	0.0	-0.46509028806179453
2.899603550441995	0.0	-0.4700477622848099
2.9011043804370478	0.0	-0.47499538519694473
2.9026052104321005	0.0	-0.4799330753794149
2.9041060404271533	0.0	-0.484860743373246
2.905606870422206	0.0	-0.48977830458058685
2.9071077004172587	0.0	-0.494685674600727
2.908608530412312	0.0	-0.49958276833676857
2.9101093604073642	0.0	-0.5044695018747125
2.9116101904024174	0.0	-0.5093457915531437
2.91311102039747	0.0	-0.5142115523984422
2.914611850392523	0.0	-0.5190666987776392
2.9161126803875757	0.0	-0.5239111459080046
2.9176135103826284	0.0	-0.5287448109969098
2.919114340377681	0.0	-0.5335676095758846
2.920615170372734	0.0	-0.5383794578171832
2.922116000367787	0.0	-0.5431802722257395
2.92361683036284	0.0	-0.5479699647596794
2.925117660357892	0.0	-0.552748452268988
2.9266184903529453	0.0	-0.557515651418827
2.928119320347998	0.0	-0.5622714782458933
2.929620150343051	0.0	-0.5670158491997146
2.9311209803381035	0.0	-0.5717486782284449
2.9326218103331563	0.0	-0.5764698840981424
2.9341226403282095	0.0	-0.5811793834000314
2.9356234703232618	0.0	-0.5858770906367009
2.937124300318315	0.0	-0.5905629172980217
2.9386251303133677	0.0	-0.5952367822055509
2.94012596030842	0.0	-0.5998986103603877
2.941626790303473	0.0	-0.6045483104613664
2.943127620298526	0.0	-0.6091857940599597
2.9446284502935787	0.0	-0.6138109889359497
2.9461292802886314	0.0	-0.6184238070905336
2.947630110283684	0.0	-0.6230241540496002
2.9491309402787373	0.0	-0.6276119597739607
2.9506317702737896	0.0	-0.632187150632474
2.952132600268843	0.0	-0.6367496276288173
2.9536334302638956	0.0	-0.6412993004661132
2.9551342602589483	0.0	-0.6458360968933154
2.956635090254001	0.0	-0.6503599345120769
2.958135920249054	0.0	-0.6548707298519648
2.9596367502441066	0.0	-0.6593684038786338
2.9611375802391593	0.0	-0.6638528715321176
2.962638410234212	0.0	-0.6683240471117061
2.9641392402292652	0.0	-0.6727818460010363
2.9656400702243175	0.0	-0.6772261893258978
2.9671409002193707	0.0	-0.6816569985941003
2.9686417302144235	0.0	-0.686074187254659
2.970142560209476	0.0	-0.6904776745480821
2.971643390204529	0.0	-0.6948673785750878
2.9731442201995817	0.0	-0.6992432145036606
2.974645050194635	0.0	-0.7036051039154915
2.976145880189687	0.0	-0.7079529640918707
2.9776467101847404	0.0	-0.7122867162078548
2.979147540179793	0.0	-0.7166062807731229
2.9806483701748454	0.0	-0.7209115691173554
2.9821492001698986	0.0	-0.7252025022923682
2.9836500301649513	0.0	-0.729479001054266
2.985150860160004	0.0	-0.7337409854814787
2.986651690155057	0.0	-0.7379883767490811
2.9881525201501096	0.0	-0.7422210894643909
2.9896533501451628	0.0	-0.7464390463920716
2.991154180140215	0.0	-0.7506421677337567
2.9926550101352682	0.0	-0.7548303706844087
2.994155840130321	0.0	-0.7590035753470911
2.9956566701253737	0.0	-0.7631617077271915
2.9971575001204265	0.0	-0.7673046879030657
2.998658330115479	0.0	-0.7704043144462519
3.000159160110532	0.0	-0.7714362507880035
