0.0	0.9999977475127201	0.0
0.0015008299950527925	0.9999909900915732	0.0
0.003001659990105585	0.999979727858832	0.0
0.004502489985158378	0.9999639610188881	0.0
0.00600331998021117	0.9999436898587382	0.0
0.007504149975263962	0.9999189147487649	0.0
0.009004979970316756	0.9998896361436126	0.0
0.010505809965369548	0.9998558545834856	0.0
0.01200663996042234	0.999817570695579	0.0
0.013507469955475132	0.9997747851957518	0.0
0.015008299950527925	0.9997274988907753	0.0
0.01650912994558072	0.9996757126805008	0.0
0.01800995994063351	0.9996194275636796	0.0
0.019510789935686303	0.9995586446435157	0.0
0.021011619930739096	0.9994933651237863	0.0
0.022512449925791888	0.9994235903008524	0.0
0.02401327992084468	0.9993493215605496	0.0
0.025514109915897473	0.9992705603779821	0.0
0.027014939910950265	0.9991873083175143	0.0
0.028515769906003057	0.9990995670326932	0.0
0.03001659990105585	0.9990073382661697	0.0
0.031517429896108645	0.9989106238496719	0.0
0.03301825989116144	0.9988094257038709	0.0
0.03451908988621423	0.9987037458383509	0.0
0.03601991988126702	0.998593586351472	0.0
0.037520749876319814	0.9984789494303922	0.0
0.03902157987137261	0.9983598373509397	0.0
0.0405224098664254	0.9982362524774646	0.0
0.04202323986147819	0.9981081972627952	0.0
0.043524069856530984	0.9979756742481509	0.0
0.045024899851583776	0.9978386860630795	0.0
0.04652572984663657	0.997697235425292	0.0
0.04802655984168936	0.9975513251406255	0.0
0.04952738983674215	0.9974009581029343	0.0
0.051028219831794945	0.9972461372939468	0.0
0.05252904982684774	0.9970868657831878	0.0
0.05402987982190053	0.996923146727859	0.0
0.05553070981695332	0.9967549833727076	0.0
0.057031539812006114	0.9965823790499331	0.0
0.05853236980705891	0.9964053371790287	0.0
0.0600331998021117	0.9962238612667111	0.0
0.06153402979716449	0.9960379549067452	0.0
0.06303485979221729	0.9958476217798561	0.0
0.06453568978727008	0.9956528656535342	0.0
0.06603651978232288	0.9954536903819948	0.0
0.06753734977737566	0.9952500999059636	0.0
0.06903817977242846	0.995042098252575	0.0
0.07053900976748124	0.9948296895352353	0.0
0.07203983976253404	0.9946128779534533	0.0
0.07354066975758683	0.9943916677926858	0.0
0.07504149975263963	0.9941660634242492	0.0
0.07654232974769241	0.993936069305064	0.0
0.07804315974274521	0.993701689977598	0.0
0.079543989737798	0.9934629300696639	0.0
0.0810448197328508	0.9932197942942376	0.0
0.08254564972790358	0.9929722874493447	0.0
0.08404647972295638	0.9927204144178489	0.0
0.08554730971800917	0.9924641801673004	0.0
0.08704813971306197	0.9922035897497629	0.0
0.08854896970811475	0.9919386483016476	0.0
0.09004979970316755	0.9916693610435141	0.0
0.09155062969822034	0.9913957332799126	0.0
0.09305145969327314	0.9911177703991967	0.0
0.09455228968832592	0.9908354778733365	0.0
0.09605311968337872	0.9905488612576997	0.0
0.09755394967843152	0.9902579261909259	0.0
0.0990547796734843	0.9899626783946869	0.0
0.1005556096685371	0.989663123673504	0.0
0.10205643966358989	0.9893592679145626	0.0
0.10355726965864269	0.9890511170874768	0.0
0.10505809965369547	0.9887386772441537	0.0
0.10655892964874827	0.9884219545185148	0.0
0.10805975964380106	0.9881009551263304	0.0
0.10956058963885386	0.9877756853650174	0.0
0.11106141963390664	0.9874461516134	0.0
0.11256224962895944	0.9871123603315205	0.0
0.11406307962401223	0.9867743180604128	0.0
0.11556390961906503	0.9864320314218836	0.0
0.11706473961411781	0.9860855071182764	0.0
0.11856556960917061	0.9857347519322988	0.0
0.1200663996042234	0.9853797727267558	0.0
0.1215672295992762	0.9850205764443228	0.0
0.12306805959432898	0.9846571701073397	0.0
0.12456888958938178	0.984289560817589	0.0
0.12606971958443458	0.98391775575602	0.0
0.12757054957948735	0.9835417621825379	0.0
0.12907137957454015	0.9831615874357681	0.0
0.13057220956959295	0.982777238932822	0.0
0.13207303956464575	0.9823887241690595	0.0
0.13357386955969852	0.9819960507178273	0.0
0.13507469955475132	0.9815992262302436	0.0
0.13657552954980412	0.9811982584348982	0.0
0.13807635954485692	0.9807931551376731	0.0
0.1395771895399097	0.9803839242214558	0.0
0.1410780195349625	0.9799705736458897	0.0
0.1425788495300153	0.9795531114471246	0.0
0.1440796795250681	0.9791315457375536	0.0
0.1455805095201209	0.9787058847055569	0.0
0.14708133951517366	0.978276136615292	0.0
0.14858216951022646	0.9778423098063446	0.0
0.15008299950527926	0.9774044126935292	0.0
0.15158382950033206	0.9769624537666045	0.0
0.15308465949538483	0.976516441590029	0.0
0.15458548949043763	0.9760663848026825	0.0
0.15608631948549043	0.9756122921175749	0.0
0.15758714948054323	0.9751541723216166	0.0
0.159087979475596	0.9746920342752989	0.0
0.1605888094706488	0.9742258869124799	0.0
0.1620896394657016	0.9737557392400751	0.0
0.1635904694607544	0.9732816003377707	0.0
0.16509129945580717	0.9728034793577889	0.0
0.16659212945085997	0.9723213855245755	0.0
0.16809295944591277	0.9718353281345342	0.0
0.16959378944096556	0.9713453165557294	0.0
0.17109461943601834	0.9708513602276325	0.0
0.17259544943107114	0.9703534686608112	0.0
0.17409627942612393	0.9698516514366614	0.0
0.17559710942117673	0.9693459182071217	0.0
0.1770979394162295	0.9688362786943873	0.0
0.1785987694112823	0.9683227426906011	0.0
0.1800995994063351	0.967805320057579	0.0
0.1816004294013879	0.9672840207265312	0.0
0.18310125939644067	0.9667588546977671	0.0
0.18460208939149347	0.9662298320403861	0.0
0.18610291938654627	0.9656969628920167	0.0
0.18760374938159907	0.9651602574584507	0.0
0.18910457937665184	0.9646197260134444	0.0
0.19060540937170464	0.96407537889836	0.0
0.19210623936675744	0.9635272265218792	0.0
0.19360706936181024	0.962975279359717	0.0
0.19510789935686304	0.9624195479543436	0.0
0.1966087293519158	0.9618600429145966	0.0
0.1981095593469686	0.9612967749154802	0.0
0.1996103893420214	0.9607297546978221	0.0
0.2011112193370742	0.9601589930679663	0.0
0.20261204933212698	0.959584500897482	0.0
0.20411287932717978	0.9590062891228336	0.0
0.20561370932223258	0.9584243687451036	0.0
0.20711453931728538	0.9578387508296935	0.0
0.20861536931233815	0.9572494465059689	0.0
0.21011619930739095	0.9566564669669809	0.0
0.21161702930244375	0.9560598234691967	0.0
0.21311785929749655	0.9554595273321299	0.0
0.21461868929254932	0.9548555899380498	0.0
0.21611951928760212	0.9542480227317047	0.0
0.21762034928265492	0.9536368372199592	0.0
0.21912117927770772	0.9530220449715262	0.0
0.2206220092727605	0.9524036576166167	0.0
0.2221228392678133	0.9517816868466786	0.0
0.2236236692628661	0.9511561444140242	0.0
0.2251244992579189	0.9505270421315563	0.0
0.22662532925297166	0.949894391872446	0.0
0.22812615924802446	0.9492582055698207	0.0
0.22962698924307726	0.9486184952164465	0.0
0.23112781923813006	0.9479752728643928	0.0
0.23262864923318283	0.9473285506247836	0.0
0.23412947922823563	0.9466783406673926	0.0
0.23563030922328843	0.9460246552203745	0.0
0.23713113921834122	0.9453675065699354	0.0
0.238631969213394	0.9447069070600647	0.0
0.2401327992084468	0.9440428690921202	0.0
0.2416336292034996	0.9433754051246056	0.0
0.2431344591985524	0.9427045276727984	0.0
0.2446352891936052	0.9420302493084524	0.0
0.24613611918865796	0.9413525826594646	0.0
0.24763694918371076	0.9406715404095579	0.0
0.24913777917876356	0.9399871352979889	0.0
0.25063860917381636	0.9392993801191994	0.0
0.25213943916886916	0.9386082877224939	0.0
0.25364026916392196	0.9379138710117516	0.0
0.2551410991589747	0.9372161429450618	0.0
0.2566419291540275	0.9365151165344456	0.0
0.2581427591490803	0.9358108048455064	0.0
0.2596435891441331	0.9351032209971414	0.0
0.2611444191391859	0.9343923781611775	0.0
0.2626452491342387	0.9336782895620792	0.0
0.2641460791292915	0.9329609684766091	0.0
0.2656469091243443	0.9322404282335345	0.0
0.26714773911939704	0.9315166822132834	0.0
0.26864856911444984	0.9307897438476379	0.0
0.27014939910950264	0.9300596266193926	0.0
0.27165022910455544	0.9293263440620649	0.0
0.27315105909960824	0.9285899097595138	0.0
0.27465188909466104	0.9278503373456892	0.0
0.27615271908971384	0.9271076405042703	0.0
0.27765354908476664	0.9263618329683523	0.0
0.2791543790798194	0.9256129285201238	0.0
0.2806552090748722	0.9248609409905304	0.0
0.282156039069925	0.9241058842590039	0.0
0.2836568690649778	0.9233477722530781	0.0
0.2851576990600306	0.9225866189480847	0.0
0.2866585290550834	0.9218224383668465	0.0
0.2881593590501362	0.9210552445793642	0.0
0.289660189045189	0.9202850517024526	0.0
0.2911610190402418	0.9195118738994743	0.0
0.2926618490352945	0.918735725379953	0.0
0.2941626790303473	0.9179566203993015	0.0
0.2956635090254001	0.9171745732584906	0.0
0.2971643390204529	0.9163895983037141	0.0
0.2986651690155057	0.9156017099260817	0.0
0.3001659990105585	0.9148109225612626	0.0
0.3016668290056113	0.914017250689224	0.0
0.3031676590006641	0.9132207088338717	0.0
0.30466848899571686	0.9124213115627207	0.0
0.30616931899076966	0.9116190734865818	0.0
0.30767014898582246	0.9108140092592469	0.0
0.30917097898087526	0.9100061335771795	0.0
0.31067180897592805	0.9091954611791763	0.0
0.31217263897098085	0.9083820068460302	0.0
0.31367346896603365	0.907565785400243	0.0
0.31517429896108645	0.9067468117056899	0.0
0.3166751289561392	0.9059251006672937	0.0
0.318175958951192	0.9051006672306884	0.0
0.3196767889462448	0.9042735263819702	0.0
0.3211776189412976	0.9034436931472664	0.0
0.3226784489363504	0.9026111825925068	0.0
0.3241792789314032	0.9017760098230484	0.0
0.325680108926456	0.9009381899833991	0.0
0.3271809389215088	0.9000977382568912	0.0
0.32868176891656153	0.8992546698652847	0.0
0.33018259891161433	0.8984090000685473	0.0
0.33168342890666713	0.8975607441644928	0.0
0.33318425890171993	0.8967099174884732	0.0
0.33468508889677273	0.895856535413023	0.0
0.33618591889182553	0.8950006133475812	0.0
0.33768674888687833	0.8941421667381574	0.0
0.33918757888193113	0.8932812110670048	0.0
0.34068840887698393	0.8924177618523316	0.0
0.34218923887203667	0.8915518346479062	0.0
0.34369006886708947	0.8906834450428454	0.0
0.34519089886214227	0.8898126086612149	0.0
0.34669172885719507	0.8889393411617386	0.0
0.34819255885224787	0.8880636582374948	0.0
0.34969338884730067	0.8871855756155365	0.0
0.35119421884235347	0.8863051090566816	0.0
0.35269504883740627	0.8854222743550572	0.0
0.354195878832459	0.8845370873379291	0.0
0.3556967088275118	0.8836495638652595	0.0
0.3571975388225646	0.8827597198294468	0.0
0.3586983688176174	0.8818675711549961	0.0
0.3601991988126702	0.8809731337982412	0.0
0.361700028807723	0.8800764237469338	0.0
0.3632008588027758	0.879177457020026	0.0
0.3647016887978286	0.878276249667292	0.0
0.36620251879288135	0.8773728177690149	0.0
0.36770334878793415	0.8764671774357092	0.0
0.36920417878298695	0.8755593448077662	0.0
0.37070500877803975	0.8746493360551431	0.0
0.37220583877309255	0.8737371673770528	0.0
0.37370666876814534	0.8728228550016419	0.0
0.37520749876319814	0.8719064151856865	0.0
0.37670832875825094	0.8709878642142386	0.0
0.3782091587533037	0.870067218400368	0.0
0.3797099887483565	0.8691444940848017	0.0
0.3812108187434093	0.8682197076356085	0.0
0.3827116487384621	0.8672928754479009	0.0
0.3842124787335149	0.8663640139435117	0.0
0.3857133087285677	0.8654331395706755	0.0
0.3872141387236205	0.8645002688036986	0.0
0.3887149687186733	0.8635654181427003	0.0
0.3902157987137261	0.8626286041131813	0.0
0.3917166287087788	0.861689843265853	0.0
0.3932174587038316	0.8607491521762021	0.0
0.3947182886988844	0.8598065474442397	0.0
0.3962191186939372	0.8588620456941611	0.0
0.39771994868899	0.8579156635740177	0.0
0.3992207786840428	0.8569674177554476	0.0
0.4007216086790956	0.8560173249333104	0.0
0.4022224386741484	0.8550654018253999	0.0
0.40372326866920116	0.8541116651720866	0.0
0.40522409866425396	0.8531561317360717	0.0
0.40672492865930676	0.8521988183020149	0.0
0.40822575865435956	0.8512397416762459	0.0
0.40972658864941236	0.8502789186864281	0.0
0.41122741864446516	0.8493163661812764	0.0
0.41272824863951796	0.8483521010301809	0.0
0.41422907863457076	0.8473861401229433	0.0
0.4157299086296235	0.8464185003694592	0.0
0.4172307386246763	0.8454491986993752	0.0
0.4187315686197291	0.8444782520618082	0.0
0.4202323986147819	0.8435056774249932	0.0
0.4217332286098347	0.8425314917759448	0.0
0.4232340586048875	0.8415557121202635	0.0
0.4247348885999403	0.8405783554816622	0.0
0.4262357185949931	0.8395994389017473	0.0
0.42773654859004584	0.8386189794396937	0.0
0.42923737858509864	0.8376369941718814	0.0
0.43073820858015144	0.8366535001916473	0.0
0.43223903857520424	0.8356685146088996	0.0
0.43373986857025704	0.8346820545498747	0.0
0.43524069856530984	0.8336941371567133	0.0
0.43674152856036264	0.8327047795873004	0.0
0.43824235855541543	0.8317139990148185	0.0
0.43974318855046823	0.8307218126274558	0.0
0.441244018545521	0.829728237628149	0.0
0.4427448485405738	0.8287332912342033	0.0
0.4442456785356266	0.8277369906770093	0.0
0.4457465085306794	0.8267393532017082	0.0
0.4472473385257322	0.8257403960668867	0.0
0.448748168520785	0.8247401365442731	0.0
0.4502489985158378	0.8237385919183897	0.0
0.45174982851089057	0.8227357794862568	0.0
0.4532506585059433	0.8217317165570764	0.0
0.4547514885009961	0.8207264204519064	0.0
0.4562523184960489	0.8197199085033652	0.0
0.4577531484911017	0.8187121980552817	0.0
0.4592539784861545	0.8177033064624005	0.0
0.4607548084812073	0.8166932510900641	0.0
0.4622556384762601	0.8156820493138872	0.0
0.4637564684713129	0.814669718519452	0.0
0.46525729846636565	0.8136562761019734	0.0
0.46675812846141845	0.8126417394660246	0.0
0.46825895845647125	0.8116261260251609	0.0
0.46975978845152405	0.8106094532016452	0.0
0.47126061844657685	0.8095917384260988	0.0
0.47276144844162965	0.8085729991372289	0.0
0.47426227843668245	0.8075532527814712	0.0
0.47576310843173525	0.8065325168126859	0.0
0.477263938426788	0.8055108086918502	0.0
0.4787647684218408	0.8044881458867499	0.0
0.4802655984168936	0.8034645458716031	0.0
0.4817664284119464	0.8024400261268128	0.0
0.4832672584069992	0.8014146041386198	0.0
0.484768088402052	0.8003882973988095	0.0
0.4862689183971048	0.7993611234043339	0.0
0.4877697483921576	0.798333099657057	0.0
0.4892705783872104	0.7973042436634108	0.0
0.49077140838226313	0.796274572934072	0.0
0.49227223837731593	0.7952441049836912	0.0
0.49377306837236873	0.7942128573305042	0.0
0.49527389836742153	0.7931808474960524	0.0
0.4967747283624743	0.7921480930048946	0.0
0.4982755583575271	0.7911146113842167	0.0
0.4997763883525799	0.7900804201635793	0.0
0.5012772183476327	0.789045536874592	0.0
0.5027780483426855	0.7880099790505467	0.0
0.5042788783377383	0.7869737642261608	0.0
0.5057797083327911	0.7859369099372298	0.0
0.5072805383278439	0.784899433720323	0.0
0.5087813683228967	0.7838613531124513	0.0
0.5102821983179494	0.7828226856507596	0.0
0.5117830283130023	0.781783448872205	0.0
0.513283858308055	0.7807436603132515	0.0
0.5147846883031079	0.7797033375095466	0.0
0.5162855182981606	0.7786624979955848	0.0
0.5177863482932135	0.7776211593044571	0.0
0.5192871782882662	0.7765793389674192	0.0
0.520788008283319	0.7755370545136923	0.0
0.5222888382783718	0.7744943234700786	0.0
0.5237896682734245	0.773451163360677	0.0
0.5252904982684774	0.7724075917065318	0.0
0.5267913282635301	0.7713636260253609	0.0
0.528292158258583	0.7703192838312025	0.0
0.5297929882536357	0.7692745826341276	0.0
0.5312938182486886	0.7682295399399032	0.0
0.5327946482437413	0.7671841732496781	0.0
0.5342954782387941	0.7661385000596839	0.0
0.5357963082338469	0.7650925378609195	0.0
0.5372971382288997	0.7640463041388013	0.0
0.5387979682239525	0.7629998163728916	0.0
0.5402987982190053	0.7619530920365628	0.0
0.5417996282140581	0.7609061485966598	0.0
0.5433004582091109	0.7598590035132646	0.0
0.5448012882041637	0.7588116742392833	0.0
0.5463021181992165	0.7577641782201956	0.0
0.5478029481942692	0.7567165328937203	0.0
0.5493037781893221	0.7556687556895049	0.0
0.5508046081843748	0.7546208640287979	0.0
0.5523054381794277	0.7535728753241822	0.0
0.5538062681744804	0.7525248069791945	0.0
0.5553070981695333	0.75147667638808	0.0
0.556807928164586	0.750428500935418	0.0
0.5583087581596388	0.7493802979958664	0.0
0.5598095881546916	0.7483320849337866	0.0
0.5613104181497444	0.7472838791030124	0.0
0.5628112481447972	0.7462356978464669	0.0
0.56431207813985	0.745187558495887	0.0
0.5658129081349028	0.7441394783714887	0.0
0.5673137381299556	0.7430914747817259	0.0
0.5688145681250084	0.7420435650228707	0.0
0.5703153981200612	0.740995766378779	0.0
0.5718162281151139	0.7399480961205727	0.0
0.5733170581101668	0.7389005715063282	0.0
0.5748178881052195	0.7378532097807138	0.0
0.5763187181002724	0.736806028174794	0.0
0.5778195480953251	0.7357590439056271	0.0
0.579320378090378	0.7347122741759836	0.0
0.5808212080854307	0.7336657361740309	0.0
0.5823220380804836	0.7326194470730822	0.0
0.5838228680755363	0.7315734240312041	0.0
0.585323698070589	0.7305276841909785	0.0
0.5868245280656419	0.7294822446791691	0.0
0.5883253580606946	0.7284371226064109	0.0
0.5898261880557475	0.7273923350669378	0.0
0.5913270180508002	0.7263478991382277	0.0
0.5928278480458531	0.7253038318807621	0.0
0.5943286780409058	0.7242601503376535	0.0
0.5958295080359586	0.7232168715344042	0.0
0.5973303380310114	0.722174012478567	0.0
0.5988311680260642	0.721131590159479	0.0
0.600331998021117	0.7200896215479291	0.0
0.6018328280161698	0.7190481235958577	0.0
0.6033336580112226	0.7180071132360633	0.0
0.6048344880062754	0.7169666073819347	0.0
0.6063353180013282	0.7159266229271019	0.0
0.607836147996381	0.7148871767451782	0.0
0.6093369779914337	0.7138482856894365	0.0
0.6108378079864866	0.7128099665925217	0.0
0.6123386379815393	0.711772236266156	0.0
0.6138394679765922	0.7107351115008611	0.0
0.6153402979716449	0.709698609065639	0.0
0.6168411279666978	0.708662745707679	0.0
0.6183419579617505	0.707627538152078	0.0
0.6198427879568033	0.7065930031015419	0.0
0.6213436179518561	0.7055591572360921	0.0
0.6228444479469089	0.7045260172127743	0.0
0.6243452779419617	0.7034935996653856	0.0
0.6258461079370145	0.7024619212041361	0.0
0.6273469379320673	0.7014309984154359	0.0
0.62884776792712	0.7004008478615197	0.0
0.6303485979221729	0.6993714860802309	0.0
0.6318494279172256	0.6983429295847039	0.0
0.6333502579122784	0.6973151948630726	0.0
0.6348510879073312	0.6962882983782054	0.0
0.636351917902384	0.6952622565673907	0.0
0.6378527478974368	0.6942370858421202	0.0
0.6393535778924896	0.6932128025876941	0.0
0.6408544078875424	0.6921894231630541	0.0
0.6423552378825952	0.6911669639004276	0.0
0.643856067877648	0.6901454411050747	0.0
0.6453568978727008	0.6891248710550127	0.0
0.6468577278677535	0.6881052700007091	0.0
0.6483585578628064	0.6870866541648731	0.0
0.6498593878578591	0.6860690397420943	0.0
0.651360217852912	0.6850524428986133	0.0
0.6528610478479647	0.684036879772032	0.0
0.6543618778430176	0.6830223664710463	0.0
0.6558627078380703	0.6820089190752	0.0
0.6573635378331231	0.6809965536345437	0.0
0.6588643678281759	0.6799852861694273	0.0
0.6603651978232287	0.6789751326702053	0.0
0.6618660278182815	0.6779661090969569	0.0
0.6633668578133343	0.6769582313792516	0.0
0.6648676878083871	0.6759515154158429	0.0
0.6663685178034399	0.6749459770744272	0.0
0.6678693477984927	0.6739416321913574	0.0
0.6693701777935455	0.6729384965714071	0.0
0.6708710077885982	0.6719365859874894	0.0
0.6723718377836511	0.670935916180387	0.0
0.6738726677787038	0.6699365028585161	0.0
0.6753734977737567	0.6689383616976171	0.0
0.6768743277688094	0.6679415083405702	0.0
0.6783751577638623	0.6669459583970617	0.0
0.679875987758915	0.6659517274433823	0.0
0.6813768177539679	0.664958831022134	0.0
0.6828776477490206	0.6639672846419894	0.0
0.6843784777440733	0.6629771037774534	0.0
0.6858793077391262	0.661988303868582	0.0
0.6873801377341789	0.6610009003207424	0.0
0.6888809677292318	0.6600149085043767	0.0
0.6903817977242845	0.6590303437547197	0.0
0.6918826277193374	0.6580472213715529	0.0
0.6933834577143901	0.6570655566190267	0.0
0.6948842877094429	0.6560853647253048	0.0
0.6963851177044957	0.6551066608823938	0.0
0.6978859476995485	0.654129460245887	0.0
0.6993867776946013	0.6531537779347184	0.0
0.7008876076896541	0.6521796290308755	0.0
0.7023884376847069	0.6512070285792539	0.0
0.7038892676797597	0.6502359915873257	0.0
0.7053900976748125	0.649266533024936	0.0
0.7068909276698653	0.6482986678240916	0.0
0.708391757664918	0.6473324108786778	0.0
0.7098925876599709	0.6463677770442322	0.0
0.7113934176550236	0.6454047811377743	0.0
0.7128942476500765	0.6444434379374608	0.0
0.7143950776451292	0.6434837621824613	0.0
0.7158959076401821	0.6425257685726611	0.0
0.7173967376352348	0.6415694717684439	0.0
0.7188975676302876	0.6406148863905081	0.0
0.7203983976253404	0.6396620270195619	0.0
0.7218992276203932	0.6387109081961567	0.0
0.723400057615446	0.6377615444204406	0.0
0.7249008876104988	0.6368139501519579	0.0
0.7264017176055516	0.6358681398093767	0.0
0.7279025476006044	0.6349241277703301	0.0
0.7294033775956572	0.6339819283711473	0.0
0.73090420759071	0.633041555906672	0.0
0.7324050375857627	0.6321030246299956	0.0
0.7339058675808156	0.6311663487522918	0.0
0.7354066975758683	0.6302315424425897	0.0
0.7369075275709212	0.6292986198275303	0.0
0.7384083575659739	0.6283675949912102	0.0
0.7399091875610267	0.6274384819748763	0.0
0.7414100175560795	0.6265112947768297	0.0
0.7429108475511323	0.6255860473521331	0.0
0.7444116775461851	0.624662753612441	0.0
0.7459125075412378	0.6237414274257781	0.0
0.7474133375362907	0.6228220826163416	0.0
0.7489141675313434	0.6219047329642858	0.0
0.7504149975263963	0.6209893922055344	0.0
0.751915827521449	0.6200760740315692	0.0
0.7534166575165019	0.6191647920892378	0.0
0.7549174875115546	0.6182555599805404	0.0
0.7564183175066074	0.617348391262433	0.0
0.7579191475016602	0.6164432994466558	0.0
0.759419977496713	0.6155402979995025	0.0
0.7609208074917658	0.6146394003416231	0.0
0.7624216374868186	0.6137406198478815	0.0
0.7639224674818714	0.6128439698471045	0.0
0.7654232974769242	0.611949463621937	0.0
0.766924127471977	0.6110571144086109	0.0
0.7684249574670298	0.6101669353968033	0.0
0.7699257874620825	0.6092789397293737	0.0
0.7714266174571354	0.6083931405022736	0.0
0.7729274474521881	0.6075095507642811	0.0
0.774428277447241	0.606628183516854	0.0
0.7759291074422937	0.6057490517139551	0.0
0.7774299374373466	0.6048721682618398	0.0
0.7789307674323993	0.6039975460189067	0.0
0.7804315974274522	0.6031251977954885	0.0
0.7819324274225049	0.6022551363536954	0.0
0.7834332574175576	0.6013873744072316	0.0
0.7849340874126105	0.6005219246212272	0.0
0.7864349174076632	0.5996587996120242	0.0
0.7879357474027161	0.5987980119470684	0.0
0.7894365773977688	0.5979395741446852	0.0
0.7909374073928217	0.5970834986739105	0.0
0.7924382373878744	0.5962297979543665	0.0
0.7939390673829272	0.5953784843560352	0.0
0.79543989737798	0.5945295701991169	0.0
0.7969407273730328	0.5936830677538606	0.0
0.7984415573680856	0.5928389892404247	0.0
0.7999423873631384	0.5919973468286552	0.0
0.8014432173581912	0.5911581526379383	0.0
0.802944047353244	0.5903214187370992	0.0
0.8044448773482968	0.5894871571441583	0.0
0.8059457073433496	0.5886553798262275	0.0
0.8074465373384023	0.5878260986992905	0.0
0.8089473673334552	0.5869993256281292	0.0
0.8104481973285079	0.5861750724261011	0.0
0.8119490273235608	0.5853533508549947	0.0
0.8134498573186135	0.5845341726248874	0.0
0.8149506873136664	0.5837175493939722	0.0
0.8164515173087191	0.5829034927684399	0.0
0.817952347303772	0.5820920143022948	0.0
0.8194531772988247	0.5812831254971987	0.0
0.8209540072938775	0.5804768378023497	0.0
0.8224548372889303	0.5796731626143318	0.0
0.8239556672839831	0.5788721112769102	0.0
0.8254564972790359	0.5780736950809632	0.0
0.8269573272740887	0.5772779252643097	0.0
0.8284581572691415	0.5764848130115188	0.0
0.8299589872641943	0.5756943694538258	0.0
0.831459817259247	0.5749066056689537	0.0
0.8329606472542999	0.5741215326809948	0.0
0.8344614772493526	0.5733391614602337	0.0
0.8359623072444055	0.5725595029230583	0.0
0.8374631372394582	0.5717825679317707	0.0
0.838963967234511	0.571008367294483	0.0
0.8404647972295638	0.5702369117649627	0.0
0.8419656272246167	0.5694682120425035	0.0
0.8434664572196694	0.5687022787717735	0.0
0.8449672872147221	0.5679391225427024	0.0
0.846468117209775	0.5671787538903542	0.0
0.8479689472048277	0.5664211832947545	0.0
0.8494697771998806	0.5656664211807961	0.0
0.8509706071949333	0.5649144779180927	0.0
0.8524714371899862	0.5641653638208548	0.0
0.8539722671850389	0.5634190891477411	0.0
0.8554730971800917	0.5626756641017571	0.0
0.8569739271751445	0.5619350988301209	0.0
0.8584747571701973	0.561197403424115	0.0
0.8599755871652501	0.5604625879189866	0.0
0.8614764171603029	0.559730662293825	0.0
0.8629772471553557	0.559001636471389	0.0
0.8644780771504085	0.5582755203180588	0.0
0.8659789071454613	0.5575523236436478	0.0
0.8674797371405141	0.5568320562013169	0.0
0.8689805671355668	0.5561147276874353	0.0
0.8704813971306197	0.5554003477414732	0.0
0.8719822271256724	0.5546889259458793	0.0
0.8734830571207253	0.5539804718259549	0.0
0.874983887115778	0.5532749948497557	0.0
0.8764847171108309	0.5525725044279198	0.0
0.8779855471058836	0.5518730099136447	0.0
0.8794863771009365	0.5511765206024846	0.0
0.8809872070959892	0.5504830457322887	0.0
0.882488037091042	0.5497925944830561	0.0
0.8839888670860948	0.5491051759768355	0.0
0.8854896970811476	0.5484207992776111	0.0
0.8869905270762004	0.5477394733912015	0.0
0.8884913570712532	0.5470612072651377	0.0
0.889992187066306	0.5463860097885334	0.0
0.8914930170613588	0.5457138897920171	0.0
0.8929938470564115	0.5450448560475949	0.0
0.8944946770514643	0.5443789172685503	0.0
0.8959955070465171	0.5437160821093439	0.0
0.89749633704157	0.5430563591654661	0.0
0.8989971670366227	0.542399756973415	0.0
0.9004979970316755	0.541746284010485	0.0
0.9019988270267283	0.5410959486947515	0.0
0.9034996570217811	0.5404487593849201	0.0
0.9050004870168339	0.5398047243802374	0.0
0.9065013170118866	0.5391638519203699	0.0
0.9080021470069395	0.5385261501853394	0.0
0.9095029770019922	0.5378916272953844	0.0
0.9110038069970451	0.5372602913108846	0.0
0.9125046369920978	0.5366321502322385	0.0
0.9140054669871507	0.5360072119997936	0.0
0.9155062969822034	0.5353854844937067	0.0
0.9170071269772563	0.5347669755338926	0.0
0.918507956972309	0.5341516928798811	0.0
0.9200087869673618	0.5335396442307592	0.0
0.9215096169624146	0.5329308372250432	0.0
0.9230104469574674	0.5323252794406064	0.0
0.9245112769525202	0.5317229783945661	0.0
0.926012106947573	0.5311239415432163	0.0
0.9275129369426258	0.5305281762818899	0.0
0.9290137669376786	0.529935689944915	0.0
0.9305145969327313	0.5293464898054955	0.0
0.9320154269277842	0.5287605830755926	0.0
0.9335162569228369	0.5281779769059045	0.0
0.9350170869178898	0.5275986783857091	0.0
0.9365179169129425	0.5270226945427916	0.0
0.9380187469079954	0.5264500323433889	0.0
0.9395195769030481	0.5258806986920715	0.0
0.941020406898101	0.5253147004316249	0.0
0.9425212368931537	0.5247520443430257	0.0
0.9440220668882064	0.5241927371453154	0.0
0.9455228968832593	0.5236367854955151	0.0
0.947023726878312	0.5230841959885548	0.0
0.9485245568733649	0.5225349751571868	0.0
0.9500253868684176	0.5219891294718696	0.0
0.9515262168634705	0.5214466653407404	0.0
0.9530270468585232	0.520907589109467	0.0
0.954527876853576	0.520371907061206	0.0
0.9560287068486288	0.5198396254165474	0.0
0.9575295368436816	0.5193107503333482	0.0
0.9590303668387344	0.5187852879067117	0.0
0.9605311968337872	0.5182632441689249	0.0
0.96203202682884	0.5177446250893243	0.0
0.9635328568238928	0.5172294365742315	0.0
0.9650336868189456	0.5167176844669075	0.0
0.9665345168139984	0.5162093745474382	0.0
0.9680353468090511	0.5157045125326779	0.0
0.969536176804104	0.515203104076164	0.0
0.9710370067991567	0.5147051547680349	0.0
0.9725378367942096	0.5142106701349685	0.0
0.9740386667892623	0.5137196556400961	0.0
0.9755394967843152	0.5132321166829329	0.0
0.9770403267793679	0.5127480585992894	0.0
0.9785411567744208	0.5122674866612358	0.0
0.9800419867694735	0.5117904060769896	0.0
0.9815428167645263	0.5113168219908666	0.0
0.9830436467595791	0.5108467394831956	0.0
0.9845444767546319	0.5103801635702566	0.0
0.9860453067496847	0.5099170992042152	0.0
0.9875461367447375	0.5094575512730292	0.0
0.9890469667397903	0.5090015246004211	0.0
0.9905477967348431	0.5085490239457748	0.0
0.9920486267298958	0.508100054004076	0.0
0.9935494567249487	0.5076546194058525	0.0
0.9950502867200014	0.5072127247170972	0.0
0.9965511167150543	0.5067743744392348	0.0
0.998051946710107	0.5063395730089949	0.0
0.9995527767051599	0.5059083247984244	0.0
1.0010536067002127	0.5054806341147615	0.0
1.0025544366952654	0.5050565052004043	0.0
1.0040552666903182	0.5046359422328349	0.0
1.005556096685371	0.504218949324578	0.0
1.0070569266804237	0.5038055305231163	0.0
1.0085577566754766	0.5033956898108337	0.0
1.0100585866705294	0.502989431104984	0.0
1.0115594166655821	0.5025867582576006	0.0
1.0130602466606349	0.5021876750554569	0.0
1.0145610766556878	0.5017921852199863	0.0
1.0160619066507406	0.5014002924072605	0.0
1.0175627366457933	0.5010120002079042	0.0
1.019063566640846	0.5006273121470641	0.0
1.0205643966358988	0.500246231684352	0.0
1.0220652266309518	0.49986876221375304	0.0
1.0235660566260045	0.49949490706361677	0.0
1.0250668866210573	0.49912466949659695	0.0
1.02656771661611	0.4987580527096005	0.0
1.028068546611163	0.4983950598337239	0.0
1.0295693766062157	0.4980356939342142	0.0
1.0310702066012685	0.4976799580104273	0.0
1.0325710365963212	0.4973278549957638	0.0
1.034071866591374	0.49697938775763284	0.0
1.035572696586427	0.49663455909741366	0.0
1.0370735265814797	0.4962933717503884	0.0
1.0385743565765324	0.49595582838572666	0.0
1.0400751865715852	0.495621931606415	0.0
1.041576016566638	0.49529168394923356	0.0
1.0430768465616909	0.49496508788470905	0.0
1.0445776765567436	0.49464214581707083	0.0
1.0460785065517963	0.49432286008420756	0.0
1.047579336546849	0.49400723295764193	0.0
1.049080166541902	0.4936952666424837	0.0
1.0505809965369548	0.49338696327739545	0.0
1.0520818265320075	0.49308232493455006	0.0
1.0535826565270603	0.4927813536196032	0.0
1.055083486522113	0.4924840512716702	0.0
1.056584316517166	0.4921904197632575	0.0
1.0580851465122187	0.4919004609002698	0.0
1.0595859765072715	0.49161417642196453	0.0
1.0610868065023242	0.49133156800091227	0.0
1.0625876364973772	0.4910526372429732	0.0
1.06408846649243	0.49077738568727325	0.0
1.0655892964874827	0.49050581480618083	0.0
1.0670901264825354	0.49023792600526245	0.0
1.0685909564775882	0.48997372062328887	0.0
1.0700917864726411	0.48971319993216994	0.0
1.0715926164676939	0.48945636513697854	0.0
1.0730934464627466	0.4892032173758873	0.0
1.0745942764577994	0.4889537577201698	0.0
1.0760951064528523	0.4887079871741687	0.0
1.077595936447905	0.4884659066753049	0.0
1.0790967664429578	0.4882275170940332	0.0
1.0805975964380106	0.48799281923382604	0.0
1.0820984264330633	0.4877618138311641	0.0
1.0835992564281163	0.487534501555529	0.0
1.085100086423169	0.48731088300939085	0.0
1.0866009164182218	0.48709095872819236	0.0
1.0881017464132745	0.48687472918032515	0.0
1.0896025764083275	0.4866621947671471	0.0
1.0911034064033802	0.4864533558229446	0.0
1.092604236398433	0.48624821261494955	0.0
1.0941050663934857	0.48604676534332897	0.0
1.0956058963885384	0.4858490141411721	0.0
1.0971067263835914	0.48565495907450545	0.0
1.0986075563786442	0.4854646001422563	0.0
1.100108386373697	0.48527793727629104	0.0
1.1016092163687496	0.4850949703413866	0.0
1.1031100463638024	0.4849156991352409	0.0
1.1046108763588554	0.48474012338849776	0.0
1.106111706353908	0.48456824276472077	0.0
1.1076125363489608	0.48440005686041543	0.0
1.1091133663440136	0.484235565205021	0.0
1.1106141963390666	0.48407476726094617	0.0
1.1121150263341193	0.48391766242354844	0.0
1.113615856329172	0.48376425002117385	0.0
1.1151166863242248	0.48361452931513826	0.0
1.1166175163192775	0.4834684994997729	0.0
1.1181183463143305	0.4833261597024169	0.0
1.1196191763093832	0.4831875089834417	0.0
1.121120006304436	0.48305254633627037	0.0
1.1226208362994887	0.48292127068740004	0.0
1.1241216662945417	0.4827936808964106	0.0
1.1256224962895944	0.4826697757559936	0.0
1.1271233262846472	0.48254955399198834	0.0
1.1286241562797	0.482433014263383	0.0
1.1301249862747527	0.4823201551623564	0.0
1.1316258162698056	0.48221097521430245	0.0
1.1331266462648584	0.4821054728778735	0.0
1.1346274762599111	0.4820036465449697	0.0
1.1361283062549639	0.48190549454083037	0.0
1.1376291362500168	0.4818110151240158	0.0
1.1391299662450696	0.4817202064864659	0.0
1.1406307962401223	0.48163306675354256	0.0
1.142131626235175	0.4815495939840487	0.0
1.1436324562302278	0.4814697861702985	0.0
1.1451332862252808	0.4813936412381159	0.0
1.1466341162203335	0.4813211570469233	0.0
1.1481349462153863	0.48125233138973744	0.0
1.149635776210439	0.48118716199326134	0.0
1.151136606205492	0.48112564651790246	0.0
1.1526374362005447	0.4810677825578362	0.0
1.1541382661955975	0.48101356764106756	0.0
1.1556390961906502	0.48096299922942304	0.0
1.157139926185703	0.48091607471869424	0.0
1.158640756180756	0.48087279143861034	0.0
1.1601415861758086	0.48083314665296434	0.0
1.1616424161708614	0.4807971375596109	0.0
1.1631432461659141	0.4807647612905786	0.0
1.164644076160967	0.48073601491209245	0.0
1.1661449061560198	0.48071089542464923	0.0
1.1676457361510726	0.4806893997630904	0.0
1.1691465661461253	0.48067152479666	0.0
1.170647396141178	0.4806572673290832	0.0
1.172148226136231	0.48064662409861186	0.0
1.1736490561312838	0.4806395917781378	0.0
1.1751498861263365	0.4806361669752169	0.0
1.1766507161213893	0.4806363462321818	0.0
1.178151546116442	0.4806401260261891	0.0
1.179652376111495	0.48064750276932133	0.0
1.1811532061065477	0.4806584728086548	0.0
1.1826540361016005	0.48067303242634063	0.0
1.1841548660966532	0.48069117783968357	0.0
1.1856556960917062	0.48071290520123994	0.0
1.187156526086759	0.4807382105988994	0.0
1.1886573560818117	0.4807670900559455	0.0
1.1901581860768644	0.48079953953119137	0.0
1.1916590160719172	0.48083555491903074	0.0
1.1931598460669701	0.4808751320495672	0.0
1.1946606760620229	0.4809182666886521	0.0
1.1961615060570756	0.48096495453805804	0.0
1.1976623360521284	0.481015191235513	0.0
1.1991631660471813	0.48106897235481916	0.0
1.200663996042234	0.4811262934059628	0.0
1.2021648260372868	0.4811871498352052	0.0
1.2036656560323395	0.48125153702519746	0.0
1.2051664860273923	0.4813194502950752	0.0
1.2066673160224453	0.4813908849005675	0.0
1.208168146017498	0.4814658360341234	0.0
1.2096689760125507	0.4815442988249881	0.0
1.2111698060076035	0.48162626833935596	0.0
1.2126706360026565	0.48171173958045443	0.0
1.2141714659977092	0.48180070748867854	0.0
1.215672295992762	0.48189316694168594	0.0
1.2171731259878147	0.481989112754538	0.0
1.2186739559828674	0.48208853967981885	0.0
1.2201747859779204	0.48219144240773854	0.0
1.2216756159729731	0.482297815566282	0.0
1.2231764459680259	0.48240765372131234	0.0
1.2246772759630786	0.4825209513767202	0.0
1.2261781059581316	0.4826377029745208	0.0
1.2276789359531843	0.4827579028950262	0.0
1.229179765948237	0.4828815454569401	0.0
1.2306805959432898	0.48300862491751256	0.0
1.2321814259383426	0.4831391354726634	0.0
1.2336822559333955	0.4832730712571411	0.0
1.2351830859284483	0.48341042634462533	0.0
1.236683915923501	0.48355119474790004	0.0
1.2381847459185538	0.48369537041897315	0.0
1.2396855759136065	0.48384294724924487	0.0
1.2411864059086595	0.4839939190696165	0.0
1.2426872359037122	0.48414827965067697	0.0
1.244188065898765	0.484306022702818	0.0
1.2456888958938177	0.48446714187640133	0.0
1.2471897258888707	0.4846316307619	0.0
1.2486905558839234	0.4847994828900629	0.0
1.2501913858789762	0.48497069173205654	0.0
1.251692215874029	0.48514525069963493	0.0
1.2531930458690816	0.48532315314528207	0.0
1.2546938758641346	0.48550439236237153	0.0
1.2561947058591874	0.4856889615853484	0.0
1.25769553585424	0.48587685398987096	0.0
1.2591963658492928	0.4860680626929661	0.0
1.2606971958443458	0.4862625807532155	0.0
1.2621980258393986	0.4864604011709247	0.0
1.2636988558344513	0.4866615168882527	0.0
1.265199685829504	0.48686592078943636	0.0
1.2667005158245568	0.48707360570090863	0.0
1.2682013458196097	0.48728456439150936	0.0
1.2697021758146625	0.48749878957264314	0.0
1.2712030058097152	0.4877162738984489	0.0
1.272703835804768	0.48793700996598305	0.0
1.274204665799821	0.48816099031540205	0.0
1.2757054957948737	0.4883882074301285	0.0
1.2772063257899264	0.48861865373704466	0.0
1.2787071557849792	0.48885232160668607	0.0
1.280207985780032	0.4890892033533861	0.0
1.2817088157750849	0.4893292912354917	0.0
1.2832096457701376	0.4895725774555421	0.0
1.2847104757651904	0.4898190541604471	0.0
1.2862113057602431	0.49006871344170916	0.0
1.287712135755296	0.49032154733554445	0.0
1.2892129657503488	0.49057754782316604	0.0
1.2907137957454016	0.49083670683090014	0.0
1.2922146257404543	0.4910990162304053	0.0
1.293715455735507	0.4913644678388939	0.0
1.29521628573056	0.4916330534192725	0.0
1.2967171157256128	0.4919047646804138	0.0
1.2982179457206655	0.49217959327727173	0.0
1.2997187757157183	0.4924575308111608	0.0
1.3012196057107712	0.49273856882989714	0.0
1.302720435705824	0.49302269882804267	0.0
1.3042212657008767	0.49330991224706416	0.0
1.3057220956959295	0.4936002004755855	0.0
1.3072229256909822	0.4938935548495788	0.0
1.3087237556860352	0.49418996665255027	0.0
1.310224585681088	0.49448942711576455	0.0
1.3117254156761406	0.49479192741845857	0.0
1.3132262456711934	0.4950974586880555	0.0
1.3147270756662461	0.49540601200035517	0.0
1.316227905661299	0.49571757837976355	0.0
1.3177287356563518	0.49603214879949964	0.0
1.3192295656514046	0.49634971418182006	0.0
1.3207303956464573	0.496670265398223	0.0
1.3222312256415103	0.4969937932696789	0.0
1.323732055636563	0.4973202885668297	0.0
1.3252328856316158	0.4976497420102124	0.0
1.3267337156266685	0.49798214427050214	0.0
1.3282345456217213	0.49831748596869496	0.0
1.3297353756167742	0.49865575767635983	0.0
1.331236205611827	0.49899694991585153	0.0
1.3327370356068797	0.4993410531605317	0.0
1.3342378656019325	0.4996880578349904	0.0
1.3357386955969854	0.5000379543152791	0.0
1.3372395255920382	0.5003907329291437	0.0
1.338740355587091	0.5007463839562203	0.0
1.3402411855821437	0.501104897628317	0.0
1.3417420155771964	0.5014662641295796	0.0
1.3432428455722494	0.5018304735967671	0.0
1.3447436755673021	0.5021975161194582	0.0
1.3462445055623549	0.5025673817403042	0.0
1.3477453355574076	0.5029400604552378	0.0
1.3492461655524606	0.5033155422137249	0.0
1.3507469955475133	0.5036938169189716	0.0
1.352247825542566	0.5040748744282036	0.0
1.3537486555376188	0.5044587045528448	0.0
1.3552494855326715	0.5048452970588075	0.0
1.3567503155277245	0.505234641666695	0.0
1.3582511455227773	0.5056267280520315	0.0
1.35975197551783	0.5060215458455334	0.0
1.3612528055128827	0.5064190846333252	0.0
1.3627536355079357	0.5068193339571756	0.0
1.3642544655029885	0.5072222833147558	0.0
1.3657552954980412	0.5076279221598604	0.0
1.367256125493094	0.5080362399026573	0.0
1.3687569554881467	0.5084472259099276	0.0
1.3702577854831997	0.5088608695052976	0.0
1.3717586154782524	0.5092771599695116	0.0
1.3732594454733051	0.5096960865406341	0.0
1.3747602754683579	0.5101176384143198	0.0
1.3762611054634106	0.5105418047440677	0.0
1.3777619354584636	0.5109685746414176	0.0
1.3792627654535163	0.5113979371762525	0.0
1.380763595448569	0.5118298813769945	0.0
1.3822644254436218	0.5122643962309088	0.0
1.3837652554386748	0.512701470684288	0.0
1.3852660854337275	0.5131410936427261	0.0
1.3867669154287803	0.513583253971365	0.0
1.388267745423833	0.5140279404951642	0.0
1.3897685754188858	0.5144751419991009	0.0
1.3912694054139387	0.514924847228459	0.0
1.3927702354089915	0.5153770448890599	0.0
1.3942710654040442	0.5158317236475098	0.0
1.395771895399097	0.5162888721314736	0.0
1.39727272539415	0.5167484789298696	0.0
1.3987735553892027	0.5172105325931828	0.0
1.4002743853842554	0.517675021633673	0.0
1.4017752153793082	0.5181419345256513	0.0
1.403276045374361	0.5186112597057092	0.0
1.4047768753694139	0.5190829855729782	0.0
1.4062777053644666	0.5195571004893835	0.0
1.4077785353595194	0.5200335927798955	0.0
1.409279365354572	0.5205124507327709	0.0
1.410780195349625	0.5209936625998253	0.0
1.4122810253446778	0.5214772165966641	0.0
1.4137818553397306	0.5219631009029457	0.0
1.4152826853347833	0.5224513036626318	0.0
1.416783515329836	0.5229418129842512	0.0
1.418284345324889	0.5234346169411164	0.0
1.4197851753199418	0.5239297035716222	0.0
1.4212860053149945	0.52442706087946	0.0
1.4227868353100472	0.5249266768339185	0.0
1.4242876653051002	0.5254285393700637	0.0
1.425788495300153	0.5259326363890797	0.0
1.4272893252952057	0.5264389557584513	0.0
1.4287901552902584	0.5269474853122422	0.0
1.4302909852853112	0.5274582128513597	0.0
1.4317918152803641	0.5279711261437997	0.0
1.4332926452754169	0.5284862129248907	0.0
1.4347934752704696	0.5290034608975519	0.0
1.4362943052655224	0.5295228577325661	0.0
1.4377951352605751	0.530044391068817	0.0
1.439295965255628	0.530568048513523	0.0
1.4407967952506808	0.5310938176425224	0.0
1.4422976252457336	0.5316216860005303	0.0
1.4437984552407863	0.532151641101365	0.0
1.4452992852358393	0.5326836704282162	0.0
1.446800115230892	0.5332177614338831	0.0
1.4483009452259448	0.5337539015410636	0.0
1.4498017752209975	0.5342920781425683	0.0
1.4513026052160503	0.5348322786016126	0.0
1.4528034352111032	0.5353744902520252	0.0
1.454304265206156	0.5359187003985301	0.0
1.4558050952012087	0.5364648963170127	0.0
1.4573059251962615	0.5370130652547346	0.0
1.4588067551913144	0.5375631944306091	0.0
1.4603075851863672	0.5381152710354612	0.0
1.46180841518142	0.5386692822322529	0.0
1.4633092451764727	0.5392252151563821	0.0
1.4648100751715254	0.5397830569158828	0.0
1.4663109051665784	0.5403427945916925	0.0
1.467811735161631	0.5409044152379482	0.0
1.4693125651566838	0.5414679058821587	0.0
1.4708133951517366	0.54203325352555	0.0
1.4723142251467896	0.5426004451432405	0.0
1.4738150551418423	0.5431694676845189	0.0
1.475315885136895	0.5437403080730971	0.0
1.4768167151319478	0.5443129532073746	0.0
1.4783175451270005	0.544887389960669	0.0
1.4798183751220535	0.5454636051814811	0.0
1.4813192051171062	0.5460415856937115	0.0
1.482820035112159	0.5466213182969866	0.0
1.4843208651072117	0.5472027897668206	0.0
1.4858216951022647	0.5477859868549404	0.0
1.4873225250973174	0.5483708962894549	0.0
1.4888233550923702	0.5489575047751992	0.0
1.490324185087423	0.5495457989939199	0.0
1.4918250150824757	0.5501357656045295	0.0
1.4933258450775286	0.5507273912433908	0.0
1.4948266750725814	0.5513206625245359	0.0
1.4963275050676341	0.5519155660399085	0.0
1.4978283350626869	0.5525120883596292	0.0
1.4993291650577398	0.5531102160322717	0.0
1.5008299950527926	0.553709935585038	0.0
1.5023308250478453	0.5543112335240804	0.0
1.503831655042898	0.554914096334703	0.0
1.5053324850379508	0.5555185104816033	0.0
1.5068333150330038	0.5561244624092048	0.0
1.5083341450280565	0.5567319385417707	0.0
1.5098349750231093	0.5573409252837574	0.0
1.511335805018162	0.5579514090200202	0.0
1.5128366350132147	0.5585633761160483	0.0
1.5143374650082677	0.5591768129182488	0.0
1.5158382950033205	0.5597917057541589	0.0
1.5173391249983732	0.5604080409326844	0.0
1.518839954993426	0.5610258047444123	0.0
1.520340784988479	0.5616449834617511	0.0
1.5218416149835317	0.5622655633392757	0.0
1.5233424449785844	0.5628875306139017	0.0
1.5248432749736371	0.563510871505189	0.0
1.5263441049686899	0.5641355722155176	0.0
1.5278449349637429	0.5647616189304029	0.0
1.5293457649587956	0.5653889978186845	0.0
1.5308465949538483	0.5660176950328203	0.0
1.532347424948901	0.5666476967090519	0.0
1.533848254943954	0.5672789889677528	0.0
1.5353490849390068	0.567911557913576	0.0
1.5368499149340595	0.5685453896357754	0.0
1.5383507449291123	0.5691804702083844	0.0
1.539851574924165	0.5698167856904951	0.0
1.541352404919218	0.570454322126487	0.0
1.5428532349142707	0.5710930655462884	0.0
1.5443540649093235	0.5717330019655876	0.0
1.5458548949043762	0.5723741173861032	0.0
1.5473557248994292	0.5730163977958054	0.0
1.548856554894482	0.5736598291691546	0.0
1.5503573848895347	0.5743043974673907	0.0
1.5518582148845874	0.5749500886386997	0.0
1.5533590448796402	0.5755968886185129	0.0
1.5548598748746931	0.5762447833297256	0.0
1.5563607048697459	0.5768937586829286	0.0
1.5578615348647986	0.5775438005766815	0.0
1.5593623648598514	0.5781948948977027	0.0
1.5608631948549043	0.57884702752116	0.0
1.562364024849957	0.5795001843108805	0.0
1.5638648548450098	0.5801543511195953	0.0
1.5653656848400626	0.5808095137891836	0.0
1.5668665148351153	0.5814656581509362	0.0
1.5683673448301683	0.5821227700257349	0.0
1.569868174825221	0.5827808352243368	0.0
1.5713690048202738	0.5834398395476056	0.0
1.5728698348153265	0.5840997687867554	0.0
1.5743706648103792	0.5847606087235737	0.0
1.5758714948054322	0.5854223451306734	0.0
1.577372324800485	0.5860849637717257	0.0
1.5788731547955377	0.586748450401703	0.0
1.5803739847905904	0.5874127907671148	0.0
1.5818748147856434	0.5880779706062341	0.0
1.5833756447806961	0.5887439756493701	0.0
1.584876474775749	0.589410791619068	0.0
1.5863773047708016	0.5900784042303514	0.0
1.5878781347658544	0.5907467991909996	0.0
1.5893789647609073	0.5914159622017511	0.0
1.59087979475596	0.5920858789565185	0.0
1.5923806247510128	0.5927565351427002	0.0
1.5938814547460656	0.5934279164413353	0.0
1.5953822847411185	0.5941000085274114	0.0
1.5968831147361713	0.5947727970700496	0.0
1.598383944731224	0.5954462677327514	0.0
1.5998847747262768	0.5961204061736728	0.0
1.6013856047213295	0.596795198045838	0.0
1.6028864347163825	0.5974706289973458	0.0
1.6043872647114352	0.5981466846716782	0.0
1.605888094706488	0.5988233507078538	0.0
1.6073889247015407	0.5995006127407426	0.0
1.6088897546965937	0.6001784564012465	0.0
1.6103905846916464	0.6008568673165583	0.0
1.6118914146866992	0.6015358311104098	0.0
1.613392244681752	0.6022153334032965	0.0
1.6148930746768047	0.6028953598127195	0.0
1.6163939046718576	0.60357589595341	0.0
1.6178947346669104	0.6042569274375701	0.0
1.619395564661963	0.6049384398751373	0.0
1.6208963946570158	0.6056204188740002	0.0
1.6223972246520688	0.6063028500402269	0.0
1.6238980546471216	0.6069857189782993	0.0
1.6253988846421743	0.6076690112913922	0.0
1.626899714637227	0.6083527125815702	0.0
1.6284005446322798	0.6090368084500146	0.0
1.6299013746273328	0.6097212844973283	0.0
1.6314022046223855	0.6104061263236932	0.0
1.6329030346174382	0.6110913195291474	0.0
1.634403864612491	0.6117768497138409	0.0
1.635904694607544	0.612462702478237	0.0
1.6374055246025967	0.6131488634233558	0.0
1.6389063545976494	0.6138353181510252	0.0
1.6404071845927022	0.6145220522641295	0.0
1.641908014587755	0.61520905136681	0.0
1.643408844582808	0.6158963010647459	0.0
1.6449096745778606	0.6165837869653525	0.0
1.6464105045729134	0.6172714946780491	0.0
1.6479113345679661	0.6179594098144934	0.0
1.6494121645630189	0.6186475179888077	0.0
1.6509129945580718	0.6193358048178144	0.0
1.6524138245531246	0.6200242559212917	0.0
1.6539146545481773	0.6207128569222102	0.0
1.65541548454323	0.6214015934469581	0.0
1.656916314538283	0.6220904511256062	0.0
1.6584171445333358	0.6227794155920982	0.0
1.6599179745283885	0.6234684724845277	0.0
1.6614188045234413	0.6241576074453984	0.0
1.662919634518494	0.6248468061217944	0.0
1.664420464513547	0.6255360541657068	0.0
1.6659212945085997	0.6262253372341721	0.0
1.6674221245036525	0.6269146409896055	0.0
1.6689229544987052	0.6276039511000032	0.0
1.6704237844937582	0.6282932532391656	0.0
1.671924614488811	0.6289825330869548	0.0
1.6734254444838637	0.6296717763295328	0.0
1.6749262744789164	0.6303609686596103	0.0
1.6764271044739691	0.6310500957766843	0.0
1.677927934469022	0.6317391433872561	0.0
1.6794287644640749	0.6324280972050998	0.0
1.6809295944591276	0.6331169429514828	0.0
1.6824304244541803	0.6338056663554249	0.0
1.6839312544492333	0.6344942531539348	0.0
1.685432084444286	0.6351826890922345	0.0
1.6869329144393388	0.6358709599240248	0.0
1.6884337444343915	0.6365590514117198	0.0
1.6899345744294443	0.6372469493266761	0.0
1.6914354044244972	0.6379346394494425	0.0
1.69293623441955	0.6386221075699778	0.0
1.6944370644146027	0.6393093394879803	0.0
1.6959378944096555	0.6399963210130033	0.0
1.6974387244047084	0.640683037964815	0.0
1.6989395543997612	0.6413694761735382	0.0
1.700440384394814	0.642055621479966	0.0
1.7019412143898667	0.6427414597357645	0.0
1.7034420443849194	0.6434269768037506	0.0
1.7049428743799724	0.6441121585581022	0.0
1.7064437043750251	0.6447969908846104	0.0
1.7079445343700779	0.6454814596809345	0.0
1.7094453643651306	0.6461655508568359	0.0
1.7109461943601834	0.6468492503344251	0.0
1.7124470243552363	0.6475325440483712	0.0
1.713947854350289	0.6482154179462208	0.0
1.7154486843453418	0.6488978579885541	0.0
1.7169495143403946	0.6495798501493096	0.0
1.7184503443354475	0.6502613804159495	0.0
1.7199511743305003	0.6509424347897833	0.0
1.721452004325553	0.6516229992861382	0.0
1.7229528343206058	0.6523030599346603	0.0
1.7244536643156585	0.6529826027795125	0.0
1.7259544943107115	0.6536616138796683	0.0
1.7274553243057642	0.6543400793091038	0.0
1.728956154300817	0.6550179851570627	0.0
1.7304569842958697	0.6556953175283181	0.0
1.7319578142909227	0.6563720625434077	0.0
1.7334586442859754	0.6570482063388535	0.0
1.7349594742810281	0.6577237350674421	0.0
1.736460304276081	0.658398634898449	0.0
1.7379611342711336	0.6590728920178689	0.0
1.7394619642661866	0.6597464926287127	0.0
1.7409627942612393	0.6604194229511895	0.0
1.742463624256292	0.661091669222988	0.0
1.7439644542513448	0.6617632176995168	0.0
1.7454652842463978	0.6624340546541185	0.0
1.7469661142414505	0.6631041663783762	0.0
1.7484669442365033	0.6637735391823023	0.0
1.749967774231556	0.6644421593945966	0.0
1.7514686042266088	0.6651100133629115	0.0
1.7529694342216617	0.6657770874540647	0.0
1.7544702642167145	0.6664433680543038	0.0
1.7559710942117672	0.6671088415695594	0.0
1.75747192420682	0.6677734944256523	0.0
1.758972754201873	0.6684373130685916	0.0
1.7604735841969257	0.669100283964765	0.0
1.7619744141919784	0.6697623936012054	0.0
1.7634752441870312	0.6704236284858605	0.0
1.764976074182084	0.671083975147784	0.0
1.7664769041771369	0.6717434201374226	0.0
1.7679777341721896	0.6724019500268291	0.0
1.7694785641672424	0.6730595514099513	0.0
1.770979394162295	0.6737162109028175	0.0
1.7724802241573479	0.6743719151438277	0.0
1.7739810541524008	0.6750266507939496	0.0
1.7754818841474536	0.6756804045370068	0.0
1.7769827141425063	0.6763331630798982	0.0
1.778483544137559	0.6769849131528481	0.0
1.779984374132612	0.6776356415096327	0.0
1.7814852041276648	0.6782853349278519	0.0
1.7829860341227175	0.6789339802091499	0.0
1.7844868641177702	0.6795815641794548	0.0
1.785987694112823	0.6802280736892286	0.0
1.787488524107876	0.6808734956137188	0.0
1.7889893541029287	0.6815178168531494	0.0
1.7904901840979814	0.6821610243330547	0.0
1.7919910140930342	0.6828031050044301	0.0
1.7934918440880872	0.683444045843996	0.0
1.79499267408314	0.6840838338544746	0.0
1.7964935040781926	0.6847224560648009	0.0
1.7979943340732454	0.6853598995303425	0.0
1.7994951640682981	0.6859961513331801	0.0
1.800995994063351	0.6866311985823249	0.0
1.8024968240584038	0.6872650284139423	0.0
1.8039976540534566	0.687897627991623	0.0
1.8054984840485093	0.688528984506593	0.0
1.8069993140435623	0.6891590851779797	0.0
1.808500144038615	0.6897879172530089	0.0
1.8100009740336678	0.6904154680072678	0.0
1.8115018040287205	0.6910417247449422	0.0
1.8130026340237733	0.6916666747990453	0.0
1.8145034640188262	0.6922903055316392	0.0
1.816004294013879	0.6929126043341103	0.0
1.8175051240089317	0.6935335586273573	0.0
1.8190059540039845	0.69415315586206	0.0
1.8205067839990374	0.6947713835188831	0.0
1.8220076139940902	0.695388229108727	0.0
1.823508443989143	0.6960036801729642	0.0
1.8250092739841957	0.6966177242836646	0.0
1.8265101039792484	0.6972303490437985	0.0
1.8280109339743014	0.6978415420875346	0.0
1.829511763969354	0.6984512910804154	0.0
1.8310125939644069	0.6990595837195861	0.0
1.8325134239594596	0.6996664077340717	0.0
1.8340142539545126	0.7002717508849564	0.0
1.8355150839495653	0.700875600965619	0.0
1.837015913944618	0.7014779458019849	0.0
1.8385167439396708	0.7020787732527466	0.0
1.8400175739347235	0.7026780712095525	0.0
1.8415184039297765	0.7032758275972874	0.0
1.8430192339248292	0.7038720303742595	0.0
1.844520063919882	0.7044666675324395	0.0
1.8460208939149347	0.7050597270976797	0.0
1.8475217239099875	0.7056511971299517	0.0
1.8490225539050404	0.706241065723531	0.0
1.8505233839000932	0.7068293210072703	0.0
1.852024213895146	0.7074159511447449	0.0
1.8535250438901987	0.7080009443345782	0.0
1.8550258738852516	0.708584288810575	0.0
1.8565267038803044	0.709165972841965	0.0
1.8580275338753571	0.7097459847336327	0.0
1.8595283638704099	0.7103243128263211	0.0
1.8610291938654626	0.7109009454968521	0.0
1.8625300238605156	0.7114758711583377	0.0
1.8640308538555683	0.7120490782604145	0.0
1.865531683850621	0.7126205552894173	0.0
1.8670325138456738	0.713190290768637	0.0
1.8685333438407268	0.7137582732584963	0.0
1.8700341738357795	0.7143244913567971	0.0
1.8715350038308323	0.7148889336988975	0.0
1.873035833825885	0.7154515889579316	0.0
1.8745366638209378	0.7160124458450143	0.0
1.8760374938159907	0.7165714931094681	0.0
1.8775383238110435	0.7171287195390192	0.0
1.8790391538060962	0.717684113959993	0.0
1.880539983801149	0.7182376652375362	0.0
1.882040813796202	0.7187893622757934	0.0
1.8835416437912547	0.7193391940181544	0.0
1.8850424737863074	0.7198871494474074	0.0
1.8865433037813601	0.7204332175859738	0.0
1.888044133776413	0.7209773874961036	0.0
1.8895449637714659	0.7215196482800509	0.0
1.8910457937665186	0.722059989080316	0.0
1.8925466237615713	0.7225983990797988	0.0
1.894047453756624	0.7231348675020054	0.0
1.895548283751677	0.7236693836112725	0.0
1.8970491137467298	0.7242019367129233	0.0
1.8985499437417825	0.724732516153482	0.0
1.9000507737368353	0.7252611113208571	0.0
1.901551603731888	0.7257877116445578	0.0
1.903052433726941	0.7263123065958098	0.0
1.9045532637219937	0.7268348856878507	0.0
1.9060540937170465	0.7273554384760523	0.0
1.9075549237120992	0.7278739545580768	0.0
1.909055753707152	0.7283904235741607	0.0
1.910556583702205	0.7289048352072091	0.0
1.9120574136972577	0.7294171791830197	0.0
1.9135582436923104	0.7299274452704275	0.0
1.9150590736873632	0.7304356232815847	0.0
1.9165599036824161	0.7309417030720099	0.0
1.9180607336774689	0.7314456745408396	0.0
1.9195615636725216	0.7319475276310196	0.0
1.9210623936675744	0.7324472523294266	0.0
1.922563223662627	0.7329448386670843	0.0
1.92406405365768	0.7334402767193442	0.0
1.9255648836527328	0.733933556606	0.0
1.9270657136477856	0.7344246684915362	0.0
1.9285665436428383	0.7349136025852505	0.0
1.9300673736378913	0.7354003491414194	0.0
1.931568203632944	0.7358848984594898	0.0
1.9330690336279968	0.7363672408842499	0.0
1.9345698636230495	0.7368473668059685	0.0
1.9360706936181022	0.7373252666605843	0.0
1.9375715236131552	0.7378009309298447	0.0
1.939072353608208	0.7382743501414933	0.0
1.9405731836032607	0.7387455148694019	0.0
1.9420740135983134	0.7392144157337631	0.0
1.9435748435933664	0.7396810434012103	0.0
1.9450756735884192	0.740145388585026	0.0
1.946576503583472	0.7406074420452283	0.0
1.9480773335785246	0.7410671945888112	0.0
1.9495781635735774	0.7415246370698068	0.0
1.9510789935686303	0.7419797603895035	0.0
1.952579823563683	0.7424325554965636	0.0
1.9540806535587358	0.7428830133872074	0.0
1.9555814835537886	0.7433311251052916	0.0
1.9570823135488415	0.7437768817425491	0.0
1.9585831435438943	0.7442202744386536	0.0
1.960083973538947	0.7446612943814002	0.0
1.9615848035339998	0.7450999328068677	0.0
1.9630856335290525	0.7455361809995157	0.0
1.9645864635241055	0.7459700302923347	0.0
1.9660872935191582	0.7464014720670468	0.0
1.967588123514211	0.7468304977541373	0.0
1.9690889535092637	0.7472570988330719	0.0
1.9705897835043167	0.7476812668324044	0.0
1.9720906134993694	0.7481029933299075	0.0
1.9735914434944222	0.7485222699527253	0.0
1.975092273489475	0.7489390883774754	0.0
1.9765931034845277	0.74935344033039	0.0
1.9780939334795806	0.7497653175874477	0.0
1.9795947634746334	0.7501747119745239	0.0
1.9810955934696861	0.750581615367447	0.0
1.9825964234647389	0.7509860196922102	0.0
1.9840972534597916	0.7513879169250385	0.0
1.9855980834548446	0.7517872990925137	0.0
1.9870989134498973	0.7521841582717252	0.0
1.98859974344495	0.752578486590356	0.0
1.9901005734400028	0.7529702762268321	0.0
1.9916014034350558	0.753359519410394	0.0
1.9931022334301085	0.7537462084212664	0.0
1.9946030634251612	0.754130335590737	0.0
1.996103893420214	0.7545118933012922	0.0
1.9976047234152667	0.7548908739866695	0.0
1.9991055534103197	0.7552672701320566	0.0
2.0006063834053722	0.7556410742741357	0.0
2.0021072134004254	0.7560122790012331	0.0
2.003608043395478	0.7563808769533706	0.0
2.005108873390531	0.7567468608224266	0.0
2.0066097033855836	0.7571102233522091	0.0
2.0081105333806364	0.7574709573385664	0.0
2.009611363375689	0.7578290556294905	0.0
2.011112193370742	0.7581845111252059	0.0
2.0126130233657946	0.7585373167782832	0.0
2.0141138533608474	0.758887465593735	0.0
2.0156146833559005	0.7592349506290609	0.0
2.0171155133509533	0.7595797649944572	0.0
2.018616343346006	0.7599219018527775	0.0
2.020117173341059	0.7602613544197179	0.0
2.0216180033361115	0.7605981159638686	0.0
2.0231188333311643	0.7609321798067997	0.0
2.024619663326217	0.7612635393232022	0.0
2.0261204933212698	0.7615921879408813	0.0
2.0276213233163225	0.7619181191409251	0.0
2.0291221533113757	0.7622413264577446	0.0
2.0306229833064284	0.7625618034791776	0.0
2.032123813301481	0.7628795438465741	0.0
2.033624643296534	0.7631945412548469	0.0
2.0351254732915867	0.7635067894525672	0.0
2.0366263032866394	0.7638162822420804	0.0
2.038127133281692	0.764123013479507	0.0
2.039627963276745	0.7644269770748869	0.0
2.0411287932717976	0.7647281669922522	0.0
2.042629623266851	0.7650265772496078	0.0
2.0441304532619036	0.7653222019191297	0.0
2.0456312832569563	0.765615035127152	0.0
2.047132113252009	0.7659050710542755	0.0
2.048632943247062	0.766192303935424	0.0
2.0501337732421145	0.7664767280599039	0.0
2.0516346032371673	0.7667583377714849	0.0
2.05313543323222	0.7670371274684765	0.0
2.0546362632272728	0.7673130916037166	0.0
2.056137093222326	0.7675862246847582	0.0
2.0576379232173787	0.7678565212738273	0.0
2.0591387532124314	0.7681239759879429	0.0
2.060639583207484	0.7683885834989311	0.0
2.062140413202537	0.7686503385335168	0.0
2.0636412431975897	0.7689092358733778	0.0
2.0651420731926424	0.7691652703551785	0.0
2.066642903187695	0.769418436870665	0.0
2.068143733182748	0.7696687303666879	0.0
2.069644563177801	0.7699161458452404	0.0
2.071145393172854	0.7701606783635351	0.0
2.0726462231679066	0.770402323034075	0.0
2.0741470531629593	0.7706410750246627	0.0
2.075647883158012	0.770876929558452	0.0
2.077148713153065	0.7711098819140234	0.0
2.0786495431481176	0.771339927425421	0.0
2.0801503731431703	0.7715670614821545	0.0
2.081651203138223	0.7717912795293203	0.0
2.083152033133276	0.772012577067596	0.0
2.084652863128329	0.7722309496532785	0.0
2.0861536931233817	0.7724463928983417	0.0
2.0876545231184345	0.7726589024704675	0.0
2.089155353113487	0.7728684740931077	0.0
2.09065618310854	0.77307510354549	0.0
2.0921570131035927	0.7732787866626546	0.0
2.0936578430986454	0.7734795193355404	0.0
2.095158673093698	0.7736772975109313	0.0
2.096659503088751	0.7738721171915917	0.0
2.098160333083804	0.7740639744362257	0.0
2.099661163078857	0.7742528653595485	0.0
2.1011619930739096	0.7744387861322858	0.0
2.1026628230689623	0.7746217329812345	0.0
2.104163653064015	0.7748017021892695	0.0
2.105664483059068	0.7749786900953914	0.0
2.1071653130541206	0.7751526930947313	0.0
2.1086661430491733	0.7753237076385991	0.0
2.110166973044226	0.7754917302345014	0.0
2.1116678030392793	0.7756567574461477	0.0
2.113168633034332	0.7758187858934987	0.0
2.1146694630293847	0.775977812252785	0.0
2.1161702930244375	0.7761338332565244	0.0
2.1176711230194902	0.7762868456935295	0.0
2.119171953014543	0.7764368464089734	0.0
2.1206727830095957	0.7765838323043336	0.0
2.1221736130046485	0.7767278003374886	0.0
2.123674442999701	0.7768687475226916	0.0
2.1251752729947544	0.777006670930579	0.0
2.126676102989807	0.7771415676882294	0.0
2.12817693298486	0.7772734349791214	0.0
2.1296777629799126	0.7774022700432149	0.0
2.1311785929749654	0.7775280701768934	0.0
2.132679422970018	0.7776508327330188	0.0
2.134180252965071	0.777770555120951	0.0
2.1356810829601236	0.777887234806544	0.0
2.1371819129551763	0.7780008693121233	0.0
2.1386827429502295	0.7781114562165595	0.0
2.1401835729452823	0.7782189931552366	0.0
2.141684402940335	0.7783234778200501	0.0
2.1431852329353878	0.7784249079594421	0.0
2.1446860629304405	0.7785232813784047	0.0
2.1461868929254933	0.7786185959384456	0.0
2.147687722920546	0.7787108495576499	0.0
2.1491885529155987	0.7788000402106463	0.0
2.1506893829106515	0.7788861659286282	0.0
2.1521902129057047	0.7789692247993313	0.0
2.1536910429007574	0.7790492149670745	0.0
2.15519187289581	0.7791261346327162	0.0
2.156692702890863	0.7791999820536927	0.0
2.1581935328859156	0.7792707555439924	0.0
2.1596943628809684	0.77933845347415	0.0
2.161195192876021	0.7794030742712628	0.0
2.162696022871074	0.7794646164190062	0.0
2.1641968528661266	0.7795230784575757	0.0
2.16569768286118	0.779578458983706	0.0
2.1671985128562326	0.7796307566506994	0.0
2.1686993428512853	0.7796799701683749	0.0
2.170200172846338	0.7797260983030665	0.0
2.171701002841391	0.779769139877642	0.0
2.1732018328364435	0.7798090937714707	0.0
2.1747026628314963	0.7798459589204351	0.0
2.176203492826549	0.7798797343169185	0.0
2.1777043228216018	0.7799104190097562	0.0
2.179205152816655	0.7799380121042814	0.0
2.1807059828117077	0.7799625127622763	0.0
2.1822068128067604	0.779983920201982	0.0
2.183707642801813	0.7800022336980509	0.0
2.185208472796866	0.7800174525815807	0.0
2.1867093027919187	0.7800295762400659	0.0
2.1882101327869714	0.7800386041173902	0.0
2.189710962782024	0.780044535713814	0.0
2.191211792777077	0.7800473705859621	0.0
2.19271262277213	0.7800471083467886	0.0
2.194213452767183	0.7800437486655911	0.0
2.1957142827622356	0.7800372912679547	0.0
2.1972151127572883	0.7800277359357782	0.0
2.198715942752341	0.7800150825072011	0.0
2.200216772747394	0.7799993308766255	0.0
2.2017176027424465	0.7799804809946781	0.0
2.2032184327374993	0.7799585328681901	0.0
2.204719262732552	0.7799334865601512	0.0
2.2062200927276048	0.7799053421897636	0.0
2.207720922722658	0.7798740999323209	0.0
2.2092217527177107	0.7798397600192242	0.0
2.2107225827127635	0.7798023227379967	0.0
2.212223412707816	0.7797617884322028	0.0
2.213724242702869	0.7797181575014208	0.0
2.2152250726979217	0.7796714304012577	0.0
2.2167259026929744	0.7796216076432965	0.0
2.218226732688027	0.7795686897950804	0.0
2.21972756268308	0.7795126774800649	0.0
2.221228392678133	0.7794535713775906	0.0
2.222729222673186	0.7793913722228651	0.0
2.2242300526682386	0.7793260808069326	0.0
2.2257308826632913	0.7792576979766148	0.0
2.227231712658344	0.7791862246345431	0.0
2.228732542653397	0.7791116617390373	0.0
2.2302333726484496	0.7790340103041433	0.0
2.2317342026435023	0.7789532713995562	0.0
2.233235032638555	0.778869446150612	0.0
2.2347358626336082	0.7787825357382446	0.0
2.236236692628661	0.7786925413989433	0.0
2.2377375226237137	0.7785994644247093	0.0
2.2392383526187665	0.7785033061630319	0.0
2.240739182613819	0.7784040680168484	0.0
2.242240012608872	0.7783017514445058	0.0
2.2437408426039247	0.7781963579597094	0.0
2.2452416725989774	0.7780878891314851	0.0
2.24674250259403	0.7779763465841615	0.0
2.2482433325890834	0.7778617319972891	0.0
2.249744162584136	0.7777440471056274	0.0
2.251244992579189	0.7776232936990867	0.0
2.2527458225742416	0.7774994736227093	0.0
2.2542466525692944	0.7773725887765671	0.0
2.255747482564347	0.7772426411157936	0.0
2.2572483125594	0.7771096326504741	0.0
2.2587491425544526	0.7769735654456298	0.0
2.2602499725495053	0.7768344416211543	0.0
2.2617508025445585	0.7766922633517812	0.0
2.2632516325396113	0.7765470328670383	0.0
2.264752462534664	0.7763987524511795	0.0
2.2662532925297167	0.7762474244431344	0.0
2.2677541225247695	0.7760930512364754	0.0
2.2692549525198222	0.775935635279342	0.0
2.270755782514875	0.7757751790744236	0.0
2.2722566125099277	0.7756116851788567	0.0
2.2737574425049805	0.7754451562042209	0.0
2.2752582725000337	0.7752755948164367	0.0
2.2767591024950864	0.7751030037357695	0.0
2.278259932490139	0.7749273857366784	0.0
2.279760762485192	0.7747487436478873	0.0
2.2812615924802446	0.7745670803522058	0.0
2.2827624224752974	0.7743823987865378	0.0
2.28426325247035	0.7741947019417985	0.0
2.285764082465403	0.7740039928628727	0.0
2.2872649124604556	0.7738102746485337	0.0
2.288765742455509	0.7736135504513986	0.0
2.2902665724505615	0.7734138234778412	0.0
2.2917674024456143	0.7732110969879575	0.0
2.293268232440667	0.7730053742954698	0.0
2.2947690624357198	0.7727966587676798	0.0
2.2962698924307725	0.7725849538254254	0.0
2.2977707224258253	0.7723702629429529	0.0
2.299271552420878	0.7721525896479082	0.0
2.3007723824159307	0.7719319375212429	0.0
2.302273212410984	0.7717083101971467	0.0
2.3037740424060367	0.7714817113629702	0.0
2.3052748724010894	0.7712521447591705	0.0
2.306775702396142	0.7710196141792097	0.0
2.308276532391195	0.7707841234695383	0.0
2.3097773623862476	0.7705456765294474	0.0
2.3112781923813004	0.7703042773110502	0.0
2.312779022376353	0.7700599298191777	0.0
2.314279852371406	0.7698126381113138	0.0
2.315780682366459	0.7695624062975417	0.0
2.317281512361512	0.7693092385403976	0.0
2.3187823423565646	0.769053139054862	0.0
2.3202831723516173	0.7687941121082484	0.0
2.32178400234667	0.7685321620201029	0.0
2.323284832341723	0.7682672931621655	0.0
2.3247856623367755	0.7679995099582831	0.0
2.3262864923318283	0.7677288168842697	0.0
2.327787322326881	0.7674552184678867	0.0
2.329288152321934	0.7671787192887147	0.0
2.330788982316987	0.7668993239781193	0.0
2.3322898123120397	0.7666170372190827	0.0
2.3337906423070924	0.7663318637461848	0.0
2.335291472302145	0.7660438083454876	0.0
2.336792302297198	0.765752875854451	0.0
2.3382931322922507	0.7654590711618338	0.0
2.3397939622873034	0.7651623992075897	0.0
2.341294792282356	0.7648628649828102	0.0
2.342795622277409	0.7645604735295828	0.0
2.344296452272462	0.7642552299409855	0.0
2.345797282267515	0.7639471393608377	0.0
2.3472981122625676	0.7636362069837469	0.0
2.3487989422576203	0.7633224380549518	0.0
2.350299772252673	0.76300583787022	0.0
2.351800602247726	0.7626864117757306	0.0
2.3533014322427785	0.762364165168056	0.0
2.3548022622378313	0.7620391034939495	0.0
2.356303092232884	0.7617112322503079	0.0
2.357803922227937	0.7613805569840518	0.0
2.35930475222299	0.7610470832920193	0.0
2.3608055822180427	0.7607108168208613	0.0
2.3623064122130955	0.7603717632669436	0.0
2.363807242208148	0.7600299283762051	0.0
2.365308072203201	0.7596853179441091	0.0
2.3668089021982537	0.7593379378154583	0.0
2.3683097321933064	0.758987793884325	0.0
2.369810562188359	0.7586348920939383	0.0
2.3713113921834124	0.7582792384366038	0.0
2.372812222178465	0.7579208389534783	0.0
2.374313052173518	0.7575596997345662	0.0
2.3758138821685706	0.757195826918576	0.0
2.3773147121636233	0.7568292266927397	0.0
2.378815542158676	0.7564599052927962	0.0
2.380316372153729	0.7560878690027836	0.0
2.3818172021487816	0.7557131241549638	0.0
2.3833180321438343	0.7553356771296799	0.0
2.3848188621388875	0.7549555343552502	0.0
2.3863196921339402	0.7545727023078206	0.0
2.387820522128993	0.7541871875112544	0.0
2.3893213521240457	0.7537989965370178	0.0
2.3908221821190985	0.7534081360040302	0.0
2.392323012114151	0.7530146125785379	0.0
2.393823842109204	0.752618432974007	0.0
2.3953246721042567	0.752219603950944	0.0
2.3968255020993094	0.7518181323168329	0.0
2.3983263320943626	0.7514140249259229	0.0
2.3998271620894154	0.7510072886791549	0.0
2.401327992084468	0.7505979305239894	0.0
2.402828822079521	0.750185957454315	0.0
2.4043296520745736	0.7497713765102748	0.0
2.4058304820696264	0.7493541947780885	0.0
2.407331312064679	0.7489344193900324	0.0
2.408832142059732	0.74851205752417	0.0
2.4103329720547846	0.7480871164042682	0.0
2.4118338020498378	0.747659603299688	0.0
2.4133346320448905	0.7472295255251671	0.0
2.4148354620399433	0.7467968904407113	0.0
2.416336292034996	0.7463617054514504	0.0
2.4178371220300487	0.7459239780075061	0.0
2.4193379520251015	0.7454837156038002	0.0
2.4208387820201542	0.7450409257799322	0.0
2.422339612015207	0.7445956161200195	0.0
2.4238404420102597	0.744147794252578	0.0
2.425341272005313	0.743697467850313	0.0
2.4268421020003657	0.7432446446299917	0.0
2.4283429319954184	0.7427893323523113	0.0
2.429843761990471	0.7423315388217002	0.0
2.431344591985524	0.7418712718862007	0.0
2.4328454219805766	0.7414085394372762	0.0
2.4343462519756294	0.7409433494096574	0.0
2.435847081970682	0.7404757097812181	0.0
2.437347911965735	0.7400056285727692	0.0
2.438848741960788	0.7395331138479027	0.0
2.440349571955841	0.7390581737128553	0.0
2.4418504019508935	0.738580816316329	0.0
2.4433512319459463	0.7381010498492863	0.0
2.444852061940999	0.737618882544858	0.0
2.4463528919360518	0.7371343226781155	0.0
2.4478537219311045	0.7366473785659315	0.0
2.4493545519261573	0.7361580585667878	0.0
2.45085538192121	0.7356663710806156	0.0
2.452356211916263	0.7351723245486358	0.0
2.453857041911316	0.734675927453155	0.0
2.4553578719063687	0.7341771883174253	0.0
2.4568587019014214	0.7336761157054463	0.0
2.458359531896474	0.7331727182217845	0.0
2.459860361891527	0.7326670045114286	0.0
2.4613611918865796	0.7321589832595652	0.0
2.4628620218816324	0.731648663191431	0.0
2.464362851876685	0.7311360530721397	0.0
2.4658636818717383	0.730621161706445	0.0
2.467364511866791	0.730103997938622	0.0
2.468865341861844	0.729584570652269	0.0
2.4703661718568966	0.7290628887700936	0.0
2.4718670018519493	0.7285389612537676	0.0
2.473367831847002	0.7280127971036883	0.0
2.474868661842055	0.7274844053588527	0.0
2.4763694918371075	0.7269537950966126	0.0
2.4778703218321603	0.7264209754325361	0.0
2.479371151827213	0.7258859555201591	0.0
2.480871981822266	0.725348744550871	0.0
2.482372811817319	0.7248093517536531	0.0
2.4838736418123717	0.7242677863949	0.0
2.4853744718074244	0.7237240577782654	0.0
2.486875301802477	0.7231781752444248	0.0
2.48837613179753	0.7226301481708802	0.0
2.4898769617925827	0.7220799859718064	0.0
2.4913777917876354	0.7215276980978004	0.0
2.492878621782688	0.7209732940357128	0.0
2.4943794517777413	0.7204167833084589	0.0
2.495880281772794	0.7198581754747911	0.0
2.497381111767847	0.7192974801291028	0.0
2.4988819417628996	0.7187347069012291	0.0
2.5003827717579523	0.7181698654562807	0.0
2.501883601753005	0.7176029654943568	0.0
2.503384431748058	0.7170340167504254	0.0
2.5048852617431105	0.716463028994104	0.0
2.5063860917381633	0.7158900120293876	0.0
2.5078869217332165	0.7153149756945109	0.0
2.5093877517282692	0.7147379298617255	0.0
2.510888581723322	0.7141588844370862	0.0
2.5123894117183747	0.7135778493602365	0.0
2.5138902417134275	0.7129948346041989	0.0
2.51539107170848	0.712409850175169	0.0
2.516891901703533	0.7118229061123182	0.0
2.5183927316985857	0.7112340124875641	0.0
2.5198935616936384	0.7106431794053459	0.0
2.5213943916886916	0.7100504170024501	0.0
2.5228952216837444	0.7094557354477635	0.0
2.524396051678797	0.7088591449420795	0.0
2.52589688167385	0.7082606557178609	0.0
2.5273977116689026	0.707660278039031	0.0
2.5288985416639553	0.7070580222007814	0.0
2.530399371659008	0.706453898529337	0.0
2.531900201654061	0.7058479173817132	0.0
2.5334010316491136	0.7052400891455445	0.0
2.5349018616441668	0.7046304242388373	0.0
2.5364026916392195	0.7040189331097261	0.0
2.5379035216342722	0.7034056262363263	0.0
2.539404351629325	0.702790514126453	0.0
2.5409051816243777	0.7021736073174176	0.0
2.5424060116194305	0.7015549163758015	0.0
2.543906841614483	0.7009344518972423	0.0
2.545407671609536	0.700312224506203	0.0
2.5469085016045887	0.6996882448557468	0.0
2.548409331599642	0.6990625236273129	0.0
2.5499101615946946	0.6984350715305504	0.0
2.5514109915897474	0.6978058993029654	0.0
2.5529118215848	0.6971750177098224	0.0
2.554412651579853	0.696542437543851	0.0
2.5559134815749056	0.6959081696250364	0.0
2.5574143115699584	0.6952722248003872	0.0
2.558915141565011	0.6946346139437138	0.0
2.560415971560064	0.693995347955425	0.0
2.561916801555117	0.6933544377622586	0.0
2.5634176315501698	0.692711894317072	0.0
2.5649184615452225	0.6920677285985982	0.0
2.5664192915402753	0.6914219516112651	0.0
2.567920121535328	0.690774574384909	0.0
2.5694209515303807	0.690125607974569	0.0
2.5709217815254335	0.6894750634602667	0.0
2.5724226115204862	0.6888229519467498	0.0
2.573923441515539	0.6881692845632991	0.0
2.575424271510592	0.6875140724634706	0.0
2.576925101505645	0.686857326824854	0.0
2.5784259315006977	0.6861990588488758	0.0
2.5799267614957504	0.6855392797605555	0.0
2.581427591490803	0.6848780008082371	0.0
2.582928421485856	0.6842152332634198	0.0
2.5844292514809086	0.6835509884204791	0.0
2.5859300814759614	0.6828852775964591	0.0
2.587430911471014	0.6822181121308207	0.0
2.5889317414660673	0.6815495033852214	0.0
2.59043257146112	0.6808794627432735	0.0
2.591933401456173	0.680208001610319	0.0
2.5934342314512255	0.6795351314131934	0.0
2.5949350614462783	0.6788608635999935	0.0
2.596435891441331	0.6781852096398506	0.0
2.5979367214363838	0.6775081810226629	0.0
2.5994375514314365	0.67682978925891	0.0
2.6009383814264893	0.6761500458794034	0.0
2.6024392114215424	0.6754689624350344	0.0
2.603940041416595	0.6747865504965244	0.0
2.605440871411648	0.674102821654253	0.0
2.6069417014067007	0.673417787517978	0.0
2.6084425314017534	0.6727314597166076	0.0
2.609943361396806	0.6720438498979642	0.0
2.611444191391859	0.6713549697285572	0.0
2.6129450213869116	0.6706648308933444	0.0
2.6144458513819644	0.6699734450955223	0.0
2.615946681377017	0.6692808240562271	0.0
2.6174475113720703	0.6685869795143828	0.0
2.618948341367123	0.6678919232264066	0.0
2.620449171362176	0.6671956669659801	0.0
2.6219500013572286	0.6664982225238699	0.0
2.6234508313522813	0.6657996017076115	0.0
2.624951661347334	0.665099816341332	0.0
2.626452491342387	0.6643988782654877	0.0
2.6279533213374395	0.6636967993366729	0.0
2.6294541513324923	0.6629935914273288	0.0
2.6309549813275455	0.6622892664255393	0.0
2.632455811322598	0.6615838362348047	0.0
2.633956641317651	0.6608773127737815	0.0
2.6354574713127037	0.6601697079760682	0.0
2.6369583013077564	0.6594610337899883	0.0
2.638459131302809	0.6587513021783057	0.0
2.639959961297862	0.6580405251180484	0.0
2.6414607912929147	0.6573287146002351	0.0
2.6429616212879674	0.65661588262966	0.0
2.6444624512830206	0.6559020412246662	0.0
2.6459632812780733	0.6551872024168853	0.0
2.647464111273126	0.6544713782510491	0.0
2.648964941268179	0.653754580784706	0.0
2.6504657712632316	0.6530368220880504	0.0
2.6519666012582843	0.6523181142436068	0.0
2.653467431253337	0.6515984693460973	0.0
2.65496826124839	0.6508778995021354	0.0
2.6564690912434425	0.650156416830018	0.0
2.6579699212384957	0.649434033459507	0.0
2.6594707512335485	0.6487107615315748	0.0
2.6609715812286012	0.6479866131982268	0.0
2.662472411223654	0.6472616006221841	0.0
2.6639732412187067	0.6465357359767221	0.0
2.6654740712137595	0.6458090314454268	0.0
2.666974901208812	0.6450814992219378	0.0
2.668475731203865	0.6443531515097687	0.0
2.6699765611989177	0.6436240005220294	0.0
2.671477391193971	0.6428940584812476	0.0
2.6729782211890236	0.6421633376190624	0.0
2.6744790511840764	0.6414318501760962	0.0
2.675979881179129	0.6406996084016588	0.0
2.677480711174182	0.6399666245535325	0.0
2.6789815411692346	0.6392329108977379	0.0
2.6804823711642873	0.6384984797083639	0.0
2.68198320115934	0.6377633432672482	0.0
2.683484031154393	0.6370275138638496	0.0
2.684984861149446	0.6362910037949248	0.0
2.6864856911444988	0.6355538253643838	0.0
2.6879865211395515	0.6348159908830127	0.0
2.6894873511346042	0.6340775126682978	0.0
2.690988181129657	0.6333384030441629	0.0
2.6924890111247097	0.6325986743407244	0.0
2.6939898411197625	0.6318583388941396	0.0
2.695490671114815	0.6311174090463123	0.0
2.696991501109868	0.6303758971447296	0.0
2.698492331104921	0.6296338155421789	0.0
2.699993161099974	0.6288911765965691	0.0
2.7014939910950266	0.6281479926707094	0.0
2.7029948210900794	0.6274042761320513	0.0
2.704495651085132	0.6266600393525008	0.0
2.705996481080185	0.625915294708192	0.0
2.7074973110752376	0.6251700545792652	0.0
2.7089981410702904	0.6244243313496309	0.0
2.710498971065343	0.6236781374067588	0.0
2.7119998010603963	0.6229314851414761	0.0
2.713500631055449	0.6221843869477368	0.0
2.7150014610505018	0.6214368552223802	0.0
2.7165022910455545	0.6206889023649479	0.0
2.7180031210406073	0.6199405407774686	0.0
2.71950395103566	0.6191917828641934	0.0
2.7210047810307127	0.618442641031417	0.0
2.7225056110257655	0.6176931276872827	0.0
2.7240064410208182	0.6169432552414928	0.0
2.7255072710158714	0.6161930361051556	0.0
2.727008101010924	0.6154424826905549	0.0
2.728508931005977	0.6146916074109287	0.0
2.7300097610010297	0.6139404226802467	0.0
2.7315105909960824	0.6131889409130173	0.0
2.733011420991135	0.6124371745240559	0.0
2.734512250986188	0.6116851359282788	0.0
2.7360130809812406	0.6109328375404617	0.0
2.7375139109762934	0.6101802917750903	0.0
2.7390147409713466	0.6094275110461045	0.0
2.7405155709663993	0.6086745077666645	0.0
2.742016400961452	0.6079212943489837	0.0
2.743517230956505	0.6071678832041175	0.0
2.7450180609515575	0.6064142867416926	0.0
2.7465188909466103	0.6056605173697752	0.0
2.748019720941663	0.6049065874946002	0.0
2.7495205509367158	0.6041525095204062	0.0
2.7510213809317685	0.6033982958491573	0.0
2.7525222109268213	0.6026439588804322	0.0
2.7540230409218744	0.6018895110111543	0.0
2.755523870916927	0.6011349646353479	0.0
2.75702470091198	0.6003803321440189	0.0
2.7585255309070327	0.5996256259248852	0.0
2.7600263609020854	0.5988708583621782	0.0
2.761527190897138	0.5981160418364586	0.0
2.763028020892191	0.5973611887243803	0.0
2.7645288508872436	0.5966063113985118	0.0
2.7660296808822964	0.5958514222270864	0.0
2.7675305108773496	0.5950965335738434	0.0
2.7690313408724023	0.5943416577978	0.0
2.770532170867455	0.5935868072530599	0.0
2.772033000862508	0.5928319942885909	0.0
2.7735338308575606	0.5920772312480156	0.0
2.7750346608526133	0.5913225304694155	0.0
2.776535490847666	0.590567904285162	0.0
2.778036320842719	0.589813365021639	0.0
2.7795371508377715	0.5890589249991237	0.0
2.7810379808328247	0.5883045965314982	0.0
2.7825388108278775	0.587550391926109	0.0
2.78403964082293	0.5867963234835507	0.0
2.785540470817983	0.5860424034974373	0.0
2.7870413008130357	0.5852886442542354	0.0
2.7885421308080884	0.5845350580330552	0.0
2.790042960803141	0.5837816571054139	0.0
2.791543790798194	0.583028453735087	0.0
2.7930446207932467	0.5822754601778598	0.0
2.7945454507883	0.5815226886813535	0.0
2.7960462807833526	0.580770151484833	0.0
2.7975471107784053	0.5800178608189799	0.0
2.799047940773458	0.5792658289057038	0.0
2.800548770768511	0.5785140679579612	0.0
2.8020496007635636	0.5777625901795168	0.0
2.8035504307586163	0.5770114077647841	0.0
2.805051260753669	0.576260532898599	0.0
2.806552090748722	0.5755099777560498	0.0
2.808052920743775	0.574759754502228	0.0
2.8095537507388277	0.5740098752920985	0.0
2.8110545807338805	0.5732603522702359	0.0
2.8125554107289332	0.5725111975706522	0.0
2.814056240723986	0.5717624233166315	0.0
2.8155570707190387	0.5710140416204831	0.0
2.8170579007140915	0.5702660645833704	0.0
2.818558730709144	0.5695185042950996	0.0
2.820059560704197	0.5687713728339614	0.0
2.82156039069925	0.5680246822664556	0.0
2.823061220694303	0.5672784446471865	0.0
2.8245620506893556	0.5665326720185855	0.0
2.8260628806844084	0.5657873764107858	0.0
2.827563710679461	0.5650425698413619	0.0
2.829064540674514	0.5642982643152054	0.0
2.8305653706695666	0.5635544718242583	0.0
2.8320662006646193	0.562811204347342	0.0
2.833567030659672	0.5620684738500044	0.0
2.8350678606547253	0.5613262922842507	0.0
2.836568690649778	0.5605846715883986	0.0
2.8380695206448308	0.559843623686875	0.0
2.8395703506398835	0.5591031604900082	0.0
2.8410711806349362	0.5583632938938542	0.0
2.842572010629989	0.5576240357799909	0.0
2.8440728406250417	0.556885398015306	0.0
2.8455736706200945	0.5561473924518341	0.0
2.847074500615147	0.5554100309265357	0.0
2.8485753306102004	0.5546733252611448	0.0
2.850076160605253	0.5539372872619039	0.0
2.851576990600306	0.5532019287194426	0.0
2.8530778205953586	0.5524672614085376	0.0
2.8545786505904114	0.5517332970879457	0.0
2.856079480585464	0.5510000475001923	0.0
2.857580310580517	0.5502675243713989	0.0
2.8590811405755696	0.5495357394110608	0.0
2.8605819705706224	0.5488047043118711	0.0
2.8620828005656755	0.5480744307495358	0.0
2.8635836305607283	0.5473449303825614	0.0
2.865084460555781	0.5466162148520882	0.0
2.8665852905508338	0.5458882957816702	0.0
2.8680861205458865	0.5451611847770945	0.0
2.8695869505409393	0.5444348934261847	0.0
2.871087780535992	0.5437094332986083	0.0
2.8725886105310448	0.5429848159457091	0.0
2.8740894405260975	0.5422610529002538	0.0
2.8755902705211502	0.5415381556763291	0.0
2.8770911005162034	0.5408161357690612	0.0
2.878591930511256	0.5400950046544885	0.0
2.880092760506309	0.5393747737893244	0.0
2.8815935905013617	0.538655454610786	0.0
2.8830944204964144	0.5379370585364108	0.0
2.884595250491467	0.5372195969638497	0.0
2.88609608048652	0.5365030812706866	0.0
2.8875969104815726	0.5357875228142197	0.0
2.8890977404766254	0.5350729329313172	0.0
2.8905985704716786	0.5343593229381857	0.0
2.8920994004667313	0.5336467041301861	0.0
2.893600230461784	0.5329350877816537	0.0
2.895101060456837	0.5322244851457172	0.0
2.8966018904518895	0.5315149074540527	0.0
2.8981027204469423	0.5308063659167813	0.0
2.899603550441995	0.5300988717221912	0.0
2.9011043804370478	0.5293924360366035	0.0
2.9026052104321005	0.5286870700041445	0.0
2.9041060404271537	0.5279827847465851	0.0
2.9056068704222064	0.5272795913631195	0.0
2.907107700417259	0.526577500930224	0.0
2.908608530412312	0.5258765245013921	0.0
2.9101093604073647	0.5251766731070149	0.0
2.9116101904024174	0.5244779577541664	0.0
2.91311102039747	0.5237803894263774	0.0
2.914611850392523	0.5230839790834948	0.0
2.9161126803875757	0.5223887376614669	0.0
2.917613510382629	0.5216946760721609	0.0
2.9191143403776816	0.5210018052031643	0.0
2.9206151703727343	0.5203101359176133	0.0
2.922116000367787	0.5196196790539737	0.0
2.92361683036284	0.5189304454258807	0.0
2.9251176603578926	0.5182424458219181	0.0
2.9266184903529453	0.5175556910054752	0.0
2.928119320347998	0.5168701917144932	0.0
2.929620150343051	0.5161859586613335	0.0
2.931120980338104	0.5155030025325644	0.0
2.9326218103331567	0.5148213339887623	0.0
2.9341226403282095	0.5141409636643288	0.0
2.935623470323262	0.5134619021673356	0.0
2.937124300318315	0.5127841600792629	0.0
2.9386251303133677	0.5121077479549029	0.0
2.9401259603084204	0.5114326763220683	0.0
2.941626790303473	0.5107589556815048	0.0
2.943127620298526	0.5100865965066128	0.0
2.944628450293579	0.509415609243334	0.0
2.946129280288632	0.508746004309925	0.0
2.9476301102836846	0.508077792096751	0.0
2.9491309402787373	0.5074109829661552	0.0
2.95063177027379	0.506745587252211	0.0
2.952132600268843	0.5060816152605729	0.0
2.9536334302638956	0.5054190772682766	0.0
2.9551342602589483	0.5047579835235554	0.0
2.956635090254001	0.5040983442456369	0.0
2.9581359202490543	0.5034401696245844	0.0
2.959636750244107	0.5027834698211098	0.0
2.9611375802391597	0.5021282549663272	0.0
2.9626384102342125	0.5014745351616572	0.0
2.9641392402292652	0.5008223204785729	0.0
2.965640070224318	0.5001716209584444	0.0
2.9671409002193707	0.49952244661235284	0.0
2.9686417302144235	0.4988748074208768	0.0
2.970142560209476	0.49822871333394947	0.0
2.9716433902045294	0.49758417427065166	0.0
2.973144220199582	0.49694120011903203	0.0
2.974645050194635	0.4962998007359101	0.0
2.9761458801896876	0.4956599859466926	0.0
2.9776467101847404	0.4950217655452215	0.0
2.979147540179793	0.49438514929355504	0.0
2.980648370174846	0.49375014692179486	0.0
2.9821492001698986	0.4931167681279143	0.0
2.9836500301649513	0.49248502257757876	0.0
2.9851508601600045	0.49185491990392455	0.0
2.9866516901550573	0.4912264697074137	0.0
2.98815252015011	0.4905996815556588	0.0
2.9896533501451628	0.48997456498320996	0.0
2.9911541801402155	0.48935112949139115	0.0
2.9926550101352682	0.48872938454811626	0.0
2.994155840130321	0.4881093395877251	0.0
2.9956566701253737	0.48749100401078016	0.0
2.9971575001204265	0.48687438718390547	0.0
2.9986583301154797	0.4862594984395801	0.0
3.0001591601105324	0.4856463470759843	0.0
