0.0	2.2524872851855036e-06	0.0
0.0015008299950527925	9.009908441433265e-06	0.0
0.003001659990105585	2.0272141169335612e-05	0.0
0.004502489985158378	3.603898109603834e-05	0.0
0.00600331998021117	5.6310141221573296e-05	0.0
0.007504149975263962	8.108525118724415e-05	0.0
0.009004979970316756	0.00011036385634475932	0.0
0.010505809965369548	0.00014414541646853385	0.0
0.01200663996042234	0.00018242930437505436	0.0
0.013507469955475132	0.00022521480419600745	0.0
0.015008299950527925	0.000272501109175191	0.0
0.01650912994558072	0.0003242873194723179	0.0
0.01800995994063351	0.00038057243630638005	0.0
0.019510789935686303	0.00044135535646352834	0.0
0.021011619930739096	0.0005066348761879233	0.0
0.022512449925791888	0.0005764096991227681	0.0
0.02401327992084468	0.0006506784394315668	0.0
0.025514109915897473	0.0007294396219943444	0.0
0.027014939910950265	0.0008126916824556292	0.0
0.028515769906003057	0.0009004329672807119	0.0
0.03001659990105585	0.0009926617338031375	0.0
0.031517429896108645	0.0010893761503037766	0.0
0.03301825989116144	0.0011905742961048455	0.0
0.03451908988621423	0.0012962541616380401	0.0
0.03601991988126702	0.0014064136485120757	0.0
0.037520749876319814	0.0015210505695857901	0.0
0.03902157987137261	0.0016401626490570112	0.0
0.0405224098664254	0.0017637475225617408	0.0
0.04202323986147819	0.0018918027372598312	0.0
0.043524069856530984	0.002024325751922435	0.0
0.045024899851583776	0.0021613139370223675	0.0
0.04652572984663657	0.0023027645748318775	0.0
0.04802655984168936	0.0024486748595167747	0.0
0.04952738983674215	0.002599041897235023	0.0
0.051028219831794945	0.002753862706247027	0.0
0.05252904982684774	0.002913134217027504	0.0
0.05402987982190053	0.0030768532723792212	0.0
0.05553070981695332	0.003245016627548895	0.0
0.057031539812006114	0.00341762095034646	0.0
0.05853236980705891	0.003594662821264607	0.0
0.0600331998021117	0.0037761387336011643	0.0
0.06153402979716449	0.003962045093585032	0.0
0.06303485979221729	0.004152378220505804	0.0
0.06453568978727008	0.004347134346844552	0.0
0.06603651978232288	0.004546309618406429	0.0
0.06753734977737566	0.0047499000944570356	0.0
0.06903817977242846	0.004957901747860311	0.0
0.07053900976748124	0.005170310465221304	0.0
0.07203983976253404	0.005387122047031158	0.0
0.07354066975758683	0.005608332207815326	0.0
0.07504149975263963	0.005833936576284693	0.0
0.07654232974769241	0.00606393069548871	0.0
0.07804315974274521	0.006298310022970814	0.0
0.079543989737798	0.006537069930927311	0.0
0.0810448197328508	0.006780205706368246	0.0
0.08254564972790358	0.007027712551281573	0.0
0.08404647972295638	0.007279585582800282	0.0
0.08554730971800917	0.007535819833371693	0.0
0.08704813971306197	0.007796410250929766	0.0
0.08854896970811475	0.008061351699069488	0.0
0.09004979970316755	0.008330638957224239	0.0
0.09155062969822034	0.00860426672084535	0.0
0.09305145969327314	0.00888222960158479	0.0
0.09455228968832592	0.009164522127480144	0.0
0.09605311968337872	0.009451138743141189	0.0
0.09755394967843152	0.009742073809940584	0.0
0.0990547796734843	0.010037321606205012	0.0
0.1005556096685371	0.010336876327410692	0.0
0.10205643966358989	0.010640732086380108	0.0
0.10355726965864269	0.010948882913480805	0.0
0.10505809965369547	0.011261322756828507	0.0
0.10655892964874827	0.011578045482490522	0.0
0.10805975964380106	0.011899044874692295	0.0
0.10956058963885386	0.012224314636026364	0.0
0.11106141963390664	0.012553848387663392	0.0
0.11256224962895944	0.012887639669565486	0.0
0.11406307962401223	0.01322568194070155	0.0
0.11556390961906503	0.013567968579265554	0.0
0.11706473961411781	0.013914492882895856	0.0
0.11856556960917061	0.014265248068897984	0.0
0.1200663996042234	0.014620227274468506	0.0
0.1215672295992762	0.014979423556921553	0.0
0.12306805959432898	0.015342829893917229	0.0
0.12456888958938178	0.015710439183692047	0.0
0.12606971958443458	0.016082244245292556	0.0
0.12757054957948735	0.016458237818807453	0.0
0.12907137957454015	0.016838412565606174	0.0
0.13057220956959295	0.01722276106857724	0.0
0.13207303956464575	0.01761127583236784	0.0
0.13357386955969852	0.018003949283627554	0.0
0.13507469955475132	0.018400773771250534	0.0
0.13657552954980412	0.018801741566623564	0.0
0.13807635954485692	0.019206844863872766	0.0
0.1395771895399097	0.019616075780115094	0.0
0.1410780195349625	0.020029426355707283	0.0
0.1425788495300153	0.020446888554501646	0.0
0.1440796795250681	0.020868454264099816	0.0
0.1455805095201209	0.02129411529610908	0.0
0.14708133951517366	0.021723863386402704	0.0
0.14858216951022646	0.02215769019537807	0.0
0.15008299950527926	0.022595587308219617	0.0
0.15158382950033206	0.023037546235161053	0.0
0.15308465949538483	0.023483558411752356	0.0
0.15458548949043763	0.023933615199124434	0.0
0.15608631948549043	0.024387707884256832	0.0
0.15758714948054323	0.024845827680249562	0.0
0.159087979475596	0.025307965726591154	0.0
0.1605888094706488	0.025774113089433993	0.0
0.1620896394657016	0.026244260761866495	0.0
0.1635904694607544	0.026718399664187827	0.0
0.16509129945580717	0.027196520644187226	0.0
0.16659212945085997	0.02767861447741923	0.0
0.16809295944591277	0.02816467186748446	0.0
0.16959378944096556	0.02865468344631056	0.0
0.17109461943601834	0.029148639774432456	0.0
0.17259544943107114	0.029646531341277833	0.0
0.17409627942612393	0.030148348565449675	0.0
0.17559710942117673	0.03065408179501283	0.0
0.1770979394162295	0.031163721307780317	0.0
0.1785987694112823	0.03167725731160104	0.0
0.1800995994063351	0.0321946799446519	0.0
0.1816004294013879	0.0327159792757221	0.0
0.18310125939644067	0.03324114530450984	0.0
0.18460208939149347	0.03377016796191252	0.0
0.18610291938654627	0.034303037110320136	0.0
0.18760374938159907	0.03483974254390863	0.0
0.18910457937665184	0.03538027398893766	0.0
0.19060540937170464	0.03592462110404432	0.0
0.19210623936675744	0.036472773480541114	0.0
0.19360706936181024	0.03702472064271401	0.0
0.19510789935686304	0.03758045204811987	0.0
0.1966087293519158	0.038139957087887845	0.0
0.1981095593469686	0.03870322508702078	0.0
0.1996103893420214	0.03927024530469591	0.0
0.2011112193370742	0.039841006934569344	0.0
0.20261204933212698	0.04041549910507982	0.0
0.20411287932717978	0.040993710879752586	0.0
0.20561370932223258	0.04157563125750488	0.0
0.20711453931728538	0.04216124917295339	0.0
0.20861536931233815	0.04275055349671814	0.0
0.21011619930739095	0.04334353303573095	0.0
0.21161702930244375	0.0439401765335458	0.0
0.21311785929749655	0.04454047267064347	0.0
0.21461868929254932	0.04514441006474362	0.0
0.21611951928760212	0.04575197727111457	0.0
0.21762034928265492	0.04636316278288183	0.0
0.21912117927770772	0.04697795503134122	0.0
0.2206220092727605	0.047596342386269155	0.0
0.2221228392678133	0.04821831315623659	0.0
0.2236236692628661	0.048843855588918406	0.0
0.2251244992579189	0.049472957871410574	0.0
0.22662532925297166	0.05010560813054083	0.0
0.22812615924802446	0.050741794433185154	0.0
0.22962698924307726	0.0513815047865803	0.0
0.23112781923813006	0.05202472713864021	0.0
0.23262864923318283	0.05267144937827262	0.0
0.23412947922823563	0.05332165933569267	0.0
0.23563030922328843	0.053975344782738965	0.0
0.23713113921834122	0.05463249343319246	0.0
0.238631969213394	0.055293092943093564	0.0
0.2401327992084468	0.05595713091105716	0.0
0.2416336292034996	0.05662459487859225	0.0
0.2431344591985524	0.057295472330420046	0.0
0.2446352891936052	0.057969750694791884	0.0
0.24613611918865796	0.058647417343806164	0.0
0.24763694918371076	0.059328459593730176	0.0
0.24913777917876356	0.060012864705318955	0.0
0.25063860917381636	0.06070061988413264	0.0
0.25213943916886916	0.06139171228085704	0.0
0.25364026916392196	0.06208612899162576	0.0
0.2551410991589747	0.06278385705833436	0.0
0.2566419291540275	0.06348488346896884	0.0
0.2581427591490803	0.06418919515792142	0.0
0.2596435891441331	0.06489677900630997	0.0
0.2611444191391859	0.06560762184230105	0.0
0.2626452491342387	0.0663217104414317	0.0
0.2641460791292915	0.06703903152692695	0.0
0.2656469091243443	0.06775957177002424	0.0
0.26714773911939704	0.06848331779029397	0.0
0.26864856911444984	0.06921025615596188	0.0
0.27014939910950264	0.0699403733842287	0.0
0.27165022910455544	0.07067365594159242	0.0
0.27315105909960824	0.07141009024416932	0.0
0.27465188909466104	0.0721496626580185	0.0
0.27615271908971384	0.07289235949946	0.0
0.27765354908476664	0.07363816703539917	0.0
0.2791543790798194	0.07438707148365008	0.0
0.2806552090748722	0.07513905901325005	0.0
0.282156039069925	0.07589411574479334	0.0
0.2836568690649778	0.07665222775074165	0.0
0.2851576990600306	0.07741338105575349	0.0
0.2866585290550834	0.0781775616370032	0.0
0.2881593590501362	0.07894475542450413	0.0
0.289660189045189	0.07971494830142911	0.0
0.2911610190402418	0.08048812610443423	0.0
0.2926618490352945	0.0812642746239803	0.0
0.2941626790303473	0.0820433796046529	0.0
0.2956635090254001	0.08282542674548808	0.0
0.2971643390204529	0.08361040170028862	0.0
0.2986651690155057	0.08439829007795406	0.0
0.3001659990105585	0.08518907744279221	0.0
0.3016668290056113	0.08598274931484857	0.0
0.3031676590006641	0.08677929117022798	0.0
0.30466848899571686	0.08757868844141166	0.0
0.30616931899076966	0.08838092651757914	0.0
0.30767014898582246	0.08918599074493175	0.0
0.30917097898087526	0.08999386642701881	0.0
0.31067180897592805	0.09080453882504894	0.0
0.31217263897098085	0.09161799315821784	0.0
0.31367346896603365	0.09243421460402666	0.0
0.31517429896108645	0.0932531882986055	0.0
0.3166751289561392	0.09407489933703117	0.0
0.318175958951192	0.0948993327736497	0.0
0.3196767889462448	0.09572647362240073	0.0
0.3211776189412976	0.09655630685712879	0.0
0.3226784489363504	0.09738881741191313	0.0
0.3241792789314032	0.09822399018138246	0.0
0.325680108926456	0.09906181002104009	0.0
0.3271809389215088	0.09990226174758056	0.0
0.32868176891656153	0.10074533013920693	0.0
0.33018259891161433	0.1015909999359594	0.0
0.33168342890666713	0.10243925584002586	0.0
0.33318425890171993	0.10329008251606907	0.0
0.33468508889677273	0.1041434645915407	0.0
0.33618591889182553	0.10499938665700354	0.0
0.33768674888687833	0.1058578332664512	0.0
0.33918757888193113	0.10671878893762443	0.0
0.34068840887698393	0.10758223815233757	0.0
0.34218923887203667	0.10844816535678263	0.0
0.34369006886708947	0.10931655496186704	0.0
0.34519089886214227	0.11018739134352164	0.0
0.34669172885719507	0.11106065884301897	0.0
0.34819255885224787	0.11193634176729647	0.0
0.34969338884730067	0.11281442438926904	0.0
0.35119421884235347	0.11369489094815556	0.0
0.35269504883740627	0.11457772564978869	0.0
0.354195878832459	0.115462912666942	0.0
0.3556967088275118	0.1163504361396387	0.0
0.3571975388225646	0.11724028017547555	0.0
0.3586983688176174	0.11813242884993881	0.0
0.3601991988126702	0.11902686620672694	0.0
0.361700028807723	0.11992357625805591	0.0
0.3632008588027758	0.12082254298499125	0.0
0.3647016887978286	0.12172375033775713	0.0
0.36620251879288135	0.12262718223605439	0.0
0.36770334878793415	0.12353282256938149	0.0
0.36920417878298695	0.12444065519734894	0.0
0.37070500877803975	0.12535066394999647	0.0
0.37220583877309255	0.12626283262811122	0.0
0.37370666876814534	0.12717714500354302	0.0
0.37520749876319814	0.12809358481952884	0.0
0.37670832875825094	0.12901213579099408	0.0
0.3782091587533037	0.1299327816048856	0.0
0.3797099887483565	0.1308555059204774	0.0
0.3812108187434093	0.13178029236969385	0.0
0.3827116487384621	0.13270712455742117	0.0
0.3842124787335149	0.133635986061835	0.0
0.3857133087285677	0.1345668604346966	0.0
0.3872141387236205	0.13549973120168513	0.0
0.3887149687186733	0.1364345818627179	0.0
0.3902157987137261	0.1373713958922477	0.0
0.3917166287087788	0.13831015673959698	0.0
0.3932174587038316	0.13925084782926675	0.0
0.3947182886988844	0.14019345256124957	0.0
0.3962191186939372	0.14113795431135595	0.0
0.39771994868899	0.1420843364315153	0.0
0.3992207786840428	0.14303258225010923	0.0
0.4007216086790956	0.14398267507227483	0.0
0.4022224386741484	0.14493459818022486	0.0
0.40372326866920116	0.1458883348335627	0.0
0.40522409866425396	0.14684386826960277	0.0
0.40672492865930676	0.14780118170367842	0.0
0.40822575865435956	0.14876025832946993	0.0
0.40972658864941236	0.14972108131930636	0.0
0.41122741864446516	0.15068363382449307	0.0
0.41272824863951796	0.15164789897561734	0.0
0.41422907863457076	0.15261385988287415	0.0
0.4157299086296235	0.15358149963637735	0.0
0.4172307386246763	0.15455080130647111	0.0
0.4187315686197291	0.1555217479440582	0.0
0.4202323986147819	0.1564943225809059	0.0
0.4217332286098347	0.15746850822995734	0.0
0.4232340586048875	0.15844428788566553	0.0
0.4247348885999403	0.1594216445242913	0.0
0.4262357185949931	0.16040056110422396	0.0
0.42773654859004584	0.16138102056630754	0.0
0.42923737858509864	0.16236300583414146	0.0
0.43073820858015144	0.16334649981440963	0.0
0.43223903857520424	0.164331485397183	0.0
0.43373986857025704	0.1653179454562537	0.0
0.43524069856530984	0.1663058628494268	0.0
0.43674152856036264	0.1672952204188636	0.0
0.43824235855541543	0.16828600099137805	0.0
0.43974318855046823	0.16927818737876044	0.0
0.441244018545521	0.1702717623780903	0.0
0.4427448485405738	0.17126670877205907	0.0
0.4442456785356266	0.1722630093292807	0.0
0.4457465085306794	0.1732606468046057	0.0
0.4472473385257322	0.1742596039394455	0.0
0.448748168520785	0.17525986346208275	0.0
0.4502489985158378	0.17626140808798832	0.0
0.45174982851089057	0.17726422052014	0.0
0.4532506585059433	0.17826828344933773	0.0
0.4547514885009961	0.17927357955451817	0.0
0.4562523184960489	0.18028009150308072	0.0
0.4577531484911017	0.18128780195118502	0.0
0.4592539784861545	0.18229669354409123	0.0
0.4607548084812073	0.18330674891645338	0.0
0.4622556384762601	0.18431795069265264	0.0
0.4637564684713129	0.18533028148710914	0.0
0.46525729846636565	0.186343723904598	0.0
0.46675812846141845	0.18735826054056862	0.0
0.46825895845647125	0.18837387398145392	0.0
0.46975978845152405	0.18939054680499684	0.0
0.47126061844657685	0.19040826158056215	0.0
0.47276144844162965	0.1914270008694537	0.0
0.47426227843668245	0.19244674722523206	0.0
0.47576310843173525	0.19346748319403195	0.0
0.477263938426788	0.19448919131487902	0.0
0.4787647684218408	0.19551185412000743	0.0
0.4802655984168936	0.1965354541351772	0.0
0.4817664284119464	0.19755997387998445	0.0
0.4832672584069992	0.1985853958681888	0.0
0.484768088402052	0.19961170260802932	0.0
0.4862689183971048	0.20063887660253124	0.0
0.4877697483921576	0.2016669003498359	0.0
0.4892705783872104	0.20269575634350803	0.0
0.49077140838226313	0.20372542707285882	0.0
0.49227223837731593	0.20475589502326538	0.0
0.49377306837236873	0.20578714267647719	0.0
0.49527389836742153	0.20681915251094682	0.0
0.4967747283624743	0.20785190700213743	0.0
0.4982755583575271	0.20888538862284034	0.0
0.4997763883525799	0.20991957984349627	0.0
0.5012772183476327	0.21095446313251862	0.0
0.5027780483426855	0.21199002095658617	0.0
0.5042788783377383	0.21302623578099275	0.0
0.5057797083327911	0.21406309006994098	0.0
0.5072805383278439	0.21510056628686985	0.0
0.5087813683228967	0.2161386468947629	0.0
0.5102821983179494	0.21717731435647938	0.0
0.5117830283130023	0.21821655113505498	0.0
0.513283858308055	0.21925633969403008	0.0
0.5147846883031079	0.22029666249776136	0.0
0.5162855182981606	0.2213375020117384	0.0
0.5177863482932135	0.22237884070290703	0.0
0.5192871782882662	0.22342066103997354	0.0
0.520788008283319	0.2244629454937304	0.0
0.5222888382783718	0.22550567653737086	0.0
0.5237896682734245	0.2265488366468072	0.0
0.5252904982684774	0.22759240830097816	0.0
0.5267913282635301	0.22863637398217743	0.0
0.528292158258583	0.22968071617635635	0.0
0.5297929882536357	0.23072541737345703	0.0
0.5312938182486886	0.23177046006770952	0.0
0.5327946482437413	0.2328158267579543	0.0
0.5342954782387941	0.23386149994796587	0.0
0.5357963082338469	0.23490746214675753	0.0
0.5372971382288997	0.23595369586890105	0.0
0.5387979682239525	0.23700018363483646	0.0
0.5402987982190053	0.23804690797119712	0.0
0.5417996282140581	0.2390938514111124	0.0
0.5433004582091109	0.24014099649453394	0.0
0.5448012882041637	0.24118832576853866	0.0
0.5463021181992165	0.24223582178765204	0.0
0.5478029481942692	0.24328346711415222	0.0
0.5493037781893221	0.24433124431839387	0.0
0.5508046081843748	0.2453791359791125	0.0
0.5523054381794277	0.24642712468374967	0.0
0.5538062681744804	0.24747519302874862	0.0
0.5553070981695333	0.24852332361988572	0.0
0.556807928164586	0.24957149907256515	0.0
0.5583087581596388	0.2506197020121419	0.0
0.5598095881546916	0.2516679150742318	0.0
0.5613104181497444	0.25271612090502704	0.0
0.5628112481447972	0.25376430216159124	0.0
0.56431207813985	0.2548124415121904	0.0
0.5658129081349028	0.2558605216365866	0.0
0.5673137381299556	0.25690852522637675	0.0
0.5688145681250084	0.2579564349852575	0.0
0.5703153981200612	0.25900423362936875	0.0
0.5718162281151139	0.26005190388759497	0.0
0.5733170581101668	0.26109942850187423	0.0
0.5748178881052195	0.26214679022749793	0.0
0.5763187181002724	0.263193971833433	0.0
0.5778195480953251	0.26424095610262444	0.0
0.579320378090378	0.2652877258322942	0.0
0.5808212080854307	0.26633426383425657	0.0
0.5823220380804836	0.2673805529352323	0.0
0.5838228680755363	0.26842657597712793	0.0
0.585323698070589	0.26947231581737263	0.0
0.5868245280656419	0.27051775532920386	0.0
0.5883253580606946	0.27156287740198	0.0
0.5898261880557475	0.27260766494148536	0.0
0.5913270180508002	0.27365210087021663	0.0
0.5928278480458531	0.2746961681277187	0.0
0.5943286780409058	0.2757398496708537	0.0
0.5958295080359586	0.27678312847413206	0.0
0.5973303380310114	0.27782598752997967	0.0
0.5988311680260642	0.2788684098490866	0.0
0.600331998021117	0.2799103784606658	0.0
0.6018328280161698	0.28095187641277003	0.0
0.6033336580112226	0.28199288677258627	0.0
0.6048344880062754	0.2830333926267438	0.0
0.6063353180013282	0.28407337708160285	0.0
0.607836147996381	0.2851128232635673	0.0
0.6093369779914337	0.28615171431935266	0.0
0.6108378079864866	0.28719003341630167	0.0
0.6123386379815393	0.28822776374269404	0.0
0.6138394679765922	0.28926488850801524	0.0
0.6153402979716449	0.29030139094326934	0.0
0.6168411279666978	0.29133725430125534	0.0
0.6183419579617505	0.29237246185688426	0.0
0.6198427879568033	0.2934069969074433	0.0
0.6213436179518561	0.29444084277291444	0.0
0.6228444479469089	0.2954739827962487	0.0
0.6243452779419617	0.29650640034366665	0.0
0.6258461079370145	0.29753807880493577	0.0
0.6273469379320673	0.2985690015936695	0.0
0.62884776792712	0.2995991521476138	0.0
0.6303485979221729	0.30062851392892875	0.0
0.6318494279172256	0.301657070424482	0.0
0.6333502579122784	0.30268480514613916	0.0
0.6348510879073312	0.30371170163103156	0.0
0.636351917902384	0.3047377434418601	0.0
0.6378527478974368	0.3057629141671661	0.0
0.6393535778924896	0.3067871974216128	0.0
0.6408544078875424	0.307810576846287	0.0
0.6423552378825952	0.3088330361089485	0.0
0.643856067877648	0.30985455890433233	0.0
0.6453568978727008	0.3108751289544255	0.0
0.6468577278677535	0.31189473000873896	0.0
0.6483585578628064	0.3129133458445976	0.0
0.6498593878578591	0.3139309602674022	0.0
0.651360217852912	0.31494755711091127	0.0
0.6528610478479647	0.3159631202375139	0.0
0.6543618778430176	0.3169776335385074	0.0
0.6558627078380703	0.31799108093438205	0.0
0.6573635378331231	0.3190034463750581	0.0
0.6588643678281759	0.32001471384019353	0.0
0.6603651978232287	0.3210248673394392	0.0
0.6618660278182815	0.3220338909126969	0.0
0.6633668578133343	0.32304176863042033	0.0
0.6648676878083871	0.32404848459384333	0.0
0.6663685178034399	0.3250540229352796	0.0
0.6678693477984927	0.32605836781836306	0.0
0.6693701777935455	0.3270615034383216	0.0
0.6708710077885982	0.3280634140222521	0.0
0.6723718377836511	0.32906408382936736	0.0
0.6738726677787038	0.33006349715126293	0.0
0.6753734977737567	0.33106163831217156	0.0
0.6768743277688094	0.33205849166923773	0.0
0.6783751577638623	0.3330540416127595	0.0
0.679875987758915	0.3340482725664552	0.0
0.6813768177539679	0.33504116898771785	0.0
0.6828776477490206	0.33603271536786733	0.0
0.6843784777440733	0.3370228962324139	0.0
0.6858793077391262	0.3380116961412913	0.0
0.6873801377341789	0.33899909968914416	0.0
0.6888809677292318	0.3399850915055379	0.0
0.6903817977242845	0.3409696562552297	0.0
0.6918826277193374	0.341952778638405	0.0
0.6933834577143901	0.34293444339096296	0.0
0.6948842877094429	0.34391463528470995	0.0
0.6963851177044957	0.3448933391276326	0.0
0.6978859476995485	0.3458705397641504	0.0
0.6993867776946013	0.3468462220753452	0.0
0.7008876076896541	0.3478203709791892	0.0
0.7023884376847069	0.34879297143082877	0.0
0.7038892676797597	0.34976400842277805	0.0
0.7053900976748125	0.35073346698517527	0.0
0.7068909276698653	0.3517013321860438	0.0
0.708391757664918	0.35266758913148705	0.0
0.7098925876599709	0.353632222965943	0.0
0.7113934176550236	0.3545952188724279	0.0
0.7128942476500765	0.3555565620727547	0.0
0.7143950776451292	0.3565162378277775	0.0
0.7158959076401821	0.35747423143760354	0.0
0.7173967376352348	0.3584305282418339	0.0
0.7188975676302876	0.35938511361980563	0.0
0.7203983976253404	0.36033797299077985	0.0
0.7218992276203932	0.36128909181421087	0.0
0.723400057615446	0.36223845558994777	0.0
0.7249008876104988	0.3631860498584592	0.0
0.7264017176055516	0.3641318602010578	0.0
0.7279025476006044	0.365075872240125	0.0
0.7294033775956572	0.36601807163932265	0.0
0.73090420759071	0.3669584441038259	0.0
0.7324050375857627	0.36789697538051824	0.0
0.7339058675808156	0.36883365125823275	0.0
0.7354066975758683	0.36976845756795196	0.0
0.7369075275709212	0.37070138018301985	0.0
0.7384083575659739	0.3716324050193733	0.0
0.7399091875610267	0.372561518035721	0.0
0.7414100175560795	0.37348870523378663	0.0
0.7429108475511323	0.37441395265850225	0.0
0.7444116775461851	0.37533724639821425	0.0
0.7459125075412378	0.3762585725849022	0.0
0.7474133375362907	0.37717791739437007	0.0
0.7489141675313434	0.37809526704645124	0.0
0.7504149975263963	0.37901060780522305	0.0
0.751915827521449	0.37992392597921243	0.0
0.7534166575165019	0.380835207921567	0.0
0.7549174875115546	0.3817444400302949	0.0
0.7564183175066074	0.38265160874842136	0.0
0.7579191475016602	0.38355670056423613	0.0
0.759419977496713	0.3844597020114348	0.0
0.7609208074917658	0.38536059966933595	0.0
0.7624216374868186	0.3862593801631086	0.0
0.7639224674818714	0.387156030163899	0.0
0.7654232974769242	0.38805053638909026	0.0
0.766924127471977	0.38894288560243045	0.0
0.7684249574670298	0.389833064614272	0.0
0.7699257874620825	0.39072106028171905	0.0
0.7714266174571354	0.3916068595088473	0.0
0.7729274474521881	0.3924904492468665	0.0
0.774428277447241	0.3933718164943147	0.0
0.7759291074422937	0.39425094829723595	0.0
0.7774299374373466	0.3951278317493724	0.0
0.7789307674323993	0.3960024539923308	0.0
0.7804315974274522	0.3968748022157728	0.0
0.7819324274225049	0.39774486365758166	0.0
0.7834332574175576	0.39861262560406663	0.0
0.7849340874126105	0.3994780753901028	0.0
0.7864349174076632	0.40034120039932697	0.0
0.7879357474027161	0.40120198806430685	0.0
0.7894365773977688	0.40206042586671675	0.0
0.7909374073928217	0.40291650133750456	0.0
0.7924382373878744	0.4037702020570726	0.0
0.7939390673829272	0.40462151565542925	0.0
0.79543989737798	0.40547042981236914	0.0
0.7969407273730328	0.4063169322576336	0.0
0.7984415573680856	0.407161010771099	0.0
0.7999423873631384	0.40800265318290757	0.0
0.8014432173581912	0.40884184737363627	0.0
0.802944047353244	0.4096785812744982	0.0
0.8044448773482968	0.4105128428674604	0.0
0.8059457073433496	0.41134462018542306	0.0
0.8074465373384023	0.412173901312365	0.0
0.8089473673334552	0.4130006743835398	0.0
0.8104481973285079	0.4138249275855906	0.0
0.8119490273235608	0.41464664915671673	0.0
0.8134498573186135	0.4154658273868545	0.0
0.8149506873136664	0.4162824506177853	0.0
0.8164515173087191	0.41709650724333697	0.0
0.817952347303772	0.4179079857095098	0.0
0.8194531772988247	0.4187168745146316	0.0
0.8209540072938775	0.4195231622095027	0.0
0.8224548372889303	0.42032683739755466	0.0
0.8239556672839831	0.42112788873499624	0.0
0.8254564972790359	0.4219263049309594	0.0
0.8269573272740887	0.4227220747476421	0.0
0.8284581572691415	0.4235151870004578	0.0
0.8299589872641943	0.424305630558183	0.0
0.831459817259247	0.4250933943430768	0.0
0.8329606472542999	0.4258784673310734	0.0
0.8344614772493526	0.4266608385518482	0.0
0.8359623072444055	0.4274404970890499	0.0
0.8374631372394582	0.428217432080357	0.0
0.838963967234511	0.4289916327176644	0.0
0.8404647972295638	0.4297630882472078	0.0
0.8419656272246167	0.430531787969697	0.0
0.8434664572196694	0.43129772124045096	0.0
0.8449672872147221	0.43206087746953503	0.0
0.846468117209775	0.4328212461219072	0.0
0.8479689472048277	0.4335788167175312	0.0
0.8494697771998806	0.43433357883151086	0.0
0.8509706071949333	0.4350855220942391	0.0
0.8524714371899862	0.43583463619151336	0.0
0.8539722671850389	0.4365809108646534	0.0
0.8554730971800917	0.4373243359106598	0.0
0.8569739271751445	0.43806490118232505	0.0
0.8584747571701973	0.4388025965883534	0.0
0.8599755871652501	0.4395374120934939	0.0
0.8614764171603029	0.44026933771868204	0.0
0.8629772471553557	0.44099836354113475	0.0
0.8644780771504085	0.44172447969449036	0.0
0.8659789071454613	0.44244767636892707	0.0
0.8674797371405141	0.4431679438112854	0.0
0.8689805671355668	0.44388527232519626	0.0
0.8704813971306197	0.44459965227118575	0.0
0.8719822271256724	0.4453110740668105	0.0
0.8734830571207253	0.4460195281867598	0.0
0.874983887115778	0.4467250051630008	0.0
0.8764847171108309	0.44742749558485434	0.0
0.8779855471058836	0.44812699009915286	0.0
0.8794863771009365	0.4488234794103353	0.0
0.8809872070959892	0.4495169542805577	0.0
0.882488037091042	0.45020740552982275	0.0
0.8839888670860948	0.4508948240360725	0.0
0.8854896970811476	0.4515792007353202	0.0
0.8869905270762004	0.4522605266217548	0.0
0.8884913570712532	0.4529387927478588	0.0
0.889992187066306	0.45361399022448634	0.0
0.8914930170613588	0.4542861102210303	0.0
0.8929938470564115	0.45495514396547254	0.0
0.8944946770514643	0.4556210827445374	0.0
0.8959955070465171	0.456283917903777	0.0
0.89749633704157	0.4569436408476639	0.0
0.8989971670366227	0.45760024303975533	0.0
0.9004979970316755	0.45825371600270726	0.0
0.9019988270267283	0.4589040513184691	0.0
0.9034996570217811	0.4595512406283242	0.0
0.9050004870168339	0.4601952756330446	0.0
0.9065013170118866	0.460836148092937	0.0
0.9080021470069395	0.4614738498279914	0.0
0.9095029770019922	0.4621083727179656	0.0
0.9110038069970451	0.46273970870248815	0.0
0.9125046369920978	0.4633678497811533	0.0
0.9140054669871507	0.46399278801362137	0.0
0.9155062969822034	0.4646145155197301	0.0
0.9170071269772563	0.46523302447956894	0.0
0.918507956972309	0.465848307133605	0.0
0.9200087869673618	0.46646035578275097	0.0
0.9215096169624146	0.467069162788494	0.0
0.9230104469574674	0.46767472057294834	0.0
0.9245112769525202	0.46827702161900225	0.0
0.926012106947573	0.4688760584703746	0.0
0.9275129369426258	0.46947182373170987	0.0
0.9290137669376786	0.47006431006869964	0.0
0.9305145969327313	0.47065351020815055	0.0
0.9320154269277842	0.47123941693806604	0.0
0.9335162569228369	0.4718220231077787	0.0
0.9350170869178898	0.4724013216280022	0.0
0.9365179169129425	0.4729773054709316	0.0
0.9380187469079954	0.4735499676703448	0.0
0.9395195769030481	0.4741193013216968	0.0
0.941020406898101	0.47468529958216954	0.0
0.9425212368931537	0.47524795567079453	0.0
0.9440220668882064	0.47580726286853386	0.0
0.9455228968832593	0.47636321451835273	0.0
0.947023726878312	0.4769158040253352	0.0
0.9485245568733649	0.47746502485673015	0.0
0.9500253868684176	0.4780108705420664	0.0
0.9515262168634705	0.47855333467323197	0.0
0.9530270468585232	0.47909241090452714	0.0
0.954527876853576	0.47962809295279807	0.0
0.9560287068486288	0.4801603745974856	0.0
0.9575295368436816	0.48068924968070886	0.0
0.9590303668387344	0.4812147121073557	0.0
0.9605311968337872	0.48173675584516296	0.0
0.96203202682884	0.4822553749247979	0.0
0.9635328568238928	0.48277056343991503	0.0
0.9650336868189456	0.4832823155472643	0.0
0.9665345168139984	0.4837906254667559	0.0
0.9680353468090511	0.4842954874815338	0.0
0.969536176804104	0.48479689593806924	0.0
0.9710370067991567	0.48529484524621846	0.0
0.9725378367942096	0.48578932987930934	0.0
0.9740386667892623	0.4862803443742058	0.0
0.9755394967843152	0.4867678833313993	0.0
0.9770403267793679	0.4872519414150588	0.0
0.9785411567744208	0.48773251335312695	0.0
0.9800419867694735	0.488209593937393	0.0
0.9815428167645263	0.4886831780235379	0.0
0.9830436467595791	0.4891532605312304	0.0
0.9845444767546319	0.48961983644419077	0.0
0.9860453067496847	0.49008290081025635	0.0
0.9875461367447375	0.49054244874145825	0.0
0.9890469667397903	0.49099847541408703	0.0
0.9905477967348431	0.4914509760687542	0.0
0.9920486267298958	0.4918999460104834	0.0
0.9935494567249487	0.4923453806087355	0.0
0.9950502867200014	0.49278727529750604	0.0
0.9965511167150543	0.49322562557539956	0.0
0.998051946710107	0.4936604270056518	0.0
0.9995527767051599	0.4940916752162471	0.0
1.0010536067002127	0.4945193658999265	0.0
1.0025544366952654	0.4949434948143076	0.0
1.0040552666903182	0.4953640577818935	0.0
1.005556096685371	0.4957810506901804	0.0
1.0070569266804237	0.49619446949167	0.0
1.0085577566754766	0.49660431020397117	0.0
1.0100585866705294	0.49701056890983975	0.0
1.0115594166655821	0.49741324175724677	0.0
1.0130602466606349	0.4978123249594255	0.0
1.0145610766556878	0.4982078147949204	0.0
1.0160619066507406	0.498599707607671	0.0
1.0175627366457933	0.49898799980704084	0.0
1.019063566640846	0.49937268786789546	0.0
1.0205643966358988	0.4997537683306415	0.0
1.0220652266309518	0.5001312378012575	0.0
1.0235660566260045	0.5005050929514083	0.0
1.0250668866210573	0.5008753305184475	0.0
1.02656771661611	0.5012419473054626	0.0
1.028068546611163	0.5016049401813617	0.0
1.0295693766062157	0.5019643060808929	0.0
1.0310702066012685	0.502320042004707	0.0
1.0325710365963212	0.5026721450193917	0.0
1.034071866591374	0.5030206122575361	0.0
1.035572696586427	0.5033654409177792	0.0
1.0370735265814797	0.5037066282648218	0.0
1.0385743565765324	0.5040441716295011	0.0
1.0400751865715852	0.5043780684088247	0.0
1.041576016566638	0.5047083160660267	0.0
1.0430768465616909	0.5050349121305648	0.0
1.0445776765567436	0.5053578541982298	0.0
1.0460785065517963	0.5056771399311147	0.0
1.047579336546849	0.5059927670577002	0.0
1.049080166541902	0.5063047333728831	0.0
1.0505809965369548	0.5066130367380018	0.0
1.0520818265320075	0.5069176750808698	0.0
1.0535826565270603	0.5072186463958301	0.0
1.055083486522113	0.5075159487437941	0.0
1.056584316517166	0.5078095802522261	0.0
1.0580851465122187	0.5080995391152188	0.0
1.0595859765072715	0.5083858235935476	0.0
1.0610868065023242	0.5086684320146252	0.0
1.0625876364973772	0.5089473627725892	0.0
1.06408846649243	0.5092226143283134	0.0
1.0655892964874827	0.5094941852094286	0.0
1.0670901264825354	0.5097620740103584	0.0
1.0685909564775882	0.5100262793923569	0.0
1.0700917864726411	0.5102868000834938	0.0
1.0715926164676939	0.5105436348787111	0.0
1.0730934464627466	0.510796782639826	0.0
1.0745942764577994	0.5110462422955727	0.0
1.0760951064528523	0.5112920128415858	0.0
1.077595936447905	0.5115340933404664	0.0
1.0790967664429578	0.5117724829217621	0.0
1.0805975964380106	0.512007180781997	0.0
1.0820984264330633	0.5122381861846843	0.0
1.0835992564281163	0.512465498460332	0.0
1.085100086423169	0.5126891170064825	0.0
1.0866009164182218	0.5129090412877072	0.0
1.0881017464132745	0.5131252708355922	0.0
1.0896025764083275	0.5133378052488017	0.0
1.0911034064033802	0.5135466441930281	0.0
1.092604236398433	0.5137517874010398	0.0
1.0941050663934857	0.5139532346726852	0.0
1.0956058963885384	0.5141509858748475	0.0
1.0971067263835914	0.5143450409415393	0.0
1.0986075563786442	0.5145353998738074	0.0
1.100108386373697	0.5147220627398054	0.0
1.1016092163687496	0.5149050296747473	0.0
1.1031100463638024	0.5150843008809071	0.0
1.1046108763588554	0.515259876627671	0.0
1.106111706353908	0.5154317572514706	0.0
1.1076125363489608	0.5155999431558115	0.0
1.1091133663440136	0.5157644348112328	0.0
1.1106141963390666	0.5159252327553333	0.0
1.1121150263341193	0.516082337592754	0.0
1.113615856329172	0.5162357499951644	0.0
1.1151166863242248	0.5163854707012159	0.0
1.1166175163192775	0.5165315005166052	0.0
1.1181183463143305	0.5166738403139866	0.0
1.1196191763093832	0.5168124910329879	0.0
1.121120006304436	0.5169474536801776	0.0
1.1226208362994887	0.5170787293290754	0.0
1.1241216662945417	0.5172063191200879	0.0
1.1256224962895944	0.5173302242605258	0.0
1.1271233262846472	0.5174504460245534	0.0
1.1286241562797	0.5175669857531842	0.0
1.1301249862747527	0.5176798448542266	0.0
1.1316258162698056	0.5177890248022936	0.0
1.1331266462648584	0.5178945271387464	0.0
1.1346274762599111	0.5179963534716608	0.0
1.1361283062549639	0.5180945054758241	0.0
1.1376291362500168	0.5181889848926597	0.0
1.1391299662450696	0.5182797935302276	0.0
1.1406307962401223	0.5183669332631755	0.0
1.142131626235175	0.518450406032676	0.0
1.1436324562302278	0.5185302138464526	0.0
1.1451332862252808	0.5186063587786575	0.0
1.1466341162203335	0.5186788429698855	0.0
1.1481349462153863	0.5187476686271	0.0
1.149635776210439	0.5188128380236005	0.0
1.151136606205492	0.5188743534989757	0.0
1.1526374362005447	0.5189322174590552	0.0
1.1541382661955975	0.5189864323758618	0.0
1.1556390961906502	0.5190370007875226	0.0
1.157139926185703	0.5190839252982818	0.0
1.158640756180756	0.5191272085783821	0.0
1.1601415861758086	0.5191668533640537	0.0
1.1616424161708614	0.51920286245742	0.0
1.1631432461659141	0.519235238726478	0.0
1.164644076160967	0.5192639851049983	0.0
1.1661449061560198	0.519289104592479	0.0
1.1676457361510726	0.5193106002540713	0.0
1.1691465661461253	0.5193284752205315	0.0
1.170647396141178	0.5193427326881366	0.0
1.172148226136231	0.519353375918621	0.0
1.1736490561312838	0.5193604082391231	0.0
1.1751498861263365	0.5193638330420658	0.0
1.1766507161213893	0.5193636537851325	0.0
1.178151546116442	0.5193598739911452	0.0
1.179652376111495	0.5193524972480331	0.0
1.1811532061065477	0.5193415272087191	0.0
1.1826540361016005	0.5193269675910588	0.0
1.1841548660966532	0.5193088221777338	0.0
1.1856556960917062	0.5192870948161922	0.0
1.187156526086759	0.5192617894185584	0.0
1.1886573560818117	0.519232909961537	0.0
1.1901581860768644	0.5192004604863127	0.0
1.1916590160719172	0.5191644450984977	0.0
1.1931598460669701	0.5191248679679925	0.0
1.1946606760620229	0.5190817333289148	0.0
1.1961615060570756	0.5190350454795277	0.0
1.1976623360521284	0.5189848087820945	0.0
1.1991631660471813	0.5189310276628089	0.0
1.200663996042234	0.5188737066116941	0.0
1.2021648260372868	0.5188128501824769	0.0
1.2036656560323395	0.5187484629925049	0.0
1.2051664860273923	0.5186805497226575	0.0
1.2066673160224453	0.5186091151171836	0.0
1.208168146017498	0.5185341639836635	0.0
1.2096689760125507	0.5184557011928219	0.0
1.2111698060076035	0.5183737316784799	0.0
1.2126706360026565	0.5182882604374055	0.0
1.2141714659977092	0.5181992925292229	0.0
1.215672295992762	0.518106833076238	0.0
1.2171731259878147	0.5180108872634042	0.0
1.2186739559828674	0.5179114603381497	0.0
1.2201747859779204	0.5178085576102519	0.0
1.2216756159729731	0.51770218445173	0.0
1.2231764459680259	0.5175923462967217	0.0
1.2246772759630786	0.5174790486413454	0.0
1.2261781059581316	0.5173622970435579	0.0
1.2276789359531843	0.5172420971230818	0.0
1.229179765948237	0.5171184545611952	0.0
1.2306805959432898	0.516991375100647	0.0
1.2321814259383426	0.5168608645455104	0.0
1.2336822559333955	0.5167269287610635	0.0
1.2351830859284483	0.5165895736736008	0.0
1.236683915923501	0.5164488052703472	0.0
1.2381847459185538	0.5163046295992844	0.0
1.2396855759136065	0.5161570527690346	0.0
1.2411864059086595	0.5160060809486737	0.0
1.2426872359037122	0.5158517203676294	0.0
1.244188065898765	0.5156939773155076	0.0
1.2456888958938177	0.5155328581419527	0.0
1.2471897258888707	0.515368369256479	0.0
1.2486905558839234	0.5152005171283349	0.0
1.2501913858789762	0.5150293082863631	0.0
1.251692215874029	0.5148547493188116	0.0
1.2531930458690816	0.5146768468731928	0.0
1.2546938758641346	0.5144956076561189	0.0
1.2561947058591874	0.5143110384331591	0.0
1.25769553585424	0.514123146028664	0.0
1.2591963658492928	0.5139319373255918	0.0
1.2606971958443458	0.5137374192653581	0.0
1.2621980258393986	0.5135395988476741	0.0
1.2636988558344513	0.5133384831303681	0.0
1.265199685829504	0.5131340792292134	0.0
1.2667005158245568	0.5129263943177655	0.0
1.2682013458196097	0.5127154356271956	0.0
1.2697021758146625	0.5125012104460909	0.0
1.2712030058097152	0.5122837261203195	0.0
1.272703835804768	0.512062990052816	0.0
1.274204665799821	0.5118390097034335	0.0
1.2757054957948737	0.5116117925887266	0.0
1.2772063257899264	0.5113813462818227	0.0
1.2787071557849792	0.5111476784122033	0.0
1.280207985780032	0.5109107966655249	0.0
1.2817088157750849	0.5106707087834402	0.0
1.2832096457701376	0.5104274225634111	0.0
1.2847104757651904	0.5101809458585145	0.0
1.2862113057602431	0.5099312865772891	0.0
1.287712135755296	0.5096784526834636	0.0
1.2892129657503488	0.5094224521958679	0.0
1.2907137957454016	0.5091632931881646	0.0
1.2922146257404543	0.5089009837886773	0.0
1.293715455735507	0.5086355321802267	0.0
1.29521628573056	0.50836694659986	0.0
1.2967171157256128	0.5080952353387522	0.0
1.2982179457206655	0.5078204067419003	0.0
1.2997187757157183	0.5075424692080343	0.0
1.3012196057107712	0.5072614311893243	0.0
1.302720435705824	0.5069773011912069	0.0
1.3042212657008767	0.5066900877722151	0.0
1.3057220956959295	0.5063997995437103	0.0
1.3072229256909822	0.5061064451697395	0.0
1.3087237556860352	0.5058100333668007	0.0
1.310224585681088	0.505510572903617	0.0
1.3117254156761406	0.5052080726009434	0.0
1.3132262456711934	0.5049025413313705	0.0
1.3147270756662461	0.5045939880191019	0.0
1.316227905661299	0.5042824216397214	0.0
1.3177287356563518	0.5039678512200083	0.0
1.3192295656514046	0.5036502858377053	0.0
1.3207303956464573	0.5033297346213202	0.0
1.3222312256415103	0.5030062067498828	0.0
1.323732055636563	0.5026797114527652	0.0
1.3252328856316158	0.5023502580094044	0.0
1.3267337156266685	0.5020178557491464	0.0
1.3282345456217213	0.5016825140509764	0.0
1.3297353756167742	0.501344242343336	0.0
1.331236205611827	0.50100305010387	0.0
1.3327370356068797	0.5006589468592227	0.0
1.3342378656019325	0.5003119421847864	0.0
1.3357386955969854	0.4999620457045202	0.0
1.3372395255920382	0.4996092670906756	0.0
1.338740355587091	0.49925361606361096	0.0
1.3402411855821437	0.49889510239154067	0.0
1.3417420155771964	0.49853373589030064	0.0
1.3432428455722494	0.49816952642314066	0.0
1.3447436755673021	0.4978024839004707	0.0
1.3462445055623549	0.4974326182796544	0.0
1.3477453355574076	0.4970599395647452	0.0
1.3492461655524606	0.49668445780629616	0.0
1.3507469955475133	0.4963061831010779	0.0
1.352247825542566	0.49592512559187785	0.0
1.3537486555376188	0.49554129546726	0.0
1.3552494855326715	0.4951547029613247	0.0
1.3567503155277245	0.4947653583534793	0.0
1.3582511455227773	0.494373271968173	0.0
1.35975197551783	0.4939784541746974	0.0
1.3612528055128827	0.49358091538692983	0.0
1.3627536355079357	0.493180666063106	0.0
1.3642544655029885	0.4927777167055504	0.0
1.3657552954980412	0.49237207786047427	0.0
1.367256125493094	0.4919637601177031	0.0
1.3687569554881467	0.4915527741104666	0.0
1.3702577854831997	0.49113913051512254	0.0
1.3717586154782524	0.4907228400509356	0.0
1.3732594454733051	0.49030391347983787	0.0
1.3747602754683579	0.4898823616061705	0.0
1.3762611054634106	0.48945819527645357	0.0
1.3777619354584636	0.48903142537912975	0.0
1.3792627654535163	0.48860206284432756	0.0
1.380763595448569	0.48817011864359766	0.0
1.3822644254436218	0.4877356037897142	0.0
1.3837652554386748	0.4872985293363729	0.0
1.3852660854337275	0.48685890637796686	0.0
1.3867669154287803	0.48641674604935176	0.0
1.388267745423833	0.4859720595255837	0.0
1.3897685754188858	0.4855248580216707	0.0
1.3912694054139387	0.4850751527923374	0.0
1.3927702354089915	0.48462295513175113	0.0
1.3942710654040442	0.48416827637331783	0.0
1.395771895399097	0.48371112788938647	0.0
1.39727272539415	0.4832515210910111	0.0
1.3987735553892027	0.482789467427718	0.0
1.4002743853842554	0.4823249783872372	0.0
1.4017752153793082	0.48185806549527704	0.0
1.403276045374361	0.4813887403152407	0.0
1.4047768753694139	0.4809170144479939	0.0
1.4062777053644666	0.4804428995316114	0.0
1.4077785353595194	0.4799664072411299	0.0
1.409279365354572	0.47948754928827514	0.0
1.410780195349625	0.47900633742124943	0.0
1.4122810253446778	0.4785227834244329	0.0
1.4137818553397306	0.47803689911817254	0.0
1.4152826853347833	0.47754869635850744	0.0
1.416783515329836	0.4770581870369181	0.0
1.418284345324889	0.4765653830800798	0.0
1.4197851753199418	0.4760702964496014	0.0
1.4212860053149945	0.47557293914177606	0.0
1.4227868353100472	0.4750733231873442	0.0
1.4242876653051002	0.4745714606512108	0.0
1.425788495300153	0.474067363632216	0.0
1.4272893252952057	0.4735610442628693	0.0
1.4287901552902584	0.47305251470909987	0.0
1.4302909852853112	0.47254178717000445	0.0
1.4317918152803641	0.4720288738775863	0.0
1.4332926452754169	0.4715137870965256	0.0
1.4347934752704696	0.4709965391238763	0.0
1.4362943052655224	0.47047714228887727	0.0
1.4377951352605751	0.46995560895265176	0.0
1.439295965255628	0.4694319515079687	0.0
1.4407967952506808	0.46890618237897785	0.0
1.4422976252457336	0.46837831402098773	0.0
1.4437984552407863	0.4678483589201792	0.0
1.4452992852358393	0.4673163295933615	0.0
1.446800115230892	0.4667822385877186	0.0
1.4483009452259448	0.4662460984805618	0.0
1.4498017752209975	0.4657079218790775	0.0
1.4513026052160503	0.4651677214200623	0.0
1.4528034352111032	0.464625509769673	0.0
1.454304265206156	0.46408129962318573	0.0
1.4558050952012087	0.46353510370472806	0.0
1.4573059251962615	0.4629869347670344	0.0
1.4588067551913144	0.4624368055911843	0.0
1.4603075851863672	0.4618847289863631	0.0
1.46180841518142	0.46133071778958923	0.0
1.4633092451764727	0.4607747848654946	0.0
1.4648100751715254	0.4602169431060298	0.0
1.4663109051665784	0.45965720543024396	0.0
1.467811735161631	0.4590955847840197	0.0
1.4693125651566838	0.45853209413982016	0.0
1.4708133951517366	0.45796674649644664	0.0
1.4723142251467896	0.45739955487878337	0.0
1.4738150551418423	0.4568305323375357	0.0
1.475315885136895	0.45625969194898025	0.0
1.4768167151319478	0.4556870468147193	0.0
1.4783175451270005	0.45511261006145104	0.0
1.4798183751220535	0.45453639484067015	0.0
1.4813192051171062	0.453958414328455	0.0
1.482820035112159	0.4533786817252076	0.0
1.4843208651072117	0.4527972102553953	0.0
1.4858216951022647	0.4522140131673183	0.0
1.4873225250973174	0.4516291037328225	0.0
1.4888233550923702	0.45104249524709705	0.0
1.490324185087423	0.45045420102840283	0.0
1.4918250150824757	0.4498642344178094	0.0
1.4933258450775286	0.4492726087789663	0.0
1.4948266750725814	0.4486793374978516	0.0
1.4963275050676341	0.4480844339825051	0.0
1.4978283350626869	0.4474879116627983	0.0
1.4993291650577398	0.4468897839901861	0.0
1.5008299950527926	0.4462900644374419	0.0
1.5023308250478453	0.4456887664984359	0.0
1.503831655042898	0.4450859036878489	0.0
1.5053324850379508	0.4444814895409577	0.0
1.5068333150330038	0.44387553761338666	0.0
1.5083341450280565	0.4432680614808417	0.0
1.5098349750231093	0.4426590747388744	0.0
1.511335805018162	0.44204859100264204	0.0
1.5128366350132147	0.4414366239066294	0.0
1.5143374650082677	0.4408231871044501	0.0
1.5158382950033205	0.44020829426857266	0.0
1.5173391249983732	0.4395919590900624	0.0
1.518839954993426	0.438974195278371	0.0
1.520340784988479	0.4383550165610603	0.0
1.5218416149835317	0.4377344366835649	0.0
1.5233424449785844	0.4371124694089596	0.0
1.5248432749736371	0.43648912851770516	0.0
1.5263441049686899	0.43586442780739865	0.0
1.5278449349637429	0.43523838109254515	0.0
1.5293457649587956	0.43461100220429316	0.0
1.5308465949538483	0.43398230499020124	0.0
1.532347424948901	0.4333523033139988	0.0
1.533848254943954	0.43272101105533084	0.0
1.5353490849390068	0.43208844210952346	0.0
1.5368499149340595	0.43145461038734945	0.0
1.5383507449291123	0.4308195298147616	0.0
1.539851574924165	0.430183214332676	0.0
1.541352404919218	0.42954567789669906	0.0
1.5428532349142707	0.4289069344769201	0.0
1.5443540649093235	0.42826699805763924	0.0
1.5458548949043762	0.4276258826371508	0.0
1.5473557248994292	0.42698360222747556	0.0
1.548856554894482	0.42634017085414044	0.0
1.5503573848895347	0.4256956025559328	0.0
1.5518582148845874	0.4250499113846453	0.0
1.5533590448796402	0.4244031114048525	0.0
1.5548598748746931	0.4237552166936637	0.0
1.5563607048697459	0.42310624134047997	0.0
1.5578615348647986	0.4224561994467598	0.0
1.5593623648598514	0.4218051051257674	0.0
1.5608631948549043	0.4211529725023386	0.0
1.562364024849957	0.4204998157126487	0.0
1.5638648548450098	0.41984564890396037	0.0
1.5653656848400626	0.4191904862343824	0.0
1.5668665148351153	0.41853434187266525	0.0
1.5683673448301683	0.4178772299979069	0.0
1.569868174825221	0.4172191647993374	0.0
1.5713690048202738	0.41656016047610167	0.0
1.5728698348153265	0.41590023123698583	0.0
1.5743706648103792	0.41523939130019594	0.0
1.5758714948054322	0.41457765489312676	0.0
1.577372324800485	0.4139150362521011	0.0
1.5788731547955377	0.41325154962215044	0.0
1.5803739847905904	0.41258720925676745	0.0
1.5818748147856434	0.4119220294176682	0.0
1.5833756447806961	0.41125602437455877	0.0
1.584876474775749	0.41058920840489144	0.0
1.5863773047708016	0.4099215957936232	0.0
1.5878781347658544	0.40925320083299355	0.0
1.5893789647609073	0.4085840378222743	0.0
1.59087979475596	0.4079141210675181	0.0
1.5923806247510128	0.4072434648813666	0.0
1.5938814547460656	0.40657208358274927	0.0
1.5953822847411185	0.4058999914967067	0.0
1.5968831147361713	0.40522720295411047	0.0
1.598383944731224	0.4045537322914372	0.0
1.5998847747262768	0.40387959385053773	0.0
1.6013856047213295	0.4032048019784094	0.0
1.6028864347163825	0.40252937102691944	0.0
1.6043872647114352	0.4018533153526245	0.0
1.605888094706488	0.40117664931647296	0.0
1.6073889247015407	0.4004993872836184	0.0
1.6088897546965937	0.3998215436231493	0.0
1.6103905846916464	0.3991431327078654	0.0
1.6118914146866992	0.39846416891403996	0.0
1.613392244681752	0.3977846666211722	0.0
1.6148930746768047	0.3971046402117826	0.0
1.6163939046718576	0.3964241040711237	0.0
1.6178947346669104	0.3957430725869862	0.0
1.619395564661963	0.39506156014943705	0.0
1.6208963946570158	0.39437958115060023	0.0
1.6223972246520688	0.39369714998441674	0.0
1.6238980546471216	0.39301428104636443	0.0
1.6253988846421743	0.39233098873330435	0.0
1.626899714637227	0.39164728744316707	0.0
1.6284005446322798	0.39096319157474235	0.0
1.6299013746273328	0.39027871552746346	0.0
1.6314022046223855	0.38959387370112925	0.0
1.6329030346174382	0.3889086804956953	0.0
1.634403864612491	0.3882231503110295	0.0
1.635904694607544	0.3875372975466688	0.0
1.6374055246025967	0.38685113660158255	0.0
1.6389063545976494	0.3861646818739389	0.0
1.6404071845927022	0.3854779477608704	0.0
1.641908014587755	0.38479094865822305	0.0
1.643408844582808	0.38410369896031965	0.0
1.6449096745778606	0.38341621305974216	0.0
1.6464105045729134	0.38272850534707564	0.0
1.6479113345679661	0.38204059021066533	0.0
1.6494121645630189	0.38135248203638794	0.0
1.6509129945580718	0.3806641952074122	0.0
1.6524138245531246	0.37997574410395796	0.0
1.6539146545481773	0.3792871431030616	0.0
1.65541548454323	0.3785984065783323	0.0
1.656916314538283	0.3779095488997237	0.0
1.6584171445333358	0.37722058443326345	0.0
1.6599179745283885	0.37653152754085734	0.0
1.6614188045234413	0.3758423925800225	0.0
1.662919634518494	0.37515319390365004	0.0
1.664420464513547	0.37446394585977744	0.0
1.6659212945085997	0.37377466279133553	0.0
1.6674221245036525	0.37308535903592316	0.0
1.6689229544987052	0.3723960489255546	0.0
1.6704237844937582	0.3717067467864234	0.0
1.671924614488811	0.37101746693865917	0.0
1.6734254444838637	0.3703282236961019	0.0
1.6749262744789164	0.36963903136604176	0.0
1.6764271044739691	0.36894990424899615	0.0
1.677927934469022	0.3682608566384526	0.0
1.6794287644640749	0.36757190282064667	0.0
1.6809295944591276	0.3668830570742931	0.0
1.6824304244541803	0.36619433367038	0.0
1.6839312544492333	0.3655057468719034	0.0
1.685432084444286	0.3648173109336262	0.0
1.6869329144393388	0.36412904010185687	0.0
1.6884337444343915	0.3634409486141931	0.0
1.6899345744294443	0.3627530506992699	0.0
1.6914354044244972	0.362065360576543	0.0
1.69293623441955	0.3613778924560126	0.0
1.6944370644146027	0.36069066053803556	0.0
1.6959378944096555	0.3600036790130269	0.0
1.6974387244047084	0.3593169620612505	0.0
1.6989395543997612	0.3586305238525626	0.0
1.700440384394814	0.35794437854616995	0.0
1.7019412143898667	0.35725854029039544	0.0
1.7034420443849194	0.3565730232224377	0.0
1.7049428743799724	0.35588784146811947	0.0
1.7064437043750251	0.3552030091416367	0.0
1.7079445343700779	0.35451854034533337	0.0
1.7094453643651306	0.35383444916946255	0.0
1.7109461943601834	0.35315074969191734	0.0
1.7124470243552363	0.3524674559779991	0.0
1.713947854350289	0.3517845820801883	0.0
1.7154486843453418	0.3511021420378804	0.0
1.7169495143403946	0.3504201498771604	0.0
1.7184503443354475	0.3497386196105357	0.0
1.7199511743305003	0.34905756523672704	0.0
1.721452004325553	0.34837700074038724	0.0
1.7229528343206058	0.3476969400918898	0.0
1.7244536643156585	0.34701739724705194	0.0
1.7259544943107115	0.34633838614692314	0.0
1.7274553243057642	0.3456599207175244	0.0
1.728956154300817	0.3449820148695914	0.0
1.7304569842958697	0.3443046824983575	0.0
1.7319578142909227	0.3436279374833019	0.0
1.7334586442859754	0.3429517936878778	0.0
1.7349594742810281	0.3422762649593193	0.0
1.736460304276081	0.3416013651283441	0.0
1.7379611342711336	0.3409271080089409	0.0
1.7394619642661866	0.34025350739812305	0.0
1.7409627942612393	0.3395805770756736	0.0
1.742463624256292	0.33890833080390564	0.0
1.7439644542513448	0.33823678232741006	0.0
1.7454652842463978	0.33756594537282464	0.0
1.7469661142414505	0.3368958336485938	0.0
1.7484669442365033	0.3362264608446975	0.0
1.749967774231556	0.33555784063242705	0.0
1.7514686042266088	0.33488998666414693	0.0
1.7529694342216617	0.33422291257302217	0.0
1.7544702642167145	0.33355663197280894	0.0
1.7559710942117672	0.33289115845758604	0.0
1.75747192420682	0.3322265056015128	0.0
1.758972754201873	0.3315626869586057	0.0
1.7604735841969257	0.3308997160624657	0.0
1.7619744141919784	0.33023760642605204	0.0
1.7634752441870312	0.3295763715414301	0.0
1.764976074182084	0.32891602487953786	0.0
1.7664769041771369	0.3282565798899314	0.0
1.7679777341721896	0.32759805000054204	0.0
1.7694785641672424	0.32694044861744564	0.0
1.770979394162295	0.32628378912460404	0.0
1.7724802241573479	0.3256280848836327	0.0
1.7739810541524008	0.3249733492335405	0.0
1.7754818841474536	0.3243195954905169	0.0
1.7769827141425063	0.32366683694765835	0.0
1.778483544137559	0.3230150868747432	0.0
1.779984374132612	0.3223643585179829	0.0
1.7814852041276648	0.3217146650997895	0.0
1.7829860341227175	0.32106601981851784	0.0
1.7844868641177702	0.32041843584824004	0.0
1.785987694112823	0.31977192633848617	0.0
1.787488524107876	0.3191265044140322	0.0
1.7889893541029287	0.318482183174607	0.0
1.7904901840979814	0.3178389756947287	0.0
1.7919910140930342	0.31719689502338005	0.0
1.7934918440880872	0.31655595418383314	0.0
1.79499267408314	0.31591616617336904	0.0
1.7964935040781926	0.31527754396307295	0.0
1.7979943340732454	0.31464010049755	0.0
1.7994951640682981	0.3140038486947326	0.0
1.800995994063351	0.31336880144561857	0.0
1.8024968240584038	0.31273497161402153	0.0
1.8039976540534566	0.3121023720363625	0.0
1.8054984840485093	0.3114710155214106	0.0
1.8069993140435623	0.31084091485005105	0.0
1.808500144038615	0.31021208277504997	0.0
1.8100009740336678	0.30958453202081787	0.0
1.8115018040287205	0.3089582752831725	0.0
1.8130026340237733	0.30833332522909646	0.0
1.8145034640188262	0.307709694496524	0.0
1.816004294013879	0.30708739569407384	0.0
1.8175051240089317	0.3064664414008471	0.0
1.8190059540039845	0.3058468441661713	0.0
1.8205067839990374	0.3052286165093794	0.0
1.8220076139940902	0.30461177091956493	0.0
1.823508443989143	0.30399631985535913	0.0
1.8250092739841957	0.3033822757446994	0.0
1.8265101039792484	0.302769650984589	0.0
1.8280109339743014	0.30215845794087665	0.0
1.829511763969354	0.3015487089480279	0.0
1.8310125939644069	0.30094041630886986	0.0
1.8325134239594596	0.30033359229440687	0.0
1.8340142539545126	0.2997282491435494	0.0
1.8355150839495653	0.29912439906290883	0.0
1.837015913944618	0.29852205422656053	0.0
1.8385167439396708	0.2979212267758296	0.0
1.8400175739347235	0.2973219288190472	0.0
1.8415184039297765	0.29672417243133586	0.0
1.8430192339248292	0.2961279696543895	0.0
1.844520063919882	0.2955333324962302	0.0
1.8460208939149347	0.2949402729310141	0.0
1.8475217239099875	0.2943488028987704	0.0
1.8490225539050404	0.29375893430521904	0.0
1.8505233839000932	0.293170679021523	0.0
1.852024213895146	0.29258404888406714	0.0
1.8535250438901987	0.29199905569425993	0.0
1.8550258738852516	0.2914157112182942	0.0
1.8565267038803044	0.29083402718693097	0.0
1.8580275338753571	0.2902540152952894	0.0
1.8595283638704099	0.2896756872026307	0.0
1.8610291938654626	0.289099054532128	0.0
1.8625300238605156	0.2885241288706684	0.0
1.8640308538555683	0.2879509217686228	0.0
1.865531683850621	0.2873794447396453	0.0
1.8670325138456738	0.28680970926045124	0.0
1.8685333438407268	0.28624172677061027	0.0
1.8700341738357795	0.2856755086723358	0.0
1.8715350038308323	0.28511106633026667	0.0
1.873035833825885	0.2845484110712676	0.0
1.8745366638209378	0.28398755418421173	0.0
1.8760374938159907	0.28342850691977794	0.0
1.8775383238110435	0.2828712804902513	0.0
1.8790391538060962	0.28231588606930136	0.0
1.880539983801149	0.28176233479178603	0.0
1.882040813796202	0.2812106377535521	0.0
1.8835416437912547	0.2806608060112183	0.0
1.8850424737863074	0.28011285058199176	0.0
1.8865433037813601	0.27956678244344607	0.0
1.888044133776413	0.27902261253334226	0.0
1.8895449637714659	0.2784803517494108	0.0
1.8910457937665186	0.2779400109491722	0.0
1.8925466237615713	0.27740160094971716	0.0
1.894047453756624	0.2768651325275317	0.0
1.895548283751677	0.2763306164182908	0.0
1.8970491137467298	0.27579806331666096	0.0
1.8985499437417825	0.2752674838761251	0.0
1.9000507737368353	0.2747388887087643	0.0
1.901551603731888	0.2742122883850973	0.0
1.903052433726941	0.2736876934338619	0.0
1.9045532637219937	0.2731651143418377	0.0
1.9060540937170465	0.27264456155366756	0.0
1.9075549237120992	0.2721260454716528	0.0
1.909055753707152	0.2716095764555938	0.0
1.910556583702205	0.27109516482257584	0.0
1.9120574136972577	0.27058282084680096	0.0
1.9135582436923104	0.2700725547594025	0.0
1.9150590736873632	0.26956437674827627	0.0
1.9165599036824161	0.26905829695787875	0.0
1.9180607336774689	0.26855432548907027	0.0
1.9195615636725216	0.2680524723989197	0.0
1.9210623936675744	0.26755274770053256	0.0
1.922563223662627	0.2670551613628926	0.0
1.92406405365768	0.26655972331066635	0.0
1.9255648836527328	0.26606644342403196	0.0
1.9270657136477856	0.2655753315385229	0.0
1.9285665436428383	0.26508639744484225	0.0
1.9300673736378913	0.26459965088870513	0.0
1.931568203632944	0.26411510157065526	0.0
1.9330690336279968	0.26363275914591733	0.0
1.9345698636230495	0.2631526332242172	0.0
1.9360706936181022	0.26267473336962194	0.0
1.9375715236131552	0.2621990691003823	0.0
1.939072353608208	0.2617256498887612	0.0
1.9405731836032607	0.2612544851608765	0.0
1.9420740135983134	0.26078558429654103	0.0
1.9435748435933664	0.26031895662911264	0.0
1.9450756735884192	0.2598546114453251	0.0
1.946576503583472	0.25939255798513594	0.0
1.9480773335785246	0.25893280544158065	0.0
1.9495781635735774	0.2584753629606084	0.0
1.9510789935686303	0.25802023964093324	0.0
1.952579823563683	0.25756744453389036	0.0
1.9540806535587358	0.25711698664328114	0.0
1.9555814835537886	0.25666887492521284	0.0
1.9570823135488415	0.25622311828798233	0.0
1.9585831435438943	0.2557797255919078	0.0
1.960083973538947	0.25533870564917527	0.0
1.9615848035339998	0.2549000672237328	0.0
1.9630856335290525	0.25446381903110893	0.0
1.9645864635241055	0.25402996973829683	0.0
1.9660872935191582	0.2535985279636139	0.0
1.967588123514211	0.2531695022765489	0.0
1.9690889535092637	0.25274290119763676	0.0
1.9705897835043167	0.2523187331983255	0.0
1.9720906134993694	0.25189700670084114	0.0
1.9735914434944222	0.2514777300780471	0.0
1.975092273489475	0.2510609116533299	0.0
1.9765931034845277	0.25064655970044375	0.0
1.9780939334795806	0.2502346824434094	0.0
1.9795947634746334	0.24982528805637105	0.0
1.9810955934696861	0.24941838466346958	0.0
1.9825964234647389	0.2490139803387285	0.0
1.9840972534597916	0.248612083105931	0.0
1.9855980834548446	0.24821270093848086	0.0
1.9870989134498973	0.24781584175929444	0.0
1.98859974344495	0.2474215134406857	0.0
1.9901005734400028	0.2470297238042411	0.0
1.9916014034350558	0.2466404806207012	0.0
1.9931022334301085	0.2462537916098513	0.0
1.9946030634251612	0.24586966444040512	0.0
1.996103893420214	0.24548810672989324	0.0
1.9976047234152667	0.2451091260445466	0.0
1.9991055534103197	0.24473272989918837	0.0
2.0006063834053722	0.24435892575713297	0.0
2.0021072134004254	0.24398772103007008	0.0
2.003608043395478	0.24361912307796	0.0
2.005108873390531	0.2432531392089308	0.0
2.0066097033855836	0.24288977667917366	0.0
2.0081105333806364	0.24252904269283773	0.0
2.009611363375689	0.24217094440193984	0.0
2.011112193370742	0.24181548890624813	0.0
2.0126130233657946	0.24146268325319944	0.0
2.0141138533608474	0.24111253443778902	0.0
2.0156146833559005	0.24076504940248053	0.0
2.0171155133509533	0.24042023503711896	0.0
2.018616343346006	0.2400780981788246	0.0
2.020117173341059	0.2397386456119143	0.0
2.0216180033361115	0.23940188406779195	0.0
2.0231188333311643	0.23906782022487577	0.0
2.024619663326217	0.23873646070850632	0.0
2.0261204933212698	0.238407812090857	0.0
2.0276213233163225	0.23808188089084428	0.0
2.0291221533113757	0.2377586735740476	0.0
2.0306229833064284	0.23743819655263768	0.0
2.032123813301481	0.2371204561852747	0.0
2.033624643296534	0.2368054587770374	0.0
2.0351254732915867	0.2364932105793378	0.0
2.0366263032866394	0.2361837177898575	0.0
2.038127133281692	0.23587698655245143	0.0
2.039627963276745	0.23557302295708338	0.0
2.0411287932717976	0.2352718330397582	0.0
2.042629623266851	0.2349734227824274	0.0
2.0441304532619036	0.23467779811293327	0.0
2.0456312832569563	0.23438496490493407	0.0
2.047132113252009	0.23409492897783243	0.0
2.048632943247062	0.2338076960967066	0.0
2.0501337732421145	0.2335232719722483	0.0
2.0516346032371673	0.23324166226068624	0.0
2.05313543323222	0.2329628725637368	0.0
2.0546362632272728	0.23268690842851614	0.0
2.056137093222326	0.2324137753475024	0.0
2.0576379232173787	0.23214347875845923	0.0
2.0591387532124314	0.23187602404437915	0.0
2.060639583207484	0.2316114165334246	0.0
2.062140413202537	0.23134966149886843	0.0
2.0636412431975897	0.23109076415903695	0.0
2.0651420731926424	0.23083472967725205	0.0
2.066642903187695	0.23058156316178685	0.0
2.068143733182748	0.23033126966579942	0.0
2.069644563177801	0.23008385418728292	0.0
2.071145393172854	0.2298393216690111	0.0
2.0726462231679066	0.2295976769985006	0.0
2.0741470531629593	0.2293589250079482	0.0
2.075647883158012	0.2291230704741894	0.0
2.077148713153065	0.22889011811864998	0.0
2.0786495431481176	0.22866007260729496	0.0
2.0801503731431703	0.22843293855058652	0.0
2.081651203138223	0.22820872050344398	0.0
2.083152033133276	0.22798742296519792	0.0
2.084652863128329	0.22776905037954492	0.0
2.0861536931233817	0.22755360713450876	0.0
2.0876545231184345	0.22734109756240772	0.0
2.089155353113487	0.22713152593979608	0.0
2.09065618310854	0.22692489648745465	0.0
2.0921570131035927	0.22672121337031942	0.0
2.0936578430986454	0.22652048069748046	0.0
2.095158673093698	0.22632270252211878	0.0
2.096659503088751	0.22612788284148888	0.0
2.098160333083804	0.2259360255968814	0.0
2.099661163078857	0.22574713467359367	0.0
2.1011619930739096	0.22556121390088577	0.0
2.1026628230689623	0.22537826705196823	0.0
2.104163653064015	0.2251982978439616	0.0
2.105664483059068	0.22502130993786987	0.0
2.1071653130541206	0.22484730693855826	0.0
2.1086661430491733	0.22467629239471953	0.0
2.110166973044226	0.2245082697988545	0.0
2.1116678030392793	0.2243432425872426	0.0
2.113168633034332	0.22418121413992345	0.0
2.1146694630293847	0.22402218778066335	0.0
2.1161702930244375	0.22386616677695162	0.0
2.1176711230194902	0.22371315433996314	0.0
2.119171953014543	0.22356315362454968	0.0
2.1206727830095957	0.2234161677292099	0.0
2.1221736130046485	0.22327219969607706	0.0
2.123674442999701	0.2231312525109025	0.0
2.1251752729947544	0.22299332910303837	0.0
2.126676102989807	0.2228584323454204	0.0
2.12817693298486	0.22272656505455293	0.0
2.1296777629799126	0.22259772999049698	0.0
2.1311785929749654	0.22247192985685268	0.0
2.132679422970018	0.22234916730074855	0.0
2.134180252965071	0.22222944491283994	0.0
2.1356810829601236	0.22211276522728388	0.0
2.1371819129551763	0.22199913072172892	0.0
2.1386827429502295	0.22188854381731954	0.0
2.1401835729452823	0.22178100687867633	0.0
2.141684402940335	0.22167652221389594	0.0
2.1431852329353878	0.22157509207453402	0.0
2.1446860629304405	0.22147671865561303	0.0
2.1461868929254933	0.2213814040956024	0.0
2.147687722920546	0.2212891504764291	0.0
2.1491885529155987	0.22119995982345816	0.0
2.1506893829106515	0.2211138341055042	0.0
2.1521902129057047	0.22103077523482043	0.0
2.1536910429007574	0.22095078506710356	0.0
2.15519187289581	0.2208738654014817	0.0
2.156692702890863	0.22080001798053162	0.0
2.1581935328859156	0.22072924449026232	0.0
2.1596943628809684	0.22066154656012896	0.0
2.161195192876021	0.22059692576302975	0.0
2.162696022871074	0.2205353836153143	0.0
2.1641968528661266	0.220476921576776	0.0
2.16569768286118	0.22042154105066664	0.0
2.1671985128562326	0.22036924338370478	0.0
2.1686993428512853	0.2203200298660674	0.0
2.170200172846338	0.22027390173141007	0.0
2.171701002841391	0.22023086015686458	0.0
2.1732018328364435	0.22019090626305782	0.0
2.1747026628314963	0.2201540411141102	0.0
2.176203492826549	0.22012026571765575	0.0
2.1777043228216018	0.22008958102483775	0.0
2.179205152816655	0.22006198793033224	0.0
2.1807059828117077	0.22003748727235553	0.0
2.1822068128067604	0.22001607983267868	0.0
2.183707642801813	0.2199977663366317	0.0
2.185208472796866	0.21998254745312662	0.0
2.1867093027919187	0.21997042379467166	0.0
2.1882101327869714	0.21996139591737832	0.0
2.189710962782024	0.2199554643209842	0.0
2.191211792777077	0.2199526294488707	0.0
2.19271262277213	0.2199528916880702	0.0
2.194213452767183	0.2199562513692997	0.0
2.1957142827622356	0.21996270876695326	0.0
2.1972151127572883	0.2199722640991577	0.0
2.198715942752341	0.2199849175277577	0.0
2.200216772747394	0.22000066915835667	0.0
2.2017176027424465	0.2200195190403285	0.0
2.2032184327374993	0.22004146716684728	0.0
2.204719262732552	0.2200665134748944	0.0
2.2062200927276048	0.2200946578453111	0.0
2.207720922722658	0.2201259001027854	0.0
2.2092217527177107	0.22016024001589987	0.0
2.2107225827127635	0.22019767729715461	0.0
2.212223412707816	0.22023821160298696	0.0
2.213724242702869	0.22028184253379893	0.0
2.2152250726979217	0.2203285696339862	0.0
2.2167259026929744	0.22037839239196724	0.0
2.218226732688027	0.22043131024020893	0.0
2.21972756268308	0.22048732255525805	0.0
2.221228392678133	0.22054642865776794	0.0
2.222729222673186	0.22060862781252355	0.0
2.2242300526682386	0.22067391922849144	0.0
2.2257308826632913	0.220742302058828	0.0
2.227231712658344	0.22081377540093622	0.0
2.228732542653397	0.2208883382964711	0.0
2.2302333726484496	0.22096598973139928	0.0
2.2317342026435023	0.22104672863601577	0.0
2.233235032638555	0.22113055388498054	0.0
2.2347358626336082	0.2212174642973733	0.0
2.236236692628661	0.22130745863670392	0.0
2.2377375226237137	0.22140053561096606	0.0
2.2392383526187665	0.22149669387266768	0.0
2.240739182613819	0.2215959320188752	0.0
2.242240012608872	0.2216982485912441	0.0
2.2437408426039247	0.22180364207607045	0.0
2.2452416725989774	0.22191211090431942	0.0
2.24674250259403	0.22202365345167469	0.0
2.2482433325890834	0.22213826803857734	0.0
2.249744162584136	0.22225595293026787	0.0
2.251244992579189	0.2223767063368317	0.0
2.2527458225742416	0.2225005264132451	0.0
2.2542466525692944	0.2226274112594141	0.0
2.255747482564347	0.22275735892021895	0.0
2.2572483125594	0.22289036738557375	0.0
2.2587491425544526	0.22302643459045213	0.0
2.2602499725495053	0.22316555841495594	0.0
2.2617508025445585	0.22330773668434808	0.0
2.2632516325396113	0.22345296716911203	0.0
2.264752462534664	0.22360124758499622	0.0
2.2662532925297167	0.22375257559306586	0.0
2.2677541225247695	0.22390694879975184	0.0
2.2692549525198222	0.22406436475690333	0.0
2.270755782514875	0.2242248209618487	0.0
2.2722566125099277	0.2243883148574358	0.0
2.2737574425049805	0.22455484383209787	0.0
2.2752582725000337	0.22472440521989795	0.0
2.2767591024950864	0.224896996300602	0.0
2.278259932490139	0.22507261429970632	0.0
2.279760762485192	0.22525125638852814	0.0
2.2812615924802446	0.2254329196842386	0.0
2.2827624224752974	0.22561760124993493	0.0
2.28426325247035	0.22580529809469718	0.0
2.285764082465403	0.22599600717364468	0.0
2.2872649124604556	0.22618972538800358	0.0
2.288765742455509	0.22638644958516466	0.0
2.2902665724505615	0.22658617655874655	0.0
2.2917674024456143	0.22678890304866436	0.0
2.293268232440667	0.22699462574118423	0.0
2.2947690624357198	0.22720334126900082	0.0
2.2962698924307725	0.22741504621129144	0.0
2.2977707224258253	0.22762973709379158	0.0
2.299271552420878	0.22784741038885767	0.0
2.3007723824159307	0.22806806251554462	0.0
2.302273212410984	0.22829168983966625	0.0
2.3037740424060367	0.22851828867386653	0.0
2.3052748724010894	0.22874785527769323	0.0
2.306775702396142	0.22898038585767086	0.0
2.308276532391195	0.22921587656737083	0.0
2.3097773623862476	0.2294543235074874	0.0
2.3112781923813004	0.22969572272591343	0.0
2.312779022376353	0.22994007021781052	0.0
2.314279852371406	0.23018736192568762	0.0
2.315780682366459	0.23043759373949246	0.0
2.317281512361512	0.2306907614966613	0.0
2.3187823423565646	0.23094686098222567	0.0
2.3202831723516173	0.23120588792887894	0.0
2.32178400234667	0.2314678380170519	0.0
2.323284832341723	0.2317327068750111	0.0
2.3247856623367755	0.23200049007892906	0.0
2.3262864923318283	0.2322711831529697	0.0
2.327787322326881	0.23254478156938452	0.0
2.329288152321934	0.23282128074857592	0.0
2.330788982316987	0.23310067605920476	0.0
2.3322898123120397	0.23338296281826887	0.0
2.3337906423070924	0.2336681362911891	0.0
2.335291472302145	0.2339561916919082	0.0
2.336792302297198	0.23424712418297006	0.0
2.3382931322922507	0.23454092887562106	0.0
2.3397939622873034	0.23483760082989083	0.0
2.341294792282356	0.23513713505469683	0.0
2.342795622277409	0.2354395265079315	0.0
2.344296452272462	0.23574477009657116	0.0
2.345797282267515	0.23605286067674536	0.0
2.3472981122625676	0.23636379305385782	0.0
2.3487989422576203	0.2366775619826808	0.0
2.350299772252673	0.2369941621674456	0.0
2.351800602247726	0.23731358826194454	0.0
2.3533014322427785	0.23763583486964882	0.0
2.3548022622378313	0.23796089654378413	0.0
2.356303092232884	0.23828876778745486	0.0
2.357803922227937	0.23861944305373894	0.0
2.35930475222299	0.23895291674579686	0.0
2.3608055822180427	0.2392891832169771	0.0
2.3623064122130955	0.23962823677091852	0.0
2.363807242208148	0.23997007166167056	0.0
2.365308072203201	0.24031468209379875	0.0
2.3668089021982537	0.24066206222247874	0.0
2.3683097321933064	0.24101220615363264	0.0
2.369810562188359	0.24136510794402924	0.0
2.3713113921834124	0.24172076160140113	0.0
2.372812222178465	0.2420791610845541	0.0
2.374313052173518	0.24244030030348548	0.0
2.3758138821685706	0.2428041731195141	0.0
2.3773147121636233	0.24317077334536905	0.0
2.378815542158676	0.24354009474534152	0.0
2.380316372153729	0.24391213103538487	0.0
2.3818172021487816	0.24428687588323725	0.0
2.3833180321438343	0.24466432290855405	0.0
2.3848188621388875	0.245044465683023	0.0
2.3863196921339402	0.24542729773048894	0.0
2.387820522128993	0.24581281252707748	0.0
2.3893213521240457	0.24620100350133656	0.0
2.3908221821190985	0.24659186403434846	0.0
2.392323012114151	0.2469853874598588	0.0
2.393823842109204	0.2473815670644172	0.0
2.3953246721042567	0.24778039608750244	0.0
2.3968255020993094	0.2481818677216538	0.0
2.3983263320943626	0.24858597511259986	0.0
2.3998271620894154	0.2489927113594032	0.0
2.401327992084468	0.24940206951459157	0.0
2.402828822079521	0.24981404258429216	0.0
2.4043296520745736	0.25022862352837116	0.0
2.4058304820696264	0.25064580526057195	0.0
2.407331312064679	0.25106558064865814	0.0
2.408832142059732	0.25148794251455153	0.0
2.4103329720547846	0.251912883634464	0.0
2.4118338020498378	0.25234039673907077	0.0
2.4133346320448905	0.25277047451362467	0.0
2.4148354620399433	0.25320310959810455	0.0
2.416336292034996	0.25363829458738	0.0
2.4178371220300487	0.254076022031354	0.0
2.4193379520251015	0.25451628443508956	0.0
2.4208387820201542	0.25495907425898423	0.0
2.422339612015207	0.25540438391891396	0.0
2.4238404420102597	0.2558522057863827	0.0
2.425341272005313	0.256302532188679	0.0
2.4268421020003657	0.25675535540901523	0.0
2.4283429319954184	0.25721066768671885	0.0
2.429843761990471	0.257668461217348	0.0
2.431344591985524	0.2581287281528747	0.0
2.4328454219805766	0.258591460601823	0.0
2.4343462519756294	0.25905665062945854	0.0
2.435847081970682	0.25952429025791673	0.0
2.437347911965735	0.2599943714663901	0.0
2.438848741960788	0.26046688619127395	0.0
2.440349571955841	0.26094182632634205	0.0
2.4418504019508935	0.2614191837228989	0.0
2.4433512319459463	0.2618989501899581	0.0
2.444852061940999	0.26238111749440934	0.0
2.4463528919360518	0.262865677361174	0.0
2.4478537219311045	0.2633526214733831	0.0
2.4493545519261573	0.26384194147255674	0.0
2.45085538192121	0.264333628958757	0.0
2.452356211916263	0.2648276754907688	0.0
2.453857041911316	0.2653240725862735	0.0
2.4553578719063687	0.26582281172203054	0.0
2.4568587019014214	0.2663238843340366	0.0
2.458359531896474	0.2668272818177208	0.0
2.459860361891527	0.2673329955281051	0.0
2.4613611918865796	0.2678410167799936	0.0
2.4628620218816324	0.2683513368481497	0.0
2.464362851876685	0.26886394696748184	0.0
2.4658636818717383	0.26937883833320125	0.0
2.467364511866791	0.26989600210104386	0.0
2.468865341861844	0.27041542938741503	0.0
2.4703661718568966	0.2709371112696087	0.0
2.4718670018519493	0.2714610387859649	0.0
2.473367831847002	0.27198720293606476	0.0
2.474868661842055	0.2725155946809305	0.0
2.4763694918371075	0.2730462049431933	0.0
2.4778703218321603	0.2735790246073022	0.0
2.479371151827213	0.2741140445196906	0.0
2.480871981822266	0.2746512554890074	0.0
2.482372811817319	0.27519064828625545	0.0
2.4838736418123717	0.2757322136450329	0.0
2.4853744718074244	0.27627594226169655	0.0
2.486875301802477	0.27682182479556966	0.0
2.48837613179753	0.2773698518691372	0.0
2.4898769617925827	0.2779200140682376	0.0
2.4913777917876354	0.2784723019422677	0.0
2.492878621782688	0.2790267060043651	0.0
2.4943794517777413	0.27958321673163544	0.0
2.495880281772794	0.2801418245653256	0.0
2.497381111767847	0.2807025199110386	0.0
2.4988819417628996	0.2812652931389309	0.0
2.5003827717579523	0.2818301345839131	0.0
2.501883601753005	0.2823970345458609	0.0
2.503384431748058	0.2829659832898033	0.0
2.5048852617431105	0.2835369710461603	0.0
2.5063860917381633	0.28410998801090337	0.0
2.5078869217332165	0.28468502434579607	0.0
2.5093877517282692	0.28526207017860244	0.0
2.510888581723322	0.28584111560325876	0.0
2.5123894117183747	0.28642215068013793	0.0
2.5138902417134275	0.2870051654362025	0.0
2.51539107170848	0.2875901498652548	0.0
2.516891901703533	0.2881770939281273	0.0
2.5183927316985857	0.2887659875529114	0.0
2.5198935616936384	0.28935682063515616	0.0
2.5213943916886916	0.28994958303807583	0.0
2.5228952216837444	0.29054426459278165	0.0
2.524396051678797	0.29114085509849535	0.0
2.52589688167385	0.29173934432274345	0.0
2.5273977116689026	0.2923397220015963	0.0
2.5288985416639553	0.2929419778398632	0.0
2.530399371659008	0.2935461015113405	0.0
2.531900201654061	0.2941520826589944	0.0
2.5334010316491136	0.29475991089519393	0.0
2.5349018616441668	0.2953695758019433	0.0
2.5364026916392195	0.2959810669310792	0.0
2.5379035216342722	0.29659437380450193	0.0
2.539404351629325	0.29720948591440155	0.0
2.5409051816243777	0.2978263927234666	0.0
2.5424060116194305	0.2984450836651146	0.0
2.543906841614483	0.2990655481437095	0.0
2.545407671609536	0.2996877755347845	0.0
2.5469085016045887	0.30031175518527026	0.0
2.548409331599642	0.3009374764137081	0.0
2.5499101615946946	0.3015649285105075	0.0
2.5514109915897474	0.3021941007381097	0.0
2.5529118215848	0.3028249823312795	0.0
2.554412651579853	0.30345756249727396	0.0
2.5559134815749056	0.3040918304161185	0.0
2.5574143115699584	0.30472777524078953	0.0
2.558915141565011	0.30536538609747005	0.0
2.560415971560064	0.30600465208577315	0.0
2.561916801555117	0.30664556227896306	0.0
2.5634176315501698	0.30728810572417575	0.0
2.5649184615452225	0.3079322714426634	0.0
2.5664192915402753	0.3085780484300219	0.0
2.567920121535328	0.3092254256564051	0.0
2.5694209515303807	0.30987439206677686	0.0
2.5709217815254335	0.31052493658111524	0.0
2.5724226115204862	0.3111770480946583	0.0
2.573923441515539	0.3118307154781399	0.0
2.575424271510592	0.3124859275780088	0.0
2.576925101505645	0.313142673216659	0.0
2.5784259315006977	0.3138009411926636	0.0
2.5799267614957504	0.31446072028102656	0.0
2.581427591490803	0.31512199923337253	0.0
2.582928421485856	0.3157847667782141	0.0
2.5844292514809086	0.31644901162117994	0.0
2.5859300814759614	0.31711472244522776	0.0
2.587430911471014	0.3177818879108987	0.0
2.5889317414660673	0.31845049665652936	0.0
2.59043257146112	0.3191205372985116	0.0
2.591933401456173	0.31979199843149714	0.0
2.5934342314512255	0.32046486862864804	0.0
2.5949350614462783	0.32113913644186926	0.0
2.596435891441331	0.3218147904020408	0.0
2.5979367214363838	0.32249181901924506	0.0
2.5994375514314365	0.3231702107830108	0.0
2.6009383814264893	0.3238499541625379	0.0
2.6024392114215424	0.3245310376069444	0.0
2.603940041416595	0.32521344954547743	0.0
2.605440871411648	0.32589717838776944	0.0
2.6069417014067007	0.32658221252407665	0.0
2.6084425314017534	0.32726854032548075	0.0
2.609943361396806	0.3279561501441568	0.0
2.611444191391859	0.3286450303135948	0.0
2.6129450213869116	0.3293351691488273	0.0
2.6144458513819644	0.3300265549466826	0.0
2.615946681377017	0.330719175985997	0.0
2.6174475113720703	0.3314130205278644	0.0
2.618948341367123	0.3321080768158704	0.0
2.620449171362176	0.3328043330763151	0.0
2.6219500013572286	0.3335017775184575	0.0
2.6234508313522813	0.33420039833474596	0.0
2.624951661347334	0.33490018370105357	0.0
2.626452491342387	0.33560112177690765	0.0
2.6279533213374395	0.3363032007057497	0.0
2.6294541513324923	0.3370064086151171	0.0
2.6309549813275455	0.3377107336169333	0.0
2.632455811322598	0.33841616380769945	0.0
2.633956641317651	0.3391226872687538	0.0
2.6354574713127037	0.3398302920664842	0.0
2.6369583013077564	0.3405389662525976	0.0
2.638459131302809	0.3412486978643053	0.0
2.639959961297862	0.34195947492459167	0.0
2.6414607912929147	0.34267128544243225	0.0
2.6429616212879674	0.3433841174130355	0.0
2.6444624512830206	0.34409795881805694	0.0
2.6459632812780733	0.3448127976258584	0.0
2.647464111273126	0.345528621791723	0.0
2.648964941268179	0.34624541925808583	0.0
2.6504657712632316	0.3469631779547759	0.0
2.6519666012582843	0.3476818857992352	0.0
2.653467431253337	0.34840153069676766	0.0
2.65496826124839	0.34912210054075615	0.0
2.6564690912434425	0.34984358321289566	0.0
2.6579699212384957	0.3505659665834254	0.0
2.6594707512335485	0.35128923851136273	0.0
2.6609715812286012	0.35201338684473915	0.0
2.662472411223654	0.3527383994208077	0.0
2.6639732412187067	0.3534642640662988	0.0
2.6654740712137595	0.35419096859762667	0.0
2.666974901208812	0.3549185008211385	0.0
2.668475731203865	0.35564684853333056	0.0
2.6699765611989177	0.3563759995210908	0.0
2.671477391193971	0.3571059415619043	0.0
2.6729782211890236	0.3578366624241007	0.0
2.6744790511840764	0.3585681498670868	0.0
2.675979881179129	0.3593003916415522	0.0
2.677480711174182	0.360033375489707	0.0
2.6789815411692346	0.36076708914551625	0.0
2.6804823711642873	0.36150152033491845	0.0
2.68198320115934	0.36223665677605155	0.0
2.683484031154393	0.3629724861794834	0.0
2.684984861149446	0.3637089962484334	0.0
2.6864856911444988	0.3644461746790007	0.0
2.6879865211395515	0.36518400916038524	0.0
2.6894873511346042	0.3659224873751168	0.0
2.690988181129657	0.3666615969992864	0.0
2.6924890111247097	0.36740132570274725	0.0
2.6939898411197625	0.36814166114936064	0.0
2.695490671114815	0.3688825909972071	0.0
2.696991501109868	0.3696241028988254	0.0
2.698492331104921	0.3703661845014025	0.0
2.699993161099974	0.3711088234470317	0.0
2.7014939910950266	0.37185200737291985	0.0
2.7029948210900794	0.37259572391160367	0.0
2.704495651085132	0.37333996069117426	0.0
2.705996481080185	0.3740847053355026	0.0
2.7074973110752376	0.3748299454644635	0.0
2.7089981410702904	0.3755756686941368	0.0
2.710498971065343	0.3763218626370397	0.0
2.7119998010603963	0.3770685149023549	0.0
2.713500631055449	0.3778156130961374	0.0
2.7150014610505018	0.37856314482152387	0.0
2.7165022910455545	0.37931109767897836	0.0
2.7180031210406073	0.3800594592664896	0.0
2.71950395103566	0.3808082171797925	0.0
2.7210047810307127	0.38155735901258553	0.0
2.7225056110257655	0.3823068723567553	0.0
2.7240064410208182	0.383056744802575	0.0
2.7255072710158714	0.38380696393893826	0.0
2.727008101010924	0.384557517353564	0.0
2.728508931005977	0.3853083926332175	0.0
2.7300097610010297	0.38605957736392277	0.0
2.7315105909960824	0.38681105913118347	0.0
2.733011420991135	0.3875628255201834	0.0
2.734512250986188	0.3883148641160019	0.0
2.7360130809812406	0.3890671625038452	0.0
2.7375139109762934	0.3898197082692422	0.0
2.7390147409713466	0.3905724889982639	0.0
2.7405155709663993	0.3913254922777315	0.0
2.742016400961452	0.39207870569543035	0.0
2.743517230956505	0.3928321168403272	0.0
2.7450180609515575	0.39358571330277303	0.0
2.7465188909466103	0.3943394826747158	0.0
2.748019720941663	0.39509341254991653	0.0
2.7495205509367158	0.39584749052414947	0.0
2.7510213809317685	0.396601704195415	0.0
2.7525222109268213	0.3973560411641641	0.0
2.7540230409218744	0.3981104890334843	0.0
2.755523870916927	0.398865035409314	0.0
2.75702470091198	0.39961966790067094	0.0
2.7585255309070327	0.40037437411983434	0.0
2.7600263609020854	0.4011291416825607	0.0
2.761527190897138	0.4018839582083061	0.0
2.763028020892191	0.4026388113204093	0.0
2.7645288508872436	0.4033936886463145	0.0
2.7660296808822964	0.4041485778177679	0.0
2.7675305108773496	0.404903466471033	0.0
2.7690313408724023	0.40565834224709474	0.0
2.770532170867455	0.4064131927918566	0.0
2.772033000862508	0.40716800575636364	0.0
2.7735338308575606	0.4079227687969765	0.0
2.7750346608526133	0.40867746957559553	0.0
2.776535490847666	0.4094320957598815	0.0
2.778036320842719	0.4101866350234263	0.0
2.7795371508377715	0.41094107504597727	0.0
2.7810379808328247	0.4116954035136322	0.0
2.7825388108278775	0.41244960811904396	0.0
2.78403964082293	0.41320367656162665	0.0
2.785540470817983	0.41395759654776254	0.0
2.7870413008130357	0.41471135579097784	0.0
2.7885421308080884	0.41546494201218404	0.0
2.790042960803141	0.4162183429398468	0.0
2.791543790798194	0.4169715463102102	0.0
2.7930446207932467	0.41772453986747177	0.0
2.7945454507883	0.4184773113639988	0.0
2.7960462807833526	0.4192298485605555	0.0
2.7975471107784053	0.4199821392264378	0.0
2.799047940773458	0.4207341711397369	0.0
2.800548770768511	0.421485932087516	0.0
2.8020496007635636	0.42223740986597874	0.0
2.8035504307586163	0.4229885922807316	0.0
2.805051260753669	0.4237394671469318	0.0
2.806552090748722	0.4244900222895105	0.0
2.808052920743775	0.4252402455433535	0.0
2.8095537507388277	0.4259901247535136	0.0
2.8110545807338805	0.4267396477754152	0.0
2.8125554107289332	0.42748880247501986	0.0
2.814056240723986	0.4282375767290654	0.0
2.8155570707190387	0.4289859584252386	0.0
2.8170579007140915	0.4297339354623733	0.0
2.818558730709144	0.43048149575066125	0.0
2.820059560704197	0.43122862721184224	0.0
2.82156039069925	0.4319753177793733	0.0
2.823061220694303	0.4327215553986869	0.0
2.8245620506893556	0.4334673280273147	0.0
2.8260628806844084	0.4342126236351477	0.0
2.827563710679461	0.43495743020458677	0.0
2.829064540674514	0.4357017357307759	0.0
2.8305653706695666	0.43644552822175564	0.0
2.8320662006646193	0.4371887956986959	0.0
2.833567030659672	0.4379315261960756	0.0
2.8350678606547253	0.438673707761865	0.0
2.836568690649778	0.43941532845775294	0.0
2.8380695206448308	0.4401563763593136	0.0
2.8395703506398835	0.4408968395562056	0.0
2.8410711806349362	0.4416367061523795	0.0
2.842572010629989	0.44237596426627657	0.0
2.8440728406250417	0.44311460203099257	0.0
2.8455736706200945	0.4438526075944921	0.0
2.847074500615147	0.4445899691198135	0.0
2.8485753306102004	0.44532667478524174	0.0
2.850076160605253	0.44606271278451376	0.0
2.851576990600306	0.44679807132701244	0.0
2.8530778205953586	0.44753273863794274	0.0
2.8545786505904114	0.4482667029585641	0.0
2.856079480585464	0.4489999525463449	0.0
2.857580310580517	0.4497324756751728	0.0
2.8590811405755696	0.45046426063554323	0.0
2.8605819705706224	0.451195295734762	0.0
2.8620828005656755	0.45192556929712197	0.0
2.8635836305607283	0.45265506966411795	0.0
2.865084460555781	0.45338378519461264	0.0
2.8665852905508338	0.4541117042650639	0.0
2.8680861205458865	0.45483881526968034	0.0
2.8695869505409393	0.4555651066206292	0.0
2.871087780535992	0.4562905667482374	0.0
2.8725886105310448	0.45701518410117914	0.0
2.8740894405260975	0.45773894714665425	0.0
2.8755902705211502	0.45846184437060894	0.0
2.8770911005162034	0.4591838642779006	0.0
2.878591930511256	0.459904995392507	0.0
2.880092760506309	0.460625226257706	0.0
2.8815935905013617	0.46134454543626574	0.0
2.8830944204964144	0.46206294151066507	0.0
2.884595250491467	0.46278040308325474	0.0
2.88609608048652	0.4634969187764512	0.0
2.8875969104815726	0.46421247723294395	0.0
2.8890977404766254	0.46492706711587817	0.0
2.8905985704716786	0.46564067710904544	0.0
2.8920994004667313	0.4663532959170798	0.0
2.893600230461784	0.46706491226563646	0.0
2.895101060456837	0.46777551490161184	0.0
2.8966018904518895	0.46848509259329446	0.0
2.8981027204469423	0.469193634130595	0.0
2.899603550441995	0.4699011283252134	0.0
2.9011043804370478	0.47060756401083614	0.0
2.9026052104321005	0.47131293004332814	0.0
2.9041060404271537	0.47201721530092267	0.0
2.9056068704222064	0.47272040868440807	0.0
2.907107700417259	0.47342249911733875	0.0
2.908608530412312	0.47412347554618894	0.0
2.9101093604073647	0.47482332694058454	0.0
2.9116101904024174	0.4755220422934687	0.0
2.91311102039747	0.47621961062129214	0.0
2.914611850392523	0.4769160209642108	0.0
2.9161126803875757	0.4776112623862672	0.0
2.917613510382629	0.4783053239756045	0.0
2.9191143403776816	0.47899819484462464	0.0
2.9206151703727343	0.4796898641302072	0.0
2.922116000367787	0.48038032099387173	0.0
2.92361683036284	0.4810695546220013	0.0
2.9251176603578926	0.48175755422598604	0.0
2.9266184903529453	0.48244430904246755	0.0
2.928119320347998	0.4831298083334759	0.0
2.929620150343051	0.4838140413866658	0.0
2.931120980338104	0.48449699751547454	0.0
2.9326218103331567	0.4851786660593052	0.0
2.9341226403282095	0.48585903638375727	0.0
2.935623470323262	0.48653809788078206	0.0
2.937124300318315	0.4872158399688701	0.0
2.9386251303133677	0.4878922520932632	0.0
2.9401259603084204	0.4885673237261235	0.0
2.941626790303473	0.489241044366717	0.0
2.943127620298526	0.4899134035416328	0.0
2.944628450293579	0.49058439080493066	0.0
2.946129280288632	0.49125399573837986	0.0
2.9476301102836846	0.4919222079515725	0.0
2.9491309402787373	0.4925890170822021	0.0
2.95063177027379	0.49325441279617355	0.0
2.952132600268843	0.4939183847878431	0.0
2.9536334302638956	0.49458092278016835	0.0
2.9551342602589483	0.49524201652492084	0.0
2.956635090254001	0.49590165580285767	0.0
2.9581359202490543	0.49655983042392365	0.0
2.959636750244107	0.4972165302274417	0.0
2.9611375802391597	0.4978717450822454	0.0
2.9626384102342125	0.49852546488694516	0.0
2.9641392402292652	0.4991776795700556	0.0
2.965640070224318	0.4998283790902147	0.0
2.9671409002193707	0.5004775534363376	0.0
2.9686417302144235	0.501125192627836	0.0
2.970142560209476	0.5017712867147831	0.0
2.9716433902045294	0.5024158257781085	0.0
2.973144220199582	0.5030587999297562	0.0
2.974645050194635	0.5037001993129195	0.0
2.9761458801896876	0.5043400141021754	0.0
2.9776467101847404	0.5049782345036805	0.0
2.979147540179793	0.5056148507553782	0.0
2.980648370174846	0.5062498531271625	0.0
2.9821492001698986	0.506883231921062	0.0
2.9836500301649513	0.5075149774714296	0.0
2.9851508601600045	0.5081450801451165	0.0
2.9866516901550573	0.5087735303416444	0.0
2.98815252015011	0.5094003184934291	0.0
2.9896533501451628	0.5100254350659083	0.0
2.9911541801402155	0.510648870557754	0.0
2.9926550101352682	0.511270615501042	0.0
2.994155840130321	0.5118906604614515	0.0
2.9956566701253737	0.5125089960384097	0.0
2.9971575001204265	0.5131256128653219	0.0
2.9986583301154797	0.5137405016096822	0.0
3.0001591601105324	0.5143536529733056	0.0
