0.0	2.252487304573722e-06	0.0
0.0015008299950527925	9.00990855997644e-06	0.0
0.003001659990105585	2.0272141649910424e-05	0.0
0.004502489985158378	3.603898283053983e-05	0.0
0.00600331998021117	5.631014654299248e-05	0.0
0.0075041499752639615	8.108526511955221e-05	0.0
0.009004979970316756	0.00011036388819270564	0.0
0.010505809965369548	0.00014414548150139153	0.0
0.01200663996042234	0.00018242942656669146	0.0
0.01350746995547513	0.00022521502138705442	0.0
0.015008299950527923	0.0002725014802428411	0.0
0.016509129945580715	0.00032428793242615157	0.0
0.01800995994063351	0.00038057342144490853	0.0
0.019510789935686303	0.00044135690387772945	0.0
0.021011619930739096	0.0005066372483094999	0.0
0.022512449925791888	0.0005764132347753459	0.0
0.02401327992084468	0.0006506835525271235	0.0
0.02551410991589747	0.0007294467944420678	0.0
0.02701493991095026	0.0008127014499785305	0.0
0.028515769906003054	0.0009004459003379866	0.0
0.030016599901055846	0.000992678416704997	0.0
0.03151742989610864	0.0010893971676272554	0.0
0.03301825989116143	0.0011906002295976894	0.0
0.03451908988621422	0.001296285589510732	0.0
0.03601991988126702	0.0014064511447940465	0.0
0.037520749876319814	0.0015210947034850848	0.0
0.03902157987137261	0.0016402139843080072	0.0
0.0405224098664254	0.0017638066167188374	0.0
0.04202323986147819	0.0018918701409552988	0.0
0.043524069856530984	0.002024402008089084	0.0
0.045024899851583776	0.0021613995800702683	0.0
0.04652572984663657	0.0023028601297957313	0.0
0.04802655984168936	0.0024487808411750205	0.0
0.04952738983674215	0.0025991588091944526	0.0
0.05102821983179494	0.002753991039984888	0.0
0.05252904982684774	0.002913274450892996	0.0
0.05402987982190052	0.0030770058705536516	0.0
0.05553070981695332	0.0032451820389616105	0.0
0.05703153981200611	0.0034177996075464264	0.0
0.05853236980705891	0.0035948551392398745	0.0
0.06003319980211169	0.003776345108543154	0.0
0.06153402979716449	0.003962265901598991	0.0
0.06303485979221728	0.004152613816267834	0.0
0.06453568978727008	0.004347385062207783	0.0
0.06603651978232286	0.004546575760958185	0.0
0.06753734977737566	0.004750181946025782	0.0
0.06903817977242845	0.004958199562966808	0.0
0.07053900976748124	0.005170624469473907	0.0
0.07203983976253404	0.005387452435464426	0.0
0.07354066975758683	0.005608679143170002	0.0
0.07504149975263963	0.005834300187225375	0.0
0.07654232974769241	0.006064311074761812	0.0
0.07804315974274521	0.0062987072255013005	0.0
0.079543989737798	0.00653748397184863	0.0
0.0810448197328508	0.006780636558987976	0.0
0.08254564972790358	0.007028160144983475	0.0
0.08404647972295638	0.007280049800880957	0.0
0.08554730971800917	0.007536300510811607	0.0
0.08704813971306197	0.0077969071720983335	0.0
0.08854896970811475	0.008061864595361063	0.0
0.09004979970316755	0.008331167504627568	0.0
0.09155062969822034	0.008604810537440265	0.0
0.09305145969327314	0.008882788244971766	0.0
0.09455228968832592	0.009165095092138028	0.0
0.09605311968337872	0.00945172545771598	0.0
0.0975539496784315	0.0097426736344601	0.0
0.0990547796734843	0.010037933829223498	0.0
0.10055560966853709	0.010337500163078132	0.0
0.10205643966358988	0.010641366671440224	0.0
0.10355726965864268	0.010949527304193542	0.0
0.10505809965369547	0.01126197592581732	0.0
0.10655892964874826	0.011578706315516833	0.0
0.10805975964380105	0.011899712167351488	0.0
0.10956058963885383	0.012224987090367987	0.0
0.11106141963390664	0.012554524608734916	0.0
0.11256224962895943	0.012888318161880647	0.0
0.11406307962401221	0.013226361104630512	0.0
0.115563909619065	0.013568646707346851	0.0
0.11706473961411781	0.013915168156070412	0.0
0.1185655696091706	0.014265918552665595	0.0
0.12006639960422338	0.01462089091496585	0.0
0.1215672295992762	0.01498007817692171	0.0
0.12306805959432898	0.015343473188746565	0.0
0.12456888958938177	0.015711068717074363	0.0
0.12606971958443455	0.016082857445109924	0.0
0.12757054957948735	0.01645883197278384	0.0
0.12907137957454015	0.01683898481690853	0.0
0.13057220956959295	0.017223308411339695	0.0
0.13207303956464572	0.017611795107138287	0.0
0.13357386955969852	0.018004437172728423	0.0
0.13507469955475132	0.01840122679406479	0.0
0.1365755295498041	0.01880215607479941	0.0
0.1380763595448569	0.01920721703645045	0.0
0.1395771895399097	0.01961640161857097	0.0
0.1410780195349625	0.020029701678920424	0.0
0.14257884953001526	0.020447108993640915	0.0
0.1440796795250681	0.0208686152574313	0.0
0.14558050952012086	0.021294212083725974	0.0
0.14708133951517366	0.021723891004873246	0.0
0.14858216951022643	0.022157643472316812	0.0
0.15008299950527926	0.022595460856777584	0.0
0.15158382950033203	0.023037334448445024	0.0
0.15308465949538483	0.023483255457158073	0.0
0.1545854894904376	0.02393321501259575	0.0
0.15608631948549043	0.024387204164466166	0.0
0.1575871494805432	0.024845213882701844	0.0
0.159087979475596	0.025307235057653404	0.0
0.16058880947064877	0.025773258500285993	0.0
0.1620896394657016	0.026243274942375605	0.0
0.16359046946075437	0.026717275036710782	0.0
0.16509129945580717	0.02719524935729449	0.0
0.16659212945085994	0.02767718839954504	0.0
0.16809295944591277	0.028163082580506073	0.0
0.16959378944096554	0.028652922239052882	0.0
0.17109461943601834	0.029146697636096636	0.0
0.17259544943107114	0.029644398954798735	0.0
0.17409627942612393	0.0301460163007849	0.0
0.1755971094211767	0.03065153970235983	0.0
0.1770979394162295	0.03116095911072354	0.0
0.1785987694112823	0.0316742644001841	0.0
0.1800995994063351	0.03219144536838458	0.0
0.18160042940138788	0.03271249173652075	0.0
0.18310125939644067	0.033237393149568945	0.0
0.18460208939149347	0.033766139176508385	0.0
0.18610291938654627	0.03429871931055025	0.0
0.18760374938159904	0.034835122969360824	0.0
0.18910457937665184	0.03537533949529953	0.0
0.19060540937170464	0.03591935815565152	0.0
0.19210623936675744	0.036467168142857574	0.0
0.1936070693618102	0.037018758574752106	0.0
0.195107899356863	0.03757411849480371	0.0
0.1966087293519158	0.03813323687234748	0.0
0.1981095593469686	0.03869610260283496	0.0
0.19961038934202138	0.03926270450807519	0.0
0.20111121933707418	0.03983303133647824	0.0
0.20261204933212695	0.040407071763302355	0.0
0.20411287932717975	0.040984814390901264	0.0
0.20561370932223258	0.04156624774897295	0.0
0.20711453931728535	0.0421513602948184	0.0
0.20861536931233815	0.042740140413589804	0.0
0.21011619930739095	0.04333257641854719	0.0
0.21161702930244372	0.04392865655131468	0.0
0.21311785929749652	0.044528368982144004	0.0
0.2146186892925493	0.04513170181016738	0.0
0.2161195192876021	0.04573864306366241	0.0
0.21762034928265492	0.04634918070031903	0.0
0.21912117927770766	0.04696330260750079	0.0
0.2206220092727605	0.04758099660251537	0.0
0.2221228392678133	0.04820225043288118	0.0
0.22362366926286606	0.04882705177660115	0.0
0.22512449925791886	0.04945538824242753	0.0
0.22662532925297169	0.0500872473701455	0.0
0.22812615924802443	0.05072261663083964	0.0
0.22962698924307726	0.05136148342717507	0.0
0.23112781923813	0.0520038350936757	0.0
0.23262864923318283	0.052649658897003106	0.0
0.23412947922823563	0.053298942036243364	0.0
0.2356303092232884	0.053951671643180515	0.0
0.2371311392183412	0.054607834782593324	0.0
0.238631969213394	0.0552674184525326	0.0
0.24013279920844677	0.05593040958461341	0.0
0.2416336292034996	0.05659679504430397	0.0
0.2431344591985524	0.05726656163121249	0.0
0.24463528919360517	0.05793969607938996	0.0
0.24613611918865796	0.05861618505761733	0.0
0.24763694918371074	0.05929601516969805	0.0
0.24913777917876354	0.059979172954758825	0.0
0.25063860917381636	0.06066564488754981	0.0
0.2521394391688691	0.06135541737873687	0.0
0.2536402691639219	0.06204847677521073	0.0
0.2551410991589747	0.06274480936038791	0.0
0.2566419291540275	0.06344440135451065	0.0
0.2581427591490803	0.06414723891495383	0.0
0.25964358914413305	0.06485330813653573	0.0
0.2611444191391859	0.06556259505182332	0.0
0.2626452491342387	0.06627508563144677	0.0
0.26414607912929144	0.06699076578441165	0.0
0.26564690912434424	0.06770962135842155	0.0
0.26714773911939704	0.0684316381401771	0.0
0.26864856911444984	0.06915680185570373	0.0
0.27014939910950264	0.06988509817067154	0.0
0.27165022910455544	0.07061651269070626	0.0
0.2731510590996082	0.07135103096172052	0.0
0.27465188909466104	0.07208863847023171	0.0
0.2761527190897138	0.07282932064368394	0.0
0.2776535490847666	0.07357306285076815	0.0
0.2791543790798194	0.0743198504017569	0.0
0.2806552090748722	0.07506966854883432	0.0
0.282156039069925	0.07582250248641116	0.0
0.2836568690649778	0.07657833735145832	0.0
0.2851576990600305	0.07733715822384835	0.0
0.2866585290550834	0.07809895012667929	0.0
0.2881593590501362	0.07886369802660986	0.0
0.2896601890451889	0.0796313868341957	0.0
0.2911610190402417	0.08040200140422364	0.0
0.2926618490352945	0.0811755265360467	0.0
0.2941626790303473	0.08195194697392377	0.0
0.2956635090254001	0.0827312474073658	0.0
0.29716433902045286	0.08351341247146746	0.0
0.2986651690155057	0.08429842674724669	0.0
0.3001659990105585	0.08508627476200689	0.0
0.30166682900561126	0.0858769409896614	0.0
0.30316765900066406	0.08667040985108533	0.0
0.30466848899571686	0.08746666571446066	0.0
0.30616931899076966	0.08826569289562286	0.0
0.30767014898582246	0.08906747565841687	0.0
0.3091709789808752	0.08987199821503425	0.0
0.31067180897592805	0.09067924472637846	0.0
0.31217263897098085	0.09148919930240626	0.0
0.3136734689660336	0.09230184600248141	0.0
0.3151742989610864	0.0931171688357308	0.0
0.3166751289561392	0.09393515176140071	0.0
0.318175958951192	0.09475577868920247	0.0
0.3196767889462448	0.09557903347968313	0.0
0.32117761894129754	0.09640489994457267	0.0
0.3226784489363504	0.09723336184715135	0.0
0.3241792789314032	0.09806440290260125	0.0
0.32568010892645594	0.09889800677836906	0.0
0.32718093892150873	0.09973415709453408	0.0
0.32868176891656153	0.10057283742415848	0.0
0.33018259891161433	0.10141403129364868	0.0
0.33168342890666713	0.10225772218313782	0.0
0.3331842589017199	0.10310389352683322	0.0
0.3346850888967727	0.10395252871339151	0.0
0.33618591889182553	0.10480361108627358	0.0
0.3376867488868783	0.10565712394412986	0.0
0.3391875788819311	0.10651305054114697	0.0
0.3406884088769839	0.10737137408743067	0.0
0.34218923887203667	0.10823207774937434	0.0
0.34369006886708947	0.10909514465002046	0.0
0.34519089886214227	0.10996055786944231	0.0
0.346691728857195	0.11082830044510993	0.0
0.34819255885224787	0.11169835537225216	0.0
0.3496933888473006	0.11257070560424853	0.0
0.3511942188423534	0.11344533405299895	0.0
0.3526950488374062	0.11432222358928422	0.0
0.354195878832459	0.11520135704314953	0.0
0.3556967088275118	0.11608271720428777	0.0
0.3571975388225646	0.11696628682239923	0.0
0.35869836881761735	0.11785204860758056	0.0
0.3601991988126702	0.11873998523070639	0.0
0.361700028807723	0.1196300793237825	0.0
0.36320085880277575	0.12052231348035151	0.0
0.36470168879782855	0.12141667025585888	0.0
0.36620251879288135	0.12231313216802908	0.0
0.36770334878793415	0.12321168169725477	0.0
0.36920417878298695	0.12411230128696843	0.0
0.3707050087780397	0.1250149733440398	0.0
0.37220583877309255	0.12591968023912628	0.0
0.37370666876814534	0.12682640430708486	0.0
0.3752074987631981	0.12773512784733965	0.0
0.3767083287582509	0.12864583312427355	0.0
0.3782091587533037	0.12955850236759478	0.0
0.3797099887483565	0.1304731177727325	0.0
0.3812108187434093	0.13138966150122175	0.0
0.38271164873846203	0.13230811568107495	0.0
0.3842124787335149	0.1332284624071884	0.0
0.3857133087285677	0.1341506837416933	0.0
0.3872141387236204	0.1350747617143905	0.0
0.38871496871867317	0.13600067832308124	0.0
0.390215798713726	0.13692841553398966	0.0
0.3917166287087788	0.13785795528213718	0.0
0.3932174587038316	0.1387892794717236	0.0
0.3947182886988844	0.1397223699765253	0.0
0.3962191186939372	0.1406572086402726	0.0
0.39771994868898997	0.14159377727703398	0.0
0.39922077868404277	0.14253205767160734	0.0
0.40072160867909556	0.14347203157992428	0.0
0.40222243867414836	0.14441368072940206	0.0
0.4037232686692012	0.14535698681935855	0.0
0.4052240986642539	0.14630193152139187	0.0
0.4067249286593067	0.14724849647977095	0.0
0.4082257586543595	0.14819666331181883	0.0
0.40972658864941236	0.1491464136082966	0.0
0.41122741864446516	0.15009772893379922	0.0
0.41272824863951796	0.15105059082715228	0.0
0.4142290786345707	0.15200498080177466	0.0
0.4157299086296235	0.15296088034609037	0.0
0.4172307386246763	0.15391827092389496	0.0
0.4187315686197291	0.15487713397476344	0.0
0.4202323986147819	0.1558374509144373	0.0
0.42173322860983464	0.156799203135203	0.0
0.42323405860488744	0.1577623720062817	0.0
0.42473488859994024	0.1587269388742058	0.0
0.42623571859499304	0.15969288506323898	0.0
0.42773654859004584	0.1606601918757407	0.0
0.4292373785850986	0.16162884059256205	0.0
0.4307382085801514	0.1625988124734227	0.0
0.4322390385752042	0.16357008875731524	0.0
0.43373986857025704	0.16454265066288082	0.0
0.43524069856530984	0.16551647938880246	0.0
0.43674152856036264	0.16649155611419608	0.0
0.4382423585554153	0.16746786199898248	0.0
0.4397431885504682	0.168445378184291	0.0
0.441244018545521	0.16942408579284327	0.0
0.4427448485405738	0.17040396592933874	0.0
0.4442456785356266	0.171384999680832	0.0
0.4457465085306793	0.1723671681171442	0.0
0.4472473385257321	0.17335045229122578	0.0
0.4487481685207849	0.17433483323955137	0.0
0.4502489985158377	0.17532029198250682	0.0
0.4517498285108905	0.176306809524771	0.0
0.45325065850594337	0.1772943668557126	0.0
0.45475148850099606	0.17828294494975938	0.0
0.45625231849604886	0.17927252476680025	0.0
0.45775314849110166	0.18026308725256004	0.0
0.4592539784861545	0.18125461333897483	0.0
0.4607548084812073	0.18224708394459818	0.0
0.46225563847626	0.1832404799749796	0.0
0.46375646847131285	0.18423478232303214	0.0
0.46525729846636565	0.18522997186943174	0.0
0.46675812846141845	0.1862260294830027	0.0
0.46825895845647125	0.18722293602108545	0.0
0.46975978845152405	0.188220672329926	0.0
0.4712606184465768	0.18921921924507915	0.0
0.4727614484416296	0.19021855759175443	0.0
0.4742622784366824	0.19121866818522607	0.0
0.4757631084317352	0.1922195318311899	0.0
0.477263938426788	0.19322112932617821	0.0
0.47876476842184074	0.19422344145789994	0.0
0.48026559841689354	0.19522644900565142	0.0
0.48176642841194633	0.19623013274069043	0.0
0.4832672584069992	0.19723447342660605	0.0
0.484768088402052	0.19823945181970132	0.0
0.4862689183971048	0.19924504866938106	0.0
0.4877697483921575	0.20025124471851025	0.0
0.48927057838721033	0.20125802070381318	0.0
0.49077140838226313	0.2022653573562442	0.0
0.49227223837731593	0.20327323540135972	0.0
0.49377306837236873	0.20428163555970053	0.0
0.4952738983674215	0.20529053854716617	0.0
0.49677472836247427	0.20629992507538977	0.0
0.49827555835752707	0.20730977585210417	0.0
0.49977638835257987	0.20832007158154156	0.0
0.5012772183476327	0.20933079296478416	0.0
0.5027780483426855	0.21034192070015742	0.0
0.5042788783377382	0.2113534354835888	0.0
0.5057797083327911	0.21236531800897368	0.0
0.5072805383278438	0.21337754896857142	0.0
0.5087813683228967	0.2143901090533622	0.0
0.5102821983179494	0.21540297895343205	0.0
0.5117830283130022	0.21641613935831805	0.0
0.513283858308055	0.21742957095741428	0.0
0.5147846883031078	0.21844325444031615	0.0
0.5162855182981606	0.21945717049718313	0.0
0.5177863482932135	0.2204712998191487	0.0
0.5192871782882661	0.22148562309863762	0.0
0.520788008283319	0.2225001210297682	0.0
0.5222888382783718	0.22351477430872507	0.0
0.5237896682734245	0.2245295636340968	0.0
0.5252904982684774	0.22554446970726616	0.0
0.5267913282635301	0.22655947323276515	0.0
0.5282921582585829	0.22757455491865156	0.0
0.5297929882536357	0.22858969547686564	0.0
0.5312938182486885	0.22960487562359022	0.0
0.5327946482437413	0.23062007607962773	0.0
0.5342954782387941	0.23163527757075553	0.0
0.5357963082338468	0.2326504608281057	0.0
0.5372971382288997	0.23366560658849483	0.0
0.5387979682239524	0.23468069559481053	0.0
0.5402987982190053	0.23569570859636763	0.0
0.5417996282140581	0.2367106263492747	0.0
0.5433004582091109	0.2377254296167825	0.0
0.5448012882041636	0.23874009916965824	0.0
0.5463021181992164	0.23975461578652574	0.0
0.5478029481942692	0.24076896025424935	0.0
0.5493037781893221	0.2417831133682797	0.0
0.5508046081843748	0.2427970559330177	0.0
0.5523054381794276	0.24381076876215163	0.0
0.5538062681744804	0.2448242326790342	0.0
0.5553070981695332	0.24583742851703946	0.0
0.556807928164586	0.2468503371199049	0.0
0.5583087581596388	0.2478629393421065	0.0
0.5598095881546916	0.24887521604919655	0.0
0.5613104181497444	0.24988714811816193	0.0
0.5628112481447971	0.25089871643779116	0.0
0.56431207813985	0.25190990190898443	0.0
0.5658129081349027	0.2529206854451906	0.0
0.5673137381299556	0.2539310479726608	0.0
0.5688145681250083	0.25494097043086766	0.0
0.570315398120061	0.2559504337728446	0.0
0.5718162281151139	0.25695941896550545	0.0
0.5733170581101668	0.25796790699004446	0.0
0.5748178881052195	0.2589758788422257	0.0
0.5763187181002724	0.25998331553278775	0.0
0.5778195480953251	0.2609901980877639	0.0
0.5793203780903778	0.26199650754882364	0.0
0.5808212080854307	0.2630022249736598	0.0
0.5823220380804834	0.26400733143628075	0.0
0.5838228680755363	0.2650118080274053	0.0
0.585323698070589	0.2660156358547763	0.0
0.5868245280656418	0.26701879604352347	0.0
0.5883253580606946	0.2680212697364949	0.0
0.5898261880557474	0.26902303809462297	0.0
0.5913270180508002	0.270024082297242	0.0
0.592827848045853	0.27102438354245034	0.0
0.5943286780409057	0.27202392304745027	0.0
0.5958295080359586	0.2730226820488864	0.0
0.5973303380310114	0.27402064180317853	0.0
0.5988311680260642	0.2750177835868973	0.0
0.600331998021117	0.27601408869704963	0.0
0.6018328280161698	0.27700953845148335	0.0
0.6033336580112225	0.2780041141891734	0.0
0.6048344880062754	0.2789977972705888	0.0
0.6063353180013281	0.2799905690780278	0.0
0.607836147996381	0.2809824110159266	0.0
0.6093369779914337	0.28197330451127955	0.0
0.6108378079864865	0.2829632310138842	0.0
0.6123386379815393	0.28395217199672423	0.0
0.6138394679765921	0.28494010895629673	0.0
0.6153402979716449	0.2859270234129315	0.0
0.6168411279666978	0.2869128969111715	0.0
0.6183419579617504	0.2878977110200735	0.0
0.6198427879568033	0.28888144733353444	0.0
0.6213436179518561	0.28986408747064946	0.0
0.6228444479469089	0.2908456130760351	0.0
0.6243452779419617	0.29182600582015994	0.0
0.6258461079370145	0.2928052473996775	0.0
0.6273469379320672	0.2937833195377796	0.0
0.62884776792712	0.2947602039844757	0.0
0.6303485979221728	0.29573588251699057	0.0
0.6318494279172256	0.2967103369400383	0.0
0.6333502579122784	0.29768354908618866	0.0
0.6348510879073311	0.29865550081618175	0.0
0.636351917902384	0.2996261740192542	0.0
0.6378527478974367	0.3005955506134732	0.0
0.6393535778924896	0.3015636125460574	0.0
0.6408544078875424	0.3025303417937286	0.0
0.6423552378825951	0.3034957203630061	0.0
0.6438560678776479	0.30445973029055595	0.0
0.6453568978727008	0.30542235364348974	0.0
0.6468577278677535	0.30638357251973236	0.0
0.6483585578628064	0.3073433690483287	0.0
0.6498593878578591	0.30830172538974443	0.0
0.6513602178529119	0.3092586237362291	0.0
0.6528610478479647	0.3102140463120911	0.0
0.6543618778430175	0.3111679753740762	0.0
0.6558627078380703	0.31212039321165114	0.0
0.6573635378331231	0.3130712821473511	0.0
0.6588643678281758	0.31402062453708035	0.0
0.6603651978232287	0.3149684027704505	0.0
0.6618660278182814	0.31591459927108934	0.0
0.6633668578133343	0.3168591964969693	0.0
0.6648676878083871	0.3178021769407067	0.0
0.6663685178034398	0.318743523129921	0.0
0.6678693477984926	0.3196832176274922	0.0
0.6693701777935454	0.3206212430319553	0.0
0.6708710077885982	0.3215575819777601	0.0
0.6723718377836511	0.3224922171355992	0.0
0.6738726677787038	0.3234251312127548	0.0
0.6753734977737565	0.32435630695338474	0.0
0.6768743277688094	0.3252857271388523	0.0
0.6783751577638621	0.3262133745880264	0.0
0.679875987758915	0.327139232157592	0.0
0.6813768177539677	0.32806328274240326	0.0
0.6828776477490205	0.32898550927574194	0.0
0.6843784777440733	0.329905894729696	0.0
0.6858793077391261	0.33082442211541474	0.0
0.6873801377341789	0.3317410744834307	0.0
0.6888809677292317	0.33265583492400014	0.0
0.6903817977242845	0.3335686865673929	0.0
0.6918826277193373	0.33447961258421105	0.0
0.69338345771439	0.3353885961856796	0.0
0.6948842877094429	0.33629562062397095	0.0
0.6963851177044957	0.33720066919253594	0.0
0.6978859476995485	0.3381037252263573	0.0
0.6993867776946012	0.33900477210230046	0.0
0.7008876076896541	0.3399037932394105	0.0
0.7023884376847068	0.34080077209920656	0.0
0.7038892676797597	0.3416956921860108	0.0
0.7053900976748124	0.34258853704724557	0.0
0.7068909276698653	0.343479290273711	0.0
0.708391757664918	0.34436793549992173	0.0
0.7098925876599708	0.34525445640439784	0.0
0.7113934176550236	0.3461388367099761	0.0
0.7128942476500764	0.34702106018407963	0.0
0.7143950776451292	0.34790111063908374	0.0
0.715895907640182	0.34877897193256596	0.0
0.7173967376352347	0.3496546279676028	0.0
0.7188975676302876	0.3505280626931066	0.0
0.7203983976253404	0.3513992601040925	0.0
0.7218992276203932	0.3522682042419823	0.0
0.723400057615446	0.35313487919490594	0.0
0.7249008876104988	0.35399926909802865	0.0
0.7264017176055515	0.35486135813379727	0.0
0.7279025476006044	0.3557211305322601	0.0
0.7294033775956571	0.3565785705713558	0.0
0.73090420759071	0.357433662577221	0.0
0.7324050375857627	0.3582863909244654	0.0
0.7339058675808154	0.35913674003651025	0.0
0.7354066975758683	0.35998469438578523	0.0
0.736907527570921	0.3608302384941298	0.0
0.7384083575659739	0.36167335693299735	0.0
0.7399091875610266	0.36251403432382656	0.0
0.7414100175560794	0.3633522553382371	0.0
0.7429108475511322	0.3641880046983995	0.0
0.7444116775461851	0.3650212671772801	0.0
0.7459125075412378	0.36585202759893126	0.0
0.7474133375362907	0.36668027083881943	0.0
0.7489141675313434	0.36750598182403577	0.0
0.7504149975263962	0.36832914553362855	0.0
0.751915827521449	0.36914974699891745	0.0
0.7534166575165018	0.36996777130368064	0.0
0.7549174875115546	0.3707832035845375	0.0
0.7564183175066074	0.37159602903118477	0.0
0.7579191475016601	0.3724062328866755	0.0
0.759419977496713	0.37321380044768887	0.0
0.7609208074917657	0.37401871706484574	0.0
0.7624216374868186	0.37482096814295457	0.0
0.7639224674818714	0.3756205391412934	0.0
0.7654232974769241	0.37641741557391745	0.0
0.7669241274719769	0.3772115830098942	0.0
0.7684249574670298	0.378003027073578	0.0
0.7699257874620825	0.3787917334449234	0.0
0.7714266174571354	0.37957768785971063	0.0
0.772927447452188	0.3803608761098378	0.0
0.7744282774472409	0.3811412840436207	0.0
0.7759291074422937	0.3819188975660082	0.0
0.7774299374373463	0.38269370263889807	0.0
0.7789307674323993	0.3834656852813614	0.0
0.780431597427452	0.38423483156994953	0.0
0.7819324274225049	0.3850011276389143	0.0
0.7834332574175576	0.3857645596805229	0.0
0.7849340874126104	0.38652511394531225	0.0
0.7864349174076632	0.38728277674231976	0.0
0.787935747402716	0.38803753443937195	0.0
0.7894365773977688	0.3887893734633083	0.0
0.7909374073928216	0.3895382803003022	0.0
0.7924382373878744	0.3902842414960711	0.0
0.7939390673829272	0.3910272436561606	0.0
0.7954398973779799	0.3917672734461596	0.0
0.7969407273730328	0.3925043175920185	0.0
0.7984415573680855	0.3932383628802434	0.0
0.7999423873631384	0.3939693961581762	0.0
0.8014432173581911	0.3946974043342625	0.0
0.8029440473532439	0.3954223743782754	0.0
0.8044448773482967	0.3961442933215595	0.0
0.8059457073433495	0.3968631482572873	0.0
0.8074465373384024	0.39757892634072034	0.0
0.8089473673334551	0.3982916147894495	0.0
0.8104481973285078	0.3990012008836174	0.0
0.8119490273235607	0.39970767196618817	0.0
0.8134498573186134	0.40041101544318414	0.0
0.8149506873136664	0.4011112187839012	0.0
0.816451517308719	0.4018082695211872	0.0
0.8179523473037718	0.402502155251646	0.0
0.8194531772988247	0.4031928636359159	0.0
0.8209540072938774	0.40388038239882984	0.0
0.8224548372889303	0.40456469932972344	0.0
0.8239556672839831	0.40524580228265333	0.0
0.8254564972790359	0.40592367917656874	0.0
0.8269573272740887	0.40659831799565255	0.0
0.8284581572691414	0.4072697067894336	0.0
0.8299589872641943	0.40793783367305697	0.0
0.831459817259247	0.4086026868275655	0.0
0.8329606472542999	0.40926425450002435	0.0
0.8344614772493526	0.4099225250038452	0.0
0.8359623072444053	0.41057748671891586	0.0
0.8374631372394582	0.41122912809189455	0.0
0.8389639672345109	0.41187743763635387	0.0
0.8404647972295638	0.41252240393307105	0.0
0.8419656272246165	0.4131640156301951	0.0
0.8434664572196693	0.41380226144349186	0.0
0.8449672872147221	0.4144371301565146	0.0
0.8464681172097749	0.4150686106208546	0.0
0.8479689472048277	0.41569669175634827	0.0
0.8494697771998805	0.4163213625512418	0.0
0.8509706071949332	0.41694261206244826	0.0
0.8524714371899861	0.41756042941573146	0.0
0.8539722671850388	0.4181748038058996	0.0
0.8554730971800917	0.41878572449704365	0.0
0.8569739271751444	0.4193931808226536	0.0
0.8584747571701972	0.41999716218592653	0.0
0.85997558716525	0.42059765805985705	0.0
0.8614764171603028	0.42119465798752753	0.0
0.8629772471553557	0.42178815158224714	0.0
0.8644780771504084	0.42237812852773765	0.0
0.8659789071454613	0.4229645785783506	0.0
0.8674797371405141	0.42354749155920846	0.0
0.8689805671355667	0.42412685736649663	0.0
0.8704813971306197	0.4247026659674946	0.0
0.8719822271256723	0.42527490740089324	0.0
0.8734830571207253	0.42584357177688076	0.0
0.874983887115778	0.4264086492774179	0.0
0.8764847171108306	0.4269701301563271	0.0
0.8779855471058836	0.4275280047394837	0.0
0.8794863771009364	0.4280822634250432	0.0
0.8809872070959892	0.4286328966835741	0.0
0.882488037091042	0.42917989505821413	0.0
0.8839888670860947	0.42972324916486054	0.0
0.8854896970811476	0.43026294969234236	0.0
0.8869905270762003	0.4307989874025764	0.0
0.8884913570712532	0.43133135313071885	0.0
0.8899921870663059	0.43186003778534704	0.0
0.8914930170613586	0.4323850323486267	0.0
0.8929938470564115	0.43290632787641997	0.0
0.8944946770514642	0.43342391549848286	0.0
0.8959955070465171	0.43393778641859054	0.0
0.8974963370415698	0.4344479319147413	0.0
0.8989971670366227	0.43495434333924987	0.0
0.9004979970316754	0.43545701211894317	0.0
0.9019988270267282	0.4359559297552424	0.0
0.903499657021781	0.4364510878243569	0.0
0.9050004870168338	0.43694247797740426	0.0
0.9065013170118867	0.43743009194061433	0.0
0.9080021470069394	0.4379139215153803	0.0
0.9095029770019921	0.43839395857839775	0.0
0.911003806997045	0.43887019508185526	0.0
0.9125046369920977	0.4393426230535559	0.0
0.9140054669871507	0.4398112345970096	0.0
0.9155062969822033	0.44027602189160575	0.0
0.9170071269772561	0.4407369771926956	0.0
0.918507956972309	0.44119409283174565	0.0
0.9200087869673617	0.44164736121645914	0.0
0.9215096169624146	0.4420967748308818	0.0
0.9230104469574674	0.4425423262355379	0.0
0.92451127695252	0.44298400806754	0.0
0.926012106947573	0.44342181304068323	0.0
0.9275129369426257	0.4438557339456071	0.0
0.9290137669376786	0.44428576364982786	0.0
0.9305145969327313	0.4447118950979296	0.0
0.932015426927784	0.44513412131160335	0.0
0.9335162569228369	0.44555243538981887	0.0
0.9350170869178897	0.44596683050886066	0.0
0.9365179169129425	0.4463772999224311	0.0
0.9380187469079952	0.44678383696183743	0.0
0.9395195769030481	0.4471864350359863	0.0
0.9410204068981008	0.44758508763150445	0.0
0.9425212368931536	0.4479797883128505	0.0
0.9440220668882064	0.44837053072240823	0.0
0.9455228968832592	0.4487573085805374	0.0
0.947023726878312	0.4491401156856881	0.0
0.9485245568733648	0.4495189459144719	0.0
0.9500253868684175	0.4498937932217841	0.0
0.9515262168634704	0.45026465164079177	0.0
0.9530270468585231	0.4506315152830812	0.0
0.954527876853576	0.4509943783387815	0.0
0.9560287068486287	0.45135323507647224	0.0
0.9575295368436815	0.4517080798434481	0.0
0.9590303668387343	0.4520589070656313	0.0
0.9605311968337871	0.4524057112477439	0.0
0.96203202682884	0.4527484869733088	0.0
0.9635328568238927	0.4530872289047385	0.0
0.9650336868189454	0.4534219317833941	0.0
0.9665345168139984	0.4537525904296545	0.0
0.968035346809051	0.4540791997429413	0.0
0.969536176804104	0.454401754701773	0.0
0.9710370067991567	0.4547202503638947	0.0
0.9725378367942096	0.45503468186619767	0.0
0.9740386667892623	0.4553450444248984	0.0
0.975539496784315	0.45565133333548574	0.0
0.9770403267793679	0.45595354397282567	0.0
0.9785411567744207	0.4562516717911505	0.0
0.9800419867694735	0.4565457123241766	0.0
0.9815428167645263	0.45683566118506336	0.0
0.983043646759579	0.4571215140664565	0.0
0.9845444767546319	0.45740326674059467	0.0
0.9860453067496846	0.4576809150592587	0.0
0.9875461367447375	0.4579544549538252	0.0
0.9890469667397902	0.45822388243532647	0.0
0.990547796734843	0.4584891935944379	0.0
0.9920486267298958	0.4587503846015256	0.0
0.9935494567249485	0.45900745170662827	0.0
0.9950502867200014	0.4592603912395175	0.0
0.9965511167150541	0.45950919960969566	0.0
0.9980519467101069	0.4597538733064397	0.0
0.9995527767051597	0.4599944088987828	0.0
1.0010536067002125	0.4602308030355186	0.0
1.0025544366952654	0.46046305244523816	0.0
1.0040552666903182	0.4606911539363284	0.0
1.005556096685371	0.46091510439693284	0.0
1.0070569266804237	0.4611349007950475	0.0
1.0085577566754764	0.4613505401784404	0.0
1.0100585866705294	0.46156201967468263	0.0
1.0115594166655821	0.46176933649116675	0.0
1.0130602466606349	0.46197248791504014	0.0
1.0145610766556876	0.46217147131324704	0.0
1.0160619066507404	0.4623662841325424	0.0
1.0175627366457933	0.46255692389938735	0.0
1.019063566640846	0.4627433882200676	0.0
1.0205643966358988	0.46292567478054636	0.0
1.0220652266309516	0.4631037813465456	0.0
1.0235660566260043	0.4632777057634995	0.0
1.0250668866210573	0.4634474459564776	0.0
1.02656771661611	0.4636129999302594	0.0
1.0280685466111628	0.46377436576924974	0.0
1.0295693766062155	0.4639315416374836	0.0
1.0310702066012682	0.464084525778535	0.0
1.0325710365963212	0.4642333165155725	0.0
1.034071866591374	0.4643779122512954	0.0
1.035572696586427	0.46451831146787265	0.0
1.0370735265814794	0.46465451272692593	0.0
1.0385743565765322	0.4647865146695292	0.0
1.0400751865715852	0.46491431601612476	0.0
1.041576016566638	0.4650379155664604	0.0
1.0430768465616909	0.46515731219963324	0.0
1.0445776765567436	0.4652725048739764	0.0
1.0460785065517963	0.4653834926270088	0.0
1.047579336546849	0.46549027457547415	0.0
1.0490801665419018	0.46559284991516714	0.0
1.0505809965369548	0.4656912179209813	0.0
1.0520818265320075	0.46578537794679864	0.0
1.0535826565270603	0.4658753294254742	0.0
1.055083486522113	0.46596107186876456	0.0
1.0565843165171658	0.4660426048672581	0.0
1.0580851465122187	0.4661199280903285	0.0
1.0595859765072715	0.46619304128607475	0.0
1.0610868065023242	0.46626194428127354	0.0
1.062587636497377	0.46632663698125393	0.0
1.0640884664924297	0.46638711936989624	0.0
1.0655892964874827	0.4664433915095912	0.0
1.0670901264825354	0.4664954535410576	0.0
1.0685909564775882	0.4665433056833674	0.0
1.070091786472641	0.46658694823382446	0.0
1.0715926164676937	0.466626381567944	0.0
1.0730934464627466	0.46666160613932534	0.0
1.0745942764577994	0.46669262247958887	0.0
1.0760951064528521	0.4667194311982912	0.0
1.0775959364479049	0.4667420329829021	0.0
1.0790967664429576	0.4667604285986496	0.0
1.0805975964380106	0.4667746188884715	0.0
1.0820984264330633	0.4667846047729056	0.0
1.0835992564281163	0.4667903872500501	0.0
1.0851000864231688	0.46679196739544726	0.0
1.0866009164182218	0.4667893463620103	0.0
1.0881017464132745	0.46678252537987797	0.0
1.0896025764083273	0.46677150575640547	0.0
1.0911034064033802	0.4667562888760573	0.0
1.0926042363984327	0.46673687620022686	0.0
1.0941050663934857	0.4667132692672484	0.0
1.0956058963885384	0.46668546969224595	0.0
1.0971067263835912	0.46665347916704397	0.0
1.0986075563786442	0.46661729946006947	0.0
1.100108386373697	0.4665769324162681	0.0
1.1016092163687496	0.46653237995694924	0.0
1.1031100463638024	0.4664836440797459	0.0
1.1046108763588551	0.46643072685848946	0.0
1.106111706353908	0.4663736304430749	0.0
1.1076125363489608	0.4663123570594154	0.0
1.1091133663440136	0.4662469090092411	0.0
1.1106141963390663	0.4661772886701031	0.0
1.112115026334119	0.4661034984951622	0.0
1.113615856329172	0.4660255410131436	0.0
1.1151166863242248	0.4659434188282001	0.0
1.1166175163192775	0.46585713461977546	0.0
1.1181183463143303	0.46576669114253283	0.0
1.1196191763093832	0.4656720912262214	0.0
1.121120006304436	0.4655733377755642	0.0
1.1226208362994887	0.46547043377009195	0.0
1.1241216662945415	0.46536338226409224	0.0
1.1256224962895942	0.4652521863864643	0.0
1.1271233262846472	0.46513684934056193	0.0
1.1286241562797	0.4650173744041292	0.0
1.1301249862747527	0.4648937649291294	0.0
1.1316258162698054	0.46476602434164827	0.0
1.1331266462648582	0.46463415614176745	0.0
1.1346274762599111	0.4644981639034404	0.0
1.1361283062549639	0.4643580512742993	0.0
1.1376291362500166	0.4642138219756359	0.0
1.1391299662450696	0.46406547980219254	0.0
1.140630796240122	0.4639130286220532	0.0
1.142131626235175	0.46375647237651224	0.0
1.1436324562302278	0.4635958150799622	0.0
1.1451332862252805	0.46343106081972596	0.0
1.1466341162203335	0.4632622137559358	0.0
1.1481349462153863	0.4630892781214149	0.0
1.149635776210439	0.4629122582215205	0.0
1.1511366062054917	0.4627311584340014	0.0
1.1526374362005447	0.4625459832088895	0.0
1.1541382661955975	0.4623567370683241	0.0
1.1556390961906502	0.4621634246064446	0.0
1.157139926185703	0.46196605048923167	0.0
1.1586407561807557	0.461764619454367	0.0
1.1601415861758086	0.46155913631111406	0.0
1.1616424161708614	0.461349605940125	0.0
1.1631432461659141	0.46113603329336944	0.0
1.1646440761609669	0.46091842339392786	0.0
1.1661449061560196	0.46069678133586983	0.0
1.1676457361510726	0.46047111228410276	0.0
1.1691465661461253	0.46024142147423397	0.0
1.170647396141178	0.4600077142124169	0.0
1.1721482261362308	0.45976999587521644	0.0
1.1736490561312836	0.45952827190942663	0.0
1.1751498861263365	0.4592825478319686	0.0
1.1766507161213893	0.45903282922969263	0.0
1.178151546116442	0.45877912175926167	0.0
1.1796523761114948	0.4585214311469911	0.0
1.1811532061065475	0.458259763188682	0.0
1.1826540361016005	0.4579941237495011	0.0
1.1841548660966532	0.45772451876378467	0.0
1.185655696091706	0.45745095423493226	0.0
1.187156526086759	0.45717343623518497	0.0
1.1886573560818114	0.45689197090555417	0.0
1.1901581860768644	0.45660656445559084	0.0
1.1916590160719172	0.45631722316328943	0.0
1.1931598460669701	0.45602395337487167	0.0
1.1946606760620229	0.45572676150470154	0.0
1.1961615060570754	0.45542565403503427	0.0
1.1976623360521284	0.45512063751596116	0.0
1.199163166047181	0.45481171856515434	0.0
1.200663996042234	0.45449890386777075	0.0
1.2021648260372868	0.4541822001762749	0.0
1.2036656560323395	0.45386161431025424	0.0
1.2051664860273923	0.4535371531562842	0.0
1.206667316022445	0.4532088236677623	0.0
1.208168146017498	0.4528766328647623	0.0
1.2096689760125507	0.45254058783382295	0.0
1.2111698060076035	0.45220069572781035	0.0
1.2126706360026562	0.4518569637657651	0.0
1.214171465997709	0.45150939923272887	0.0
1.215672295992762	0.45115800947958185	0.0
1.2171731259878147	0.45080280192287253	0.0
1.2186739559828674	0.45044378404465674	0.0
1.2201747859779202	0.4500809633923005	0.0
1.221675615972973	0.44971434757837453	0.0
1.2231764459680259	0.4493439442804448	0.0
1.2246772759630786	0.4489697612408691	0.0
1.2261781059581316	0.44859180626672074	0.0
1.2276789359531841	0.4482100872295432	0.0
1.2291797659482369	0.4478246120652145	0.0
1.2306805959432898	0.4474353887737555	0.0
1.2321814259383426	0.44704242541919503	0.0
1.2336822559333955	0.44664573012936276	0.0
1.235183085928448	0.44624531109571425	0.0
1.2366839159235008	0.4458411765732125	0.0
1.2381847459185538	0.44543333488009984	0.0
1.2396855759136065	0.4450217943977414	0.0
1.2411864059086595	0.44460656357045936	0.0
1.2426872359037122	0.4441876509053589	0.0
1.2441880658987647	0.4437650649721435	0.0
1.2456888958938177	0.44333881440294803	0.0
1.2471897258888704	0.4429089078921671	0.0
1.2486905558839234	0.4424753541962867	0.0
1.2501913858789762	0.44203816213366437	0.0
1.251692215874029	0.44159734058440503	0.0
1.2531930458690816	0.4411528984901775	0.0
1.2546938758641344	0.440704844853984	0.0
1.2561947058591874	0.44025318874007985	0.0
1.25769553585424	0.4397979392736997	0.0
1.2591963658492928	0.4393391056409321	0.0
1.2606971958443456	0.43887669708850807	0.0
1.2621980258393983	0.43841072292366007	0.0
1.2636988558344513	0.43794119251390484	0.0
1.265199685829504	0.43746811528690815	0.0
1.2667005158245568	0.4369915007302577	0.0
1.2682013458196095	0.436511358391298	0.0
1.2697021758146623	0.4360276978769451	0.0
1.2712030058097152	0.4355405288535258	0.0
1.272703835804768	0.4350498610465629	0.0
1.2742046657998207	0.43455570424063955	0.0
1.2757054957948735	0.4340580682791462	0.0
1.2772063257899262	0.43355696306413627	0.0
1.2787071557849792	0.43305239855619515	0.0
1.280207985780032	0.4325443847741472	0.0
1.2817088157750849	0.43203293179495367	0.0
1.2832096457701374	0.4315180497534934	0.0
1.2847104757651902	0.4309997488423739	0.0
1.2862113057602431	0.4304780393117515	0.0
1.2877121357552959	0.42995293146912794	0.0
1.2892129657503488	0.42942443567922456	0.0
1.2907137957454016	0.4288925623637075	0.0
1.292214625740454	0.42835732200105914	0.0
1.293715455735507	0.4278187251263657	0.0
1.2952162857305598	0.4272767823311233	0.0
1.2967171157256128	0.4267315042630759	0.0
1.2982179457206655	0.4261829016259786	0.0
1.2997187757157183	0.4256309851794685	0.0
1.301219605710771	0.42507576573881245	0.0
1.3027204357058237	0.42451725417473946	0.0
1.3042212657008767	0.4239554614132695	0.0
1.3057220956959295	0.42339039843547593	0.0
1.3072229256909822	0.42282207627732016	0.0
1.308723755686035	0.42225050602945896	0.0
1.3102245856810877	0.4216756988370377	0.0
1.3117254156761406	0.4210976658995172	0.0
1.3132262456711934	0.4205164184704393	0.0
1.3147270756662461	0.4199319678572451	0.0
1.3162279056612989	0.4193443254211218	0.0
1.3177287356563516	0.41875350257671456	0.0
1.3192295656514046	0.4181595107920275	0.0
1.3207303956464573	0.4175623615881445	0.0
1.32223122564151	0.4169620665391013	0.0
1.3237320556365628	0.41635863727162686	0.0
1.3252328856316156	0.41575208546496917	0.0
1.3267337156266685	0.41514242285067404	0.0
1.3282345456217213	0.4145296612124152	0.0
1.3297353756167742	0.413913812385764	0.0
1.3312362056118268	0.4132948882579949	0.0
1.3327370356068795	0.4126729007679152	0.0
1.3342378656019325	0.4120478619055869	0.0
1.3357386955969852	0.4114197837121726	0.0
1.3372395255920382	0.4107886782797499	0.0
1.3387403555870907	0.4101545577510539	0.0
1.3402411855821437	0.4095174343193169	0.0
1.3417420155771964	0.4088773202280062	0.0
1.3432428455722492	0.40823422777066687	0.0
1.3447436755673021	0.4075881692906733	0.0
1.3462445055623549	0.40693915718104545	0.0
1.3477453355574076	0.4062872038842652	0.0
1.3492461655524604	0.4056323218919909	0.0
1.350746995547513	0.40497452374489773	0.0
1.352247825542566	0.40431382203246874	0.0
1.3537486555376188	0.4036502293927554	0.0
1.3552494855326715	0.40298375851218365	0.0
1.3567503155277243	0.40231442212529944	0.0
1.358251145522777	0.4016422330146474	0.0
1.35975197551783	0.40096720401042774	0.0
1.3612528055128827	0.4002893479903847	0.0
1.3627536355079355	0.39960867787955345	0.0
1.3642544655029882	0.39892520665000697	0.0
1.365755295498041	0.3982389473206679	0.0
1.367256125493094	0.3975499129571272	0.0
1.3687569554881467	0.3968581166713416	0.0
1.3702577854831994	0.39616357162146626	0.0
1.3717586154782522	0.39546629101164504	0.0
1.3732594454733051	0.39476628809172326	0.0
1.3747602754683579	0.39406357615708926	0.0
1.3762611054634106	0.3933581685484122	0.0
1.3777619354584634	0.39265007865143053	0.0
1.3792627654535161	0.3919393198967495	0.0
1.380763595448569	0.3912259057595332	0.0
1.3822644254436218	0.390509849759365	0.0
1.3837652554386746	0.38979116545999254	0.0
1.3852660854337275	0.3890698664690787	0.0
1.38676691542878	0.3883459664379715	0.0
1.388267745423833	0.3876194790615018	0.0
1.3897685754188858	0.38689041807773344	0.0
1.3912694054139385	0.3861587972676968	0.0
1.3927702354089915	0.38542463045523523	0.0
1.3942710654040442	0.384687931506701	0.0
1.395771895399097	0.3839487143307517	0.0
1.3972727253941497	0.38320699287806137	0.0
1.3987735553892024	0.38246278114116167	0.0
1.4002743853842554	0.3817160931541639	0.0
1.4017752153793082	0.3809669429925034	0.0
1.403276045374361	0.38021534477273017	0.0
1.4047768753694136	0.379461312652249	0.0
1.4062777053644664	0.3787048608290983	0.0
1.4077785353595194	0.3779460035416742	0.0
1.409279365354572	0.3771847550685151	0.0
1.4107801953496248	0.37642112972802033	0.0
1.4122810253446776	0.37565514187825344	0.0
1.4137818553397306	0.3748868059166803	0.0
1.4152826853347833	0.37411613627988205	0.0
1.416783515329836	0.37334314744337055	0.0
1.4182843453248888	0.3725678539212775	0.0
1.4197851753199415	0.3717902702661369	0.0
1.4212860053149945	0.3710104110686322	0.0
1.4227868353100472	0.3702282909573393	0.0
1.4242876653051	0.3694439245984666	0.0
1.4257884953001527	0.36865732669560214	0.0
1.4272893252952055	0.36786851198948034	0.0
1.4287901552902584	0.3670774952577125	0.0
1.4302909852853112	0.366284291314482	0.0
1.431791815280364	0.36548891501036557	0.0
1.4332926452754169	0.36469138123202627	0.0
1.4347934752704694	0.36389170490196715	0.0
1.4362943052655224	0.3630899009782445	0.0
1.4377951352605751	0.36228598445426424	0.0
1.4392959652556279	0.3614799703584453	0.0
1.4407967952506808	0.36067187375400983	0.0
1.4422976252457334	0.3598617097387088	0.0
1.4437984552407863	0.3590494934445173	0.0
1.445299285235839	0.3582352400374224	0.0
1.446800115230892	0.35741896471711	0.0
1.4483009452259448	0.3566006827167249	0.0
1.4498017752209975	0.35578040930259036	0.0
1.4513026052160503	0.3549581597739195	0.0
1.452803435211103	0.3541339494625798	0.0
1.454304265206156	0.3533077937327787	0.0
1.4558050952012087	0.35247970798082684	0.0
1.4573059251962615	0.3516497076348326	0.0
1.4588067551913142	0.3508178081544368	0.0
1.460307585186367	0.3499840250305608	0.0
1.46180841518142	0.34914837378509617	0.0
1.4633092451764727	0.3483108699706238	0.0
1.4648100751715254	0.3474715291701253	0.0
1.4663109051665781	0.34663036699674743	0.0
1.4678117351616309	0.34578739909348466	0.0
1.4693125651566838	0.34494264113291595	0.0
1.4708133951517366	0.3440961088169005	0.0
1.4723142251467893	0.34324781787628383	0.0
1.473815055141842	0.3423977840706625	0.0
1.4753158851368948	0.34154602318803795	0.0
1.4768167151319478	0.3406925510445452	0.0
1.4783175451270005	0.3398373834841876	0.0
1.4798183751220533	0.3389805363785194	0.0
1.481319205117106	0.3381220256263789	0.0
1.4828200351121588	0.3372618671535779	0.0
1.4843208651072117	0.3364000769126124	0.0
1.4858216951022645	0.33553667088239075	0.0
1.4873225250973174	0.3346716650678658	0.0
1.4888233550923702	0.3338050754998531	0.0
1.4903241850874227	0.3329369182346403	0.0
1.4918250150824757	0.3320672093537246	0.0
1.4933258450775284	0.33119596496351345	0.0
1.4948266750725814	0.3303232011950408	0.0
1.4963275050676341	0.32944893420361987	0.0
1.4978283350626869	0.3285731801685932	0.0
1.4993291650577396	0.3276959552929997	0.0
1.5008299950527924	0.32681727580328146	0.0
1.5023308250478453	0.32593715794898714	0.0
1.503831655042898	0.32505561800244964	0.0
1.5053324850379508	0.3241726722584796	0.0
1.5068333150330036	0.3232883370340772	0.0
1.5083341450280563	0.32240262866813707	0.0
1.5098349750231093	0.32151556352108474	0.0
1.511335805018162	0.3206271579746075	0.0
1.5128366350132147	0.3197374284313575	0.0
1.5143374650082675	0.31884639131460096	0.0
1.5158382950033202	0.317954063067939	0.0
1.5173391249983732	0.3170604601549762	0.0
1.518839954993426	0.3161655990590211	0.0
1.5203407849884787	0.31526949628275597	0.0
1.5218416149835314	0.3143721683479236	0.0
1.5233424449785842	0.3134736317950409	0.0
1.5248432749736371	0.31257390318304396	0.0
1.5263441049686899	0.3116729990889871	0.0
1.5278449349637429	0.3107709361077205	0.0
1.5293457649587954	0.3098677308515802	0.0
1.5308465949538481	0.3089633999500695	0.0
1.532347424948901	0.3080579600495252	0.0
1.5338482549439538	0.30715142781280597	0.0
1.5353490849390068	0.3062438199189556	0.0
1.5368499149340595	0.3053351530629194	0.0
1.538350744929112	0.3044254439551488	0.0
1.539851574924165	0.3035147093213796	0.0
1.5413524049192178	0.3026029659022017	0.0
1.5428532349142707	0.30169023045281806	0.0
1.5443540649093235	0.30077651974266645	0.0
1.545854894904376	0.2998618505551059	0.0
1.547355724899429	0.29894623968710937	0.0
1.5488565548944817	0.29802970394891	0.0
1.5503573848895347	0.297112260163689	0.0
1.5518582148845874	0.2961939251672326	0.0
1.5533590448796402	0.2952747158076327	0.0
1.5548598748746927	0.294354648944889	0.0
1.5563607048697456	0.293433741450668	0.0
1.5578615348647986	0.29251201020790035	0.0
1.5593623648598514	0.29158947211049757	0.0
1.560863194854904	0.2906661440629864	0.0
1.5623640248499568	0.2897420429801735	0.0
1.5638648548450098	0.2888171857868674	0.0
1.5653656848400623	0.28789158941747023	0.0
1.5668665148351153	0.2869652708156945	0.0
1.568367344830168	0.28603824693419166	0.0
1.5698681748252208	0.2851105347342363	0.0
1.5713690048202735	0.2841821511854268	0.0
1.5728698348153265	0.2832531132652583	0.0
1.5743706648103795	0.28232343795888337	0.0
1.575871494805432	0.28139314225871714	0.0
1.5773723248004847	0.28046224316410867	0.0
1.5788731547955377	0.2795307576810102	0.0
1.5803739847905902	0.2785987028216672	0.0
1.5818748147856432	0.277666095604207	0.0
1.5833756447806961	0.27673295305237394	0.0
1.584876474775749	0.2757992921951561	0.0
1.5863773047708014	0.27486513006643654	0.0
1.5878781347658544	0.2739304837046919	0.0
1.5893789647609073	0.2729953701526028	0.0
1.5908797947559599	0.27205980645676947	0.0
1.5923806247510128	0.2711238096672988	0.0
1.5938814547460656	0.2701873968375424	0.0
1.595382284741118	0.2692505850237139	0.0
1.596883114736171	0.2683133912845367	0.0
1.598383944731224	0.26737583268093984	0.0
1.5998847747262768	0.2664379262756774	0.0
1.6013856047213293	0.265499689133018	0.0
1.6028864347163823	0.264561138318391	0.0
1.6043872647114352	0.2636222908980403	0.0
1.6058880947064877	0.2626831639386887	0.0
1.6073889247015407	0.2617437745071795	0.0
1.6088897546965935	0.26080413967016675	0.0
1.6103905846916464	0.25986427649376076	0.0
1.611891414686699	0.25892420204315975	0.0
1.613392244681752	0.2579839333823382	0.0
1.6148930746768049	0.2570434875736792	0.0
1.6163939046718574	0.2561028816776677	0.0
1.6178947346669101	0.2551621327525099	0.0
1.619395564661963	0.25422125785382893	0.0
1.6208963946570156	0.25328027403428066	0.0
1.6223972246520686	0.25233919834323987	0.0
1.6238980546471213	0.25139804782644626	0.0
1.6253988846421743	0.2504568395256809	0.0
1.6268997146372268	0.2495155904783903	0.0
1.6284005446322798	0.2485743177173825	0.0
1.6299013746273328	0.24763303827043748	0.0
1.6314022046223853	0.24669176916003177	0.0
1.632903034617438	0.2457505274029155	0.0
1.634403864612491	0.2448093300098471	0.0
1.6359046946075435	0.24386819398521842	0.0
1.6374055246025965	0.24292713632670387	0.0
1.6389063545976494	0.24198617402494169	0.0
1.6404071845927022	0.24104532406316953	0.0
1.6419080145877547	0.24010460341690845	0.0
1.6434088445828077	0.23916402905360185	0.0
1.6449096745778606	0.23822361793227997	0.0
1.6464105045729132	0.23728338700324178	0.0
1.6479113345679661	0.23634335320768357	0.0
1.6494121645630189	0.235403533477387	0.0
1.6509129945580718	0.23446394473435714	0.0
1.6524138245531244	0.2335246038904993	0.0
1.6539146545481773	0.23258552784728564	0.0
1.65541548454323	0.23164673349539844	0.0
1.6569163145382828	0.23070823771441362	0.0
1.6584171445333356	0.22977005737243547	0.0
1.6599179745283885	0.22883220932579343	0.0
1.661418804523441	0.22789471041869308	0.0
1.662919634518494	0.22695757748287268	0.0
1.6644204645135467	0.2260208273372638	0.0
1.6659212945085997	0.22508447678767268	0.0
1.6674221245036522	0.22414854262644857	0.0
1.6689229544987052	0.22321304163213587	0.0
1.6704237844937582	0.22227799056914604	0.0
1.6719246144888107	0.22134340618742346	0.0
1.6734254444838634	0.22040930522211516	0.0
1.6749262744789164	0.2194757043932317	0.0
1.676427104473969	0.2185426204053234	0.0
1.6779279344690219	0.2176100699471538	0.0
1.6794287644640746	0.21667806969136602	0.0
1.6809295944591276	0.2157466362941547	0.0
1.6824304244541801	0.21481578639492385	0.0
1.683931254449233	0.2138855366159858	0.0
1.685432084444286	0.21295590356219327	0.0
1.6869329144393386	0.21202690382064737	0.0
1.6884337444343913	0.21109855396037394	0.0
1.6899345744294443	0.21017087053196107	0.0
1.6914354044244972	0.20924387006727593	0.0
1.6929362344195498	0.2083175690791112	0.0
1.6944370644146027	0.2073919840608771	0.0
1.6959378944096555	0.20646713148627446	0.0
1.697438724404708	0.20554302780896105	0.0
1.698939554399761	0.2046196894622524	0.0
1.700440384394814	0.2036971328587871	0.0
1.7019412143898665	0.20277537439020032	0.0
1.7034420443849194	0.20185443042682616	0.0
1.7049428743799722	0.20093431731736514	0.0
1.7064437043750251	0.20001505138855705	0.0
1.7079445343700776	0.19909664894488482	0.0
1.7094453643651306	0.19817912626825626	0.0
1.7109461943601834	0.19726249961765832	0.0
1.712447024355236	0.1963467852288962	0.0
1.7139478543502888	0.19543199931422486	0.0
1.7154486843453418	0.1945181580620748	0.0
1.7169495143403943	0.19360527763672983	0.0
1.7184503443354473	0.19269337417800986	0.0
1.7199511743305	0.19178246380095593	0.0
1.721452004325553	0.1908725625955427	0.0
1.7229528343206055	0.1899636866263539	0.0
1.7244536643156585	0.18905585193227484	0.0
1.7259544943107115	0.1881490745261961	0.0
1.727455324305764	0.18724337039468972	0.0
1.7289561543008167	0.18633875549773377	0.0
1.7304569842958697	0.18543524576838305	0.0
1.7319578142909227	0.1845328571124859	0.0
1.7334586442859752	0.18363160540834475	0.0
1.7349594742810281	0.1827315065064694	0.0
1.736460304276081	0.18183257622923968	0.0
1.7379611342711334	0.1809348303706308	0.0
1.7394619642661864	0.18003828469588068	0.0
1.7409627942612393	0.17914295494124094	0.0
1.7424636242562919	0.17824885681363278	0.0
1.7439644542513446	0.177356005990385	0.0
1.7454652842463976	0.17646441811893757	0.0
1.7469661142414505	0.1755741088165371	0.0
1.748466944236503	0.17468509366994814	0.0
1.749967774231556	0.1737973882351666	0.0
1.7514686042266088	0.17291100803713352	0.0
1.7529694342216613	0.17202596856943891	0.0
1.7544702642167143	0.17114228529403805	0.0
1.7559710942117672	0.1702599736409606	0.0
1.75747192420682	0.16937904900804007	0.0
1.7589727542018727	0.16849952676061067	0.0
1.7604735841969255	0.1676214222312303	0.0
1.7619744141919784	0.16674475071940542	0.0
1.763475244187031	0.165869527491318	0.0
1.764976074182084	0.16499576777952055	0.0
1.7664769041771367	0.16412348678267344	0.0
1.7679777341721894	0.16325269966527658	0.0
1.7694785641672421	0.16238342155736868	0.0
1.770979394162295	0.16151566755427085	0.0
1.772480224157348	0.16064945271632167	0.0
1.7739810541524006	0.15978479206855345	0.0
1.7754818841474533	0.15892170060049565	0.0
1.7769827141425063	0.15806019326584617	0.0
1.7784835441375588	0.1572002849822307	0.0
1.7799843741326118	0.15634199063092227	0.0
1.7814852041276648	0.15548532505657225	0.0
1.7829860341227173	0.15463030306695255	0.0
1.78448686411777	0.15377693943269288	0.0
1.785987694112823	0.15292524888700762	0.0
1.787488524107876	0.1520752461254421	0.0
1.7889893541029285	0.1512269458056009	0.0
1.7904901840979814	0.15038036254690723	0.0
1.7919910140930342	0.14953551093032558	0.0
1.7934918440880867	0.1486924054981051	0.0
1.7949926740831397	0.14785106075352744	0.0
1.7964935040781926	0.14701149116065745	0.0
1.7979943340732454	0.1461737111440855	0.0
1.7994951640682981	0.14533773508866374	0.0
1.8009959940633509	0.1445035773392805	0.0
1.8024968240584038	0.1436712522005793	0.0
1.8039976540534564	0.1428407739367264	0.0
1.8054984840485093	0.14201215677115964	0.0
1.806999314043562	0.14118541488635306	0.0
1.8085001440386146	0.14036056242354225	0.0
1.8100009740336676	0.13953761348250715	0.0
1.8115018040287205	0.13871658212132007	0.0
1.8130026340237735	0.13789748235610824	0.0
1.814503464018826	0.13708032816079999	0.0
1.8160042940138788	0.13626513346690303	0.0
1.8175051240089317	0.13545191216325048	0.0
1.8190059540039842	0.13464067809578403	0.0
1.8205067839990372	0.13383144506728337	0.0
1.82200761399409	0.13302422683716575	0.0
1.8235084439891427	0.13221903712124078	0.0
1.8250092739841954	0.1314158895914831	0.0
1.8265101039792484	0.1306147978757817	0.0
1.8280109339743014	0.1298157755577386	0.0
1.8295117639693539	0.1290188361764217	0.0
1.8310125939644066	0.1282239932261384	0.0
1.8325134239594596	0.12743126015621944	0.0
1.8340142539545121	0.12664065037079517	0.0
1.835515083949565	0.1258521772285572	0.0
1.837015913944618	0.12506585404254747	0.0
1.8385167439396708	0.12428169407993722	0.0
1.8400175739347233	0.12349971056180085	0.0
1.8415184039297763	0.12271991666290631	0.0
1.8430192339248292	0.12194232551149825	0.0
1.8445200639198818	0.12116695018906536	0.0
1.8460208939149347	0.12039380373014492	0.0
1.8475217239099875	0.11962289912209954	0.0
1.84902255390504	0.11885424930490882	0.0
1.850523383900093	0.11808786717095832	0.0
1.852024213895146	0.1173237655648227	0.0
1.8535250438901987	0.11656195728307098	0.0
1.8550258738852514	0.11580245507404671	0.0
1.8565267038803042	0.11504527163766741	0.0
1.8580275338753571	0.11429041962520986	0.0
1.8595283638704097	0.1135379116391296	0.0
1.8610291938654626	0.11278776023284065	0.0
1.8625300238605154	0.11203997791050978	0.0
1.864030853855568	0.11129457712686112	0.0
1.8655316838506208	0.1105515702869954	0.0
1.8670325138456738	0.10981096974617113	0.0
1.8685333438407268	0.1090727878096163	0.0
1.8700341738357793	0.1083370367323319	0.0
1.871535003830832	0.10760372871889419	0.0
1.873035833825885	0.10687287592327353	0.0
1.8745366638209375	0.10614449044862911	0.0
1.8760374938159905	0.10541858434713144	0.0
1.8775383238110435	0.1046951696197646	0.0
1.8790391538060962	0.10397425821613633	0.0
1.8805399838011487	0.1032558620343031	0.0
1.8820408137962017	0.10253999292057746	0.0
1.8835416437912547	0.10182666266933998	0.0
1.8850424737863072	0.10111588302286795	0.0
1.88654330378136	0.10040766567114259	0.0
1.888044133776413	0.09970202225167273	0.0
1.8895449637714654	0.09899896434932023	0.0
1.8910457937665184	0.09829850349611144	0.0
1.8925466237615713	0.09760065117105979	0.0
1.894047453756624	0.09690541880001252	0.0
1.8955482837516766	0.09621281775545033	0.0
1.8970491137467296	0.09552285935632548	0.0
1.8985499437417825	0.09483555486788608	0.0
1.900050773736835	0.09415091550151392	0.0
1.901551603731888	0.09346895241454035	0.0
1.9030524337269408	0.09278967671008687	0.0
1.9045532637219937	0.09211309943690095	0.0
1.9060540937170463	0.0914392315891805	0.0
1.9075549237120992	0.09076808410641256	0.0
1.909055753707152	0.09009966787322225	0.0
1.9105565837022047	0.08943399371918234	0.0
1.9120574136972575	0.08877107241868014	0.0
1.9135582436923104	0.08811091469073583	0.0
1.915059073687363	0.08745353119885786	0.0
1.916559903682416	0.08679893255088007	0.0
1.9180607336774687	0.08614712929880172	0.0
1.9195615636725216	0.08549813193864148	0.0
1.9210623936675741	0.08485195091026458	0.0
1.922563223662627	0.08420859659725219	0.0
1.92406405365768	0.08356807932673546	0.0
1.9255648836527326	0.08293040936924415	0.0
1.9270657136477853	0.08229559693856434	0.0
1.9285665436428383	0.08166365219158173	0.0
1.9300673736378908	0.08103458522814039	0.0
1.9315682036329438	0.08040840609089817	0.0
1.9330690336279968	0.07978512476516939	0.0
1.9345698636230495	0.07916475117879791	0.0
1.936070693618102	0.07854729520199406	0.0
1.937571523613155	0.0779327666472149	0.0
1.939072353608208	0.07732117526900785	0.0
1.9405731836032605	0.07671253076388009	0.0
1.9420740135983134	0.07610684277014895	0.0
1.9435748435933662	0.0755041208678235	0.0
1.9450756735884192	0.074904374578448	0.0
1.9465765035834717	0.07430761336497865	0.0
1.9480773335785246	0.07371384663165048	0.0
1.9495781635735774	0.07312308372383865	0.0
1.95107899356863	0.07253533392792962	0.0
1.9525798235636829	0.07195060647119576	0.0
1.9540806535587358	0.0713689105216576	0.0
1.9555814835537884	0.07079025518796056	0.0
1.9570823135488413	0.07021464951925024	0.0
1.958583143543894	0.06964210250503503	0.0
1.960083973538947	0.06907262307508044	0.0
1.9615848035339996	0.0685062200992686	0.0
1.9630856335290525	0.0679429023874822	0.0
1.9645864635241053	0.06738267868948543	0.0
1.966087293519158	0.06682555769479956	0.0
1.9675881235142108	0.0662715480325871	0.0
1.9690889535092637	0.06572065827152755	0.0
1.9705897835043162	0.06517289691971578	0.0
1.9720906134993692	0.06462827242452217	0.0
1.973591443494422	0.0640867931725012	0.0
1.975092273489475	0.0635484674892626	0.0
1.9765931034845274	0.06301330363936593	0.0
1.9780939334795804	0.062481309826207615	0.0
1.9795947634746334	0.06195249419191036	0.0
1.981095593469686	0.06142686481721543	0.0
1.9825964234647386	0.06090442972137222	0.0
1.9840972534597916	0.06038519686203156	0.0
1.9855980834548446	0.05986917413514257	0.0
1.987098913449897	0.05935636937484558	0.0
1.98859974344495	0.0588467903533684	0.0
1.9901005734400028	0.058340444780922866	0.0
1.9916014034350553	0.05783734030561303	0.0
1.9931022334301083	0.057337484513317355	0.0
1.9946030634251612	0.05684088492760372	0.0
1.9961038934202138	0.05634754900962452	0.0
1.9976047234152667	0.05585748415802432	0.0
1.9991055534103195	0.05537069770883618	0.0
2.0006063834053722	0.054887196935397176	0.0
2.002107213400425	0.054406989048248484	0.0
2.0036080433954777	0.05393008119504024	0.0
2.005108873390531	0.053456480460445044	0.0
2.006609703385583	0.052986193866065186	0.0
2.0081105333806364	0.05251922837034779	0.0
2.009611363375689	0.052055590868489626	0.0
2.011112193370742	0.051595288192349716	0.0
2.0126130233657946	0.05113832711037304	0.0
2.0141138533608474	0.05068471432749315	0.0
2.0156146833559005	0.05023445648505717	0.0
2.017115513350953	0.0497875601607398	0.0
2.0186163433460056	0.04934403186846056	0.0
2.020117173341059	0.04890387805830491	0.0
2.021618003336111	0.04846710511644415	0.0
2.0231188333311643	0.048033719365054794	0.0
2.024619663326217	0.04760372706224972	0.0
2.0261204933212698	0.047177134401987605	0.0
2.0276213233163225	0.046753947514011615	0.0
2.0291221533113752	0.04633417246376758	0.0
2.0306229833064284	0.04591781525233263	0.0
2.0321238133014807	0.045504881816343996	0.0
2.0336246432965335	0.045095378027926784	0.0
2.0351254732915867	0.04468930969462653	0.0
2.036626303286639	0.04428668255934037	0.0
2.038127133281692	0.04388750230024678	0.0
2.039627963276745	0.0434917745307419	0.0
2.0411287932717976	0.04309950479937059	0.0
2.0426296232668504	0.04271069858977052	0.0
2.044130453261903	0.04232536132059864	0.0
2.0456312832569563	0.04194349834547866	0.0
2.0471321132520086	0.04156511495292932	0.0
2.048632943247062	0.041190216366313585	0.0
2.0501337732421145	0.04081880774377808	0.0
2.0516346032371673	0.04045089417819391	0.0
2.05313543323222	0.040086480697097464	0.0
2.0546362632272728	0.039725572262640514	0.0
2.0561370932223255	0.03936817377153332	0.0
2.0576379232173783	0.0390142900549908	0.0
2.059138753212431	0.03866392587868149	0.0
2.060639583207484	0.03831708594267657	0.0
2.0621404132025365	0.03797377488139684	0.0
2.0636412431975897	0.037633997263566955	0.0
2.0651420731926424	0.03729775759216759	0.0
2.066642903187695	0.03696506030438709	0.0
2.068143733182748	0.03663590977157737	0.0
2.0696445631778007	0.03631031029921007	0.0
2.071145393172854	0.03598826612682852	0.0
2.072646223167906	0.03566978142801367	0.0
2.074147053162959	0.03535486031033365	0.0
2.075647883158012	0.03504350681531147	0.0
2.0771487131530644	0.034735724918381825	0.0
2.0786495431481176	0.034431518528850215	0.0
2.0801503731431703	0.034130891489866096	0.0
2.081651203138223	0.033833847578378824	0.0
2.083152033133276	0.03354039050510336	0.0
2.0846528631283285	0.033250523914492756	0.0
2.0861536931233817	0.03296425138469917	0.0
2.087654523118434	0.032681576427546315	0.0
2.089155353113487	0.032402502488497555	0.0
2.09065618310854	0.032127032946629525	0.0
2.0921570131035927	0.031855171114600914	0.0
2.0936578430986454	0.03158692023862667	0.0
2.095158673093698	0.03132228349845293	0.0
2.096659503088751	0.031061264007333417	0.0
2.0981603330838037	0.030803864812003343	0.0
2.0996611630788564	0.03055008889265855	0.0
2.1011619930739096	0.03029993916293333	0.0
2.102662823068962	0.03005341846988125	0.0
2.104163653064015	0.029810529593956185	0.0
2.105664483059068	0.02957127524899121	0.0
2.1071653130541206	0.02933565808218788	0.0
2.1086661430491733	0.0291036806740971	0.0
2.110166973044226	0.02887534553859954	0.0
2.111667803039279	0.028650655122900753	0.0
2.1131686330343316	0.02842961180751305	0.0
2.1146694630293843	0.028212217906246326	0.0
2.1161702930244375	0.027998475666196843	0.0
2.11767112301949	0.027788387267740404	0.0
2.119171953014543	0.02758195482452006	0.0
2.1206727830095957	0.027379180383442704	0.0
2.1221736130046485	0.027180065924672453	0.0
2.123674442999701	0.026984613361626063	0.0
2.125175272994754	0.02679282454096675	0.0
2.126676102989807	0.026604701242608376	0.0
2.1281769329848594	0.026420245179705856	0.0
2.129677762979912	0.026239457998659746	0.0
2.1311785929749654	0.026062341279115928	0.0
2.132679422970018	0.025888896533968062	0.0
2.134180252965071	0.025719125209360965	0.0
2.1356810829601236	0.025553028684691885	0.0
2.1371819129551763	0.025390608272620536	0.0
2.138682742950229	0.02523186521907022	0.0
2.140183572945282	0.025076800703240573	0.0
2.141684402940335	0.02492541583761075	0.0
2.1431852329353873	0.024777711667954477	0.0
2.1446860629304405	0.024633689173346972	0.0
2.1461868929254933	0.02449334926617849	0.0
2.147687722920546	0.02435669279216616	0.0
2.1491885529155987	0.024223720530369267	0.0
2.1506893829106515	0.024094433193203816	0.0
2.1521902129057042	0.023968831426459305	0.0
2.153691042900757	0.023846915809313536	0.0
2.1551918728958097	0.023728686854357226	0.0
2.156692702890863	0.023614145007606287	0.0
2.158193532885915	0.023503290648527894	0.0
2.1596943628809684	0.023396124090057147	0.0
2.161195192876021	0.02329264557862705	0.0
2.162696022871074	0.023192855294185927	0.0
2.1641968528661266	0.023096753350224694	0.0
2.1656976828611794	0.023004339793803803	0.0
2.1671985128562326	0.022915614605579816	0.0
2.168699342851285	0.02283057769983405	0.0
2.1702001728463376	0.022749228924500486	0.0
2.171701002841391	0.022671568061197522	0.0
2.1732018328364435	0.022597594825259405	0.0
2.1747026628314963	0.02252730886576907	0.0
2.176203492826549	0.022460709765591894	0.0
2.1777043228216018	0.02239779704140837	0.0
2.1792051528166545	0.02233857014375371	0.0
2.1807059828117072	0.022283028457051157	0.0
2.1822068128067604	0.022231171299652925	0.0
2.1837076428018127	0.022182997923876614	0.0
2.1852084727968655	0.022138507516047262	0.0
2.1867093027919187	0.022097699196538072	0.0
2.1882101327869714	0.02206057201981275	0.0
2.189710962782024	0.022027124974467915	0.0
2.191211792777077	0.021997356983277958	0.0
2.1927126227721296	0.021971266903242873	0.0
2.1942134527671824	0.021948853525630196	0.0
2.195714282762235	0.021930115576026286	0.0
2.1972151127572883	0.02191505171438366	0.0
2.198715942752341	0.021903660535070528	0.0
2.200216772747394	0.021895940566922005	0.0
2.2017176027424465	0.02189189027329139	0.0
2.2032184327374993	0.021891508052102514	0.0
2.204719262732552	0.02189479223590529	0.0
2.2062200927276048	0.021901741091929525	0.0
2.2077209227226575	0.021912352822141053	0.0
2.2092217527177103	0.02192662556329774	0.0
2.210722582712763	0.021944557387009477	0.0
2.212223412707816	0.021966146299794556	0.0
2.213724242702869	0.021991390243142027	0.0
2.2152250726979217	0.022020287093573124	0.0
2.2167259026929744	0.022052834662700287	0.0
2.218226732688027	0.022089030697293458	0.0
2.21972756268308	0.022128872879344185	0.0
2.2212283926781327	0.02217235882612837	0.0
2.222729222673186	0.02221948609027289	0.0
2.224230052668238	0.02227025215982481	0.0
2.225730882663291	0.02232465445831791	0.0
2.227231712658344	0.02238269034484282	0.0
2.228732542653397	0.022444357114116544	0.0
2.2302333726484496	0.02250965199655355	0.0
2.2317342026435023	0.022578572158338982	0.0
2.233235032638555	0.022651114701500594	0.0
2.234735862633608	0.022727276663983487	0.0
2.2362366926286605	0.022807055019726376	0.0
2.2377375226237137	0.02289044667873462	0.0
2.2392383526187665	0.022977448487160605	0.0
2.2407391826138188	0.023068057227381162	0.0
2.242240012608872	0.023162269618074084	0.0
2.2437408426039247	0.023260082314302283	0.0
2.2452416725989774	0.023361491907590622	0.0
2.24674250259403	0.02346649492601146	0.0
2.248243332589083	0.02357508783426537	0.0
2.2497441625841357	0.023687267033766557	0.0
2.2512449925791884	0.023803028862725766	0.0
2.2527458225742416	0.023922369596237558	0.0
2.2542466525692944	0.024045285446366287	0.0
2.255747482564347	0.02417177256223527	0.0
2.2572483125594	0.024301827030114662	0.0
2.2587491425544526	0.024435444873509446	0.0
2.2602499725495053	0.024572622053251503	0.0
2.261750802544558	0.02471335446759126	0.0
2.263251632539611	0.02485763795228964	0.0
2.2647524625346636	0.025005468280710316	0.0
2.2662532925297163	0.025156841163917226	0.0
2.2677541225247695	0.02531175225076578	0.0
2.2692549525198222	0.025470197128001425	0.0
2.270755782514875	0.025632171320355772	0.0
2.2722566125099277	0.02579767029064422	0.0
2.2737574425049805	0.025966689439866256	0.0
2.275258272500033	0.0261392241073011	0.0
2.276759102495086	0.026315269570614308	0.0
2.278259932490139	0.026494821045954266	0.0
2.279760762485192	0.026677873688059777	0.0
2.281261592480244	0.026864422590357182	0.0
2.2827624224752974	0.02705446278506806	0.0
2.28426325247035	0.027247989243313356	0.0
2.285764082465403	0.027444996875221686	0.0
2.2872649124604556	0.02764548053003214	0.0
2.2887657424555083	0.027849434996206852	0.0
2.290266572450561	0.028056855001533612	0.0
2.291767402445614	0.028267735213240556	0.0
2.293268232440667	0.028482070238103358	0.0
2.2947690624357198	0.028699854622558797	0.0
2.2962698924307725	0.02892108285281435	0.0
2.2977707224258253	0.02914574935496296	0.0
2.299271552420878	0.02937384849509584	0.0
2.3007723824159307	0.029605374579417493	0.0
2.3022732124109835	0.029840321854361525	0.0
2.3037740424060362	0.030078684506706033	0.0
2.3052748724010894	0.030320456663691108	0.0
2.3067757023961417	0.0305656323931383	0.0
2.308276532391195	0.030814205703567268	0.0
2.3097773623862476	0.031066170544314983	0.0
2.3112781923813004	0.031321520805658976	0.0
2.312779022376353	0.03158025031893827	0.0
2.314279852371406	0.03184235285667335	0.0
2.3157806823664586	0.03210782213269007	0.0
2.3172815123615114	0.03237665180224383	0.0
2.318782342356564	0.03264883546214487	0.0
2.3202831723516173	0.032924366650883045	0.0
2.3217840023466696	0.033203238848752384	0.0
2.323284832341723	0.03348544547798104	0.0
2.3247856623367755	0.033770979902859655	0.0
2.3262864923318283	0.03405983542986697	0.0
2.327787322326881	0.03435200530779801	0.0
2.3292881523219338	0.03464748272790259	0.0
2.3307889823169865	0.0349462608240072	0.0
2.3322898123120392	0.03524833267265036	0.0
2.3337906423070924	0.03555369129321778	0.0
2.335291472302145	0.03586232964807347	0.0
2.3367923022971975	0.036174240642693006	0.0
2.3382931322922507	0.03648941712580191	0.0
2.3397939622873034	0.03680785188950793	0.0
2.341294792282356	0.03712953766943845	0.0
2.342795622277409	0.037454467144882625	0.0
2.3442964522724616	0.037782632938921513	0.0
2.345797282267515	0.03811402761857365	0.0
2.347298112262567	0.03844864369493415	0.0
2.3487989422576203	0.03878647362331157	0.0
2.350299772252673	0.03912750980337075	0.0
2.351800602247726	0.03947174457927835	0.0
2.3533014322427785	0.039819170239841675	0.0
2.3548022622378313	0.04016977901865231	0.0
2.356303092232884	0.04052356309423341	0.0
2.3578039222279368	0.04088051459018558	0.0
2.3593047522229895	0.04124062557533011	0.0
2.3608055822180427	0.04160388806385471	0.0
2.362306412213095	0.04197029401546376	0.0
2.363807242208148	0.042339835335528854	0.0
2.365308072203201	0.04271250387522901	0.0
2.3668089021982537	0.043088291431707476	0.0
2.3683097321933064	0.043467189748228004	0.0
2.369810562188359	0.043849190514310646	0.0
2.371311392183412	0.044234285365899365	0.0
2.3728122221784647	0.04462246588550342	0.0
2.374313052173518	0.04501372360235777	0.0
2.3758138821685706	0.0454080499925763	0.0
2.377314712163623	0.04580543647930644	0.0
2.378815542158676	0.046205874432882495	0.0
2.380316372153729	0.04660935517099078	0.0
2.3818172021487816	0.04701586995881311	0.0
2.3833180321438343	0.0474254100091977	0.0
2.384818862138887	0.047837966482814215	0.0
2.3863196921339402	0.0482535304883132	0.0
2.3878205221289925	0.0486720930824819	0.0
2.3893213521240457	0.049093645270415896	0.0
2.3908221821190985	0.04951817800566998	0.0
2.3923230121141508	0.049945682190429774	0.0
2.393823842109204	0.05037614867566991	0.0
2.3953246721042567	0.05080956826132169	0.0
2.3968255020993094	0.051245931696434634	0.0
2.398326332094362	0.0516852296793452	0.0
2.399827162089415	0.052127452857842656	0.0
2.401327992084468	0.05257259182933789	0.0
2.4028288220795204	0.05302063714102862	0.0
2.4043296520745736	0.05347157929006991	0.0
2.4058304820696264	0.053925408723741575	0.0
2.407331312064679	0.054382115839622394	0.0
2.408832142059732	0.05484169098575957	0.0
2.4103329720547846	0.05530412446084239	0.0
2.4118338020498373	0.055769406514371324	0.0
2.41333463204489	0.05623752734683409	0.0
2.414835462039943	0.05670847710987945	0.0
2.416336292034996	0.05718224590649442	0.0
2.4178371220300483	0.05765882379117345	0.0
2.4193379520251015	0.05813820077010159	0.0
2.4208387820201542	0.05862036680133155	0.0
2.422339612015207	0.059105311794958294	0.0
2.4238404420102597	0.059593025613300286	0.0
2.4253412720053125	0.06008349807107956	0.0
2.4268421020003657	0.060576718935599724	0.0
2.428342931995418	0.06107267792692923	0.0
2.429843761990471	0.0615713647180828	0.0
2.431344591985524	0.06207276893520658	0.0
2.432845421980576	0.06257688015775867	0.0
2.4343462519756294	0.06308368791869401	0.0
2.435847081970682	0.06359318170465038	0.0
2.437347911965735	0.0641053509561364	0.0
2.4388487419607876	0.06462018506771587	0.0
2.4403495719558403	0.06513767338819192	0.0
2.4418504019508935	0.06565780522080297	0.0
2.443351231945946	0.06618056982341089	0.0
2.444852061940999	0.06670595640868059	0.0
2.4463528919360518	0.06723395414428418	0.0
2.447853721931104	0.06776455215308498	0.0
2.4493545519261573	0.06829773951333282	0.0
2.45085538192121	0.0688335052588592	0.0
2.452356211916263	0.06937183837926542	0.0
2.4538570419113155	0.06991272782011805	0.0
2.4553578719063682	0.07045616248315145	0.0
2.4568587019014214	0.07100213122645846	0.0
2.4583595318964737	0.07155062286469001	0.0
2.459860361891527	0.07210162616925328	0.0
2.4613611918865796	0.07265512986850545	0.0
2.4628620218816324	0.07321112264796052	0.0
2.464362851876685	0.07376959315049064	0.0
2.465863681871738	0.07433052997651969	0.0
2.467364511866791	0.07489392168422884	0.0
2.4688653418618434	0.07545975678976807	0.0
2.470366171856896	0.07602802376744994	0.0
2.4718670018519493	0.07659871104994834	0.0
2.4733678318470016	0.07717180702852494	0.0
2.474868661842055	0.07774730005322032	0.0
2.4763694918371075	0.07832517843306237	0.0
2.4778703218321603	0.0789054304362797	0.0
2.479371151827213	0.07948804429050453	0.0
2.4808719818222658	0.08007300818298871	0.0
2.482372811817319	0.08066031026081084	0.0
2.4838736418123712	0.08124993863108874	0.0
2.4853744718074244	0.08184188136119287	0.0
2.486875301802477	0.08243612647895701	0.0
2.4883761317975295	0.08303266197289354	0.0
2.4898769617925827	0.08363147579241245	0.0
2.4913777917876354	0.08423255584802587	0.0
2.492878621782688	0.08483589001158276	0.0
2.494379451777741	0.08544146611646569	0.0
2.4958802817727936	0.08604927195782766	0.0
2.497381111767847	0.08665929529279871	0.0
2.498881941762899	0.08727152384071753	0.0
2.5003827717579523	0.08788594528334004	0.0
2.501883601753005	0.08850254726506934	0.0
2.503384431748058	0.08912131739318072	0.0
2.5048852617431105	0.0897422432380396	0.0
2.5063860917381633	0.09036531233332344	0.0
2.5078869217332165	0.09099051217625657	0.0
2.509387751728269	0.09161783022783032	0.0
2.5108885817233215	0.0922472539130349	0.0
2.5123894117183747	0.09287877062108053	0.0
2.513890241713427	0.09351236770563573	0.0
2.51539107170848	0.0941480324850517	0.0
2.516891901703533	0.09478575224258766	0.0
2.5183927316985857	0.09542551422665314	0.0
2.5198935616936384	0.09606730565103791	0.0
2.521394391688691	0.09671111369513934	0.0
2.5228952216837444	0.09735692550420444	0.0
2.5243960516787967	0.09800472818956205	0.0
2.5258968816738494	0.09865450882886531	0.0
2.5273977116689026	0.09930625446630899	0.0
2.528898541663955	0.09995995211289316	0.0
2.530399371659008	0.10061558874664703	0.0
2.531900201654061	0.10127315131287164	0.0
2.5334010316491136	0.10193262672438555	0.0
2.5349018616441663	0.10259400186175427	0.0
2.536402691639219	0.1032572635735458	0.0
2.5379035216342722	0.10392239867657019	0.0
2.5394043516293245	0.1045893939561209	0.0
2.5409051816243777	0.1052582361662185	0.0
2.5424060116194305	0.10592891202986567	0.0
2.5439068416144828	0.10660140823929251	0.0
2.545407671609536	0.10727571145619297	0.0
2.5469085016045887	0.10795180831198978	0.0
2.5484093315996414	0.10862968540807125	0.0
2.549910161594694	0.1093093293160469	0.0
2.551410991589747	0.10999072657800511	0.0
2.5529118215848	0.11067386370675204	0.0
2.5544126515798524	0.11135872718608109	0.0
2.5559134815749056	0.11204530347101581	0.0
2.5574143115699584	0.11273357898806802	0.0
2.558915141565011	0.1134235401354964	0.0
2.560415971560064	0.11411517328356234	0.0
2.5619168015551166	0.11480846477478832	0.0
2.5634176315501698	0.11550340092420859	0.0
2.564918461545222	0.11619996801963768	0.0
2.566419291540275	0.11689815232194094	0.0
2.567920121535328	0.1175979400652716	0.0
2.5694209515303803	0.11829931745735506	0.0
2.5709217815254335	0.1190022706797301	0.0
2.5724226115204862	0.11970678588804155	0.0
2.573923441515539	0.12041284921227989	0.0
2.5754242715105917	0.12112044675706662	0.0
2.5769251015056445	0.12182956460189896	0.0
2.5784259315006977	0.12254018880143648	0.0
2.57992676149575	0.12325230538577123	0.0
2.581427591490803	0.12396590036067905	0.0
2.582928421485856	0.12468095970789925	0.0
2.584429251480908	0.125397469385411	0.0
2.5859300814759614	0.1261154153277041	0.0
2.587430911471014	0.12683478344604318	0.0
2.588931741466067	0.1275555596287509	0.0
2.5904325714611196	0.1282777297414709	0.0
2.5919334014561723	0.1290012796274578	0.0
2.5934342314512255	0.1297261951078495	0.0
2.594935061446278	0.13045246198193303	0.0
2.596435891441331	0.1311800660274338	0.0
2.5979367214363838	0.13190899300078907	0.0
2.5994375514314365	0.13263922863743333	0.0
2.6009383814264893	0.1333707586520673	0.0
2.602439211421542	0.1341035687389552	0.0
2.6039400414165947	0.13483764457219788	0.0
2.6054408714116475	0.13557297180600691	0.0
2.6069417014067002	0.13630953607500226	0.0
2.6084425314017534	0.1370473229944978	0.0
2.6099433613968057	0.1377863181607669	0.0
2.611444191391859	0.13852650715135084	0.0
2.6129450213869116	0.1392678755253335	0.0
2.6144458513819644	0.1400104088236253	0.0
2.615946681377017	0.14075409256926552	0.0
2.61744751137207	0.14149891226770084	0.0
2.618948341367123	0.1422448534070748	0.0
2.6204491713621754	0.14299190145852023	0.0
2.621950001357228	0.14374004187645462	0.0
2.6234508313522813	0.14448926009886393	0.0
2.6249516613473336	0.14523954154759952	0.0
2.626452491342387	0.14599087162867208	0.0
2.6279533213374395	0.14674323573254666	0.0
2.6294541513324923	0.1474966192344378	0.0
2.630954981327545	0.14825100749458867	0.0
2.6324558113225978	0.14900638585859483	0.0
2.633956641317651	0.1497627396576834	0.0
2.6354574713127032	0.15052005420901993	0.0
2.6369583013077564	0.15127831481597856	0.0
2.638459131302809	0.1520375067684852	0.0
2.639959961297862	0.1527976153432814	0.0
2.6414607912929147	0.15355862580424853	0.0
2.6429616212879674	0.1543205234026913	0.0
2.64446245128302	0.15508329337763915	0.0
2.645963281278073	0.15584692095615235	0.0
2.6474641112731256	0.15661139135363794	0.0
2.648964941268179	0.15737668977411817	0.0
2.650465771263231	0.1581428014105772	0.0
2.6519666012582843	0.15890971144523908	0.0
2.653467431253337	0.15967740504986255	0.0
2.65496826124839	0.16044586738607716	0.0
2.6564690912434425	0.16121508360565687	0.0
2.6579699212384953	0.16198503885084262	0.0
2.6594707512335485	0.16275571825466836	0.0
2.660971581228601	0.1635271069412149	0.0
2.6624724112236535	0.1642991900259791	0.0
2.6639732412187067	0.1650719526161261	0.0
2.665474071213759	0.16584537981084513	0.0
2.666974901208812	0.1666194567016261	0.0
2.668475731203865	0.16739416837258256	0.0
2.6699765611989177	0.16816949990075233	0.0
2.6714773911939704	0.1689454363564308	0.0
2.672978221189023	0.1697219628034628	0.0
2.6744790511840764	0.17049906429953837	0.0
2.6759798811791287	0.17127672589653342	0.0
2.6774807111741814	0.17205493264081084	0.0
2.6789815411692346	0.17283366957352242	0.0
2.6804823711642873	0.17361292173094683	0.0
2.68198320115934	0.17439267414477078	0.0
2.683484031154393	0.17517291184241757	0.0
2.6849848611494456	0.17595361984736765	0.0
2.6864856911444983	0.17673478317946115	0.0
2.687986521139551	0.17751638685521132	0.0
2.6894873511346042	0.17829841588813103	0.0
2.6909881811296565	0.17908085528902154	0.0
2.6924890111247097	0.17986369006631503	0.0
2.6939898411197625	0.18064690522637722	0.0
2.695490671114815	0.18143048577381554	0.0
2.696991501109868	0.18221441671180696	0.0
2.6984923311049207	0.1829986830424122	0.0
2.6999931610999734	0.18378326976688694	0.0
2.701493991095026	0.18456816188598932	0.0
2.702994821090079	0.18535334440030732	0.0
2.704495651085132	0.18613880231057273	0.0
2.7059964810801844	0.18692452061796758	0.0
2.7074973110752376	0.18771048432444837	0.0
2.7089981410702904	0.18849667843307344	0.0
2.710498971065343	0.18928308794830245	0.0
2.711999801060396	0.19006969787630654	0.0
2.7135006310554486	0.19085649322530637	0.0
2.7150014610505018	0.1916434590058717	0.0
2.716502291045554	0.19243058023124365	0.0
2.718003121040607	0.19321784191765318	0.0
2.71950395103566	0.19400522908463094	0.0
2.7210047810307127	0.19479272675531306	0.0
2.7225056110257655	0.19558031995679226	0.0
2.7240064410208182	0.19636799372040445	0.0
2.725507271015871	0.1971557330820471	0.0
2.7270081010109237	0.19794352308249677	0.0
2.7285089310059765	0.19873134876773202	0.0
2.7300097610010297	0.19951919518923666	0.0
2.731510590996082	0.20030704740433314	0.0
2.7330114209911347	0.20109489047647902	0.0
2.734512250986188	0.20188270947559153	0.0
2.7360130809812406	0.20267048947835223	0.0
2.7375139109762934	0.2034582155685272	0.0
2.739014740971346	0.20424587283730655	0.0
2.740515570966399	0.2050334463835732	0.0
2.7420164009614516	0.20582092131422	0.0
2.7435172309565043	0.20660828274451376	0.0
2.7450180609515575	0.2073955157983607	0.0
2.7465188909466103	0.20818260560862278	0.0
2.748019720941663	0.208969537317455	0.0
2.7495205509367158	0.20975629607658813	0.0
2.7510213809317685	0.21054286704766645	0.0
2.7525222109268213	0.21132923540253426	0.0
2.754023040921874	0.21211538632355592	0.0
2.7555238709169267	0.21290130500394028	0.0
2.7570247009119795	0.21368697664803626	0.0
2.7585255309070322	0.2144723864716389	0.0
2.7600263609020854	0.21525751970229604	0.0
2.761527190897138	0.21604236157964038	0.0
2.763028020892191	0.216826897355663	0.0
2.7645288508872436	0.2176111122950531	0.0
2.7660296808822964	0.21839499167548262	0.0
2.767530510877349	0.2191785207879195	0.0
2.769031340872402	0.21996168493692966	0.0
2.770532170867455	0.22074446944098886	0.0
2.7720330008625074	0.22152685963277602	0.0
2.77353383085756	0.2223088408594942	0.0
2.7750346608526133	0.2230903984831639	0.0
2.776535490847666	0.22387151788091544	0.0
2.778036320842719	0.2246521844453079	0.0
2.7795371508377715	0.22543238358462475	0.0
2.7810379808328243	0.22621210072314918	0.0
2.782538810827877	0.22699132130150562	0.0
2.7840396408229298	0.22777003077694194	0.0
2.785540470817983	0.22854821462361513	0.0
2.7870413008130357	0.2293258583328923	0.0
2.7885421308080884	0.23010294741367263	0.0
2.790042960803141	0.23087946739265203	0.0
2.791543790798194	0.23165540381461472	0.0
2.7930446207932467	0.2324307422427595	0.0
2.7945454507882994	0.23320546825897057	0.0
2.796046280783352	0.23397956746411322	0.0
2.797547110778405	0.2347530254783276	0.0
2.7990479407734576	0.23552582794131308	0.0
2.800548770768511	0.23629796051261903	0.0
2.8020496007635636	0.2370694088719537	0.0
2.8035504307586163	0.23784015871943406	0.0
2.805051260753669	0.23861019577590553	0.0
2.806552090748722	0.23937950578321016	0.0
2.8080529207437745	0.24014807450448872	0.0
2.8095537507388273	0.24091588772444075	0.0
2.81105458073388	0.24168293124962845	0.0
2.812555410728933	0.24244919090873918	0.0
2.8140562407239855	0.24321465255287741	0.0
2.8155570707190387	0.24397930205585047	0.0
2.8170579007140915	0.24474312531443718	0.0
2.818558730709144	0.24550610824866778	0.0
2.820059560704197	0.24626823680211	0.0
2.8215603906992497	0.24702949694211748	0.0
2.8230612206943024	0.24778987466012922	0.0
2.824562050689355	0.2485493559719408	0.0
2.8260628806844084	0.2493079269179669	0.0
2.827563710679461	0.250065573563516	0.0
2.8290645406745134	0.25082228199907197	0.0
2.8305653706695666	0.2515780383405302	0.0
2.8320662006646193	0.252332828729499	0.0
2.833567030659672	0.2530866393335532	0.0
2.835067860654725	0.2538394563464842	0.0
2.8365686906497776	0.2545912659885916	0.0
2.8380695206448303	0.2553420545069231	0.0
2.839570350639883	0.2560918081755459	0.0
2.8410711806349362	0.25684051329581303	0.0
2.842572010629989	0.2575881561966111	0.0
2.8440728406250417	0.2583347232345932	0.0
2.8455736706200945	0.2590802007944912	0.0
2.847074500615147	0.2598245752893409	0.0
2.8485753306102	0.2605678331607118	0.0
2.8500761606052527	0.26130996087901	0.0
2.8515769906003055	0.26205094494368986	0.0
2.853077820595358	0.26279077188351796	0.0
2.854578650590411	0.26352942825681697	0.0
2.856079480585464	0.26426690065171815	0.0
2.857580310580517	0.26500317568638776	0.0
2.8590811405755696	0.2657382400093057	0.0
2.8605819705706224	0.2664720802994738	0.0
2.862082800565675	0.26720468326668023	0.0
2.863583630560728	0.2679360356517462	0.0
2.8650844605557806	0.26866612422672537	0.0
2.8665852905508338	0.2693949357951633	0.0
2.8680861205458865	0.27012245719234734	0.0
2.869586950540939	0.27084867528552004	0.0
2.871087780535992	0.2715735769741302	0.0
2.8725886105310448	0.272297149190034	0.0
2.8740894405260975	0.2730193788977792	0.0
2.8755902705211502	0.2737402530947645	0.0
2.877091100516203	0.2744597588115224	0.0
2.8785919305112557	0.27517788311190905	0.0
2.8800927605063085	0.2758946130933573	0.0
2.8815935905013617	0.27660993588707095	0.0
2.8830944204964144	0.2773238386582763	0.0
2.8845952504914667	0.27803630860640727	0.0
2.88609608048652	0.2787473329653532	0.0
2.8875969104815726	0.2794568990036621	0.0
2.8890977404766254	0.2801649940247406	0.0
2.890598570471678	0.2808716053671131	0.0
2.892099400466731	0.28157672040458964	0.0
2.893600230461784	0.2822803265464943	0.0
2.8951010604568364	0.2829824112378698	0.0
2.8966018904518895	0.28368296195968346	0.0
2.8981027204469423	0.2843819662290558	0.0
2.899603550441995	0.2850794115994082	0.0
2.9011043804370478	0.2857752856607509	0.0
2.9026052104321005	0.28646957603981255	0.0
2.9041060404271533	0.28716227040028813	0.0
2.905606870422206	0.28785335644298804	0.0
2.9071077004172587	0.2885428219060803	0.0
2.908608530412312	0.28923065456525154	0.0
2.9101093604073642	0.28991684223393	0.0
2.9116101904024174	0.29060137276347037	0.0
2.91311102039747	0.291284234043327	0.0
2.914611850392523	0.2919654140012638	0.0
2.9161126803875757	0.2926449006035319	0.0
2.9176135103826284	0.29332268185507177	0.0
2.919114340377681	0.29399874579967067	0.0
2.920615170372734	0.29467308052017216	0.0
2.922116000367787	0.2953456741386268	0.0
2.92361683036284	0.2960165148165111	0.0
2.925117660357892	0.29668559075488393	0.0
2.9266184903529453	0.2973528901945598	0.0
2.928119320347998	0.29801840141629765	0.0
2.929620150343051	0.29868211274096584	0.0
2.9311209803381035	0.29934401252971843	0.0
2.9326218103331563	0.30000408918417587	0.0
2.9341226403282095	0.30066233114657004	0.0
2.9356234703232618	0.301318726899948	0.0
2.937124300318315	0.30197326496829413	0.0
2.9386251303133677	0.3026259339167399	0.0
2.94012596030842	0.30327672235170655	0.0
2.941626790303473	0.3039256189210513	0.0
2.943127620298526	0.30457261231426885	0.0
2.9446284502935787	0.3052176912626088	0.0
2.9461292802886314	0.3058608445392596	0.0
2.947630110283684	0.306502060959503	0.0
2.9491309402787373	0.30714132938086036	0.0
2.9506317702737896	0.30777863870324573	0.0
2.952132600268843	0.30841397786912284	0.0
2.9536334302638956	0.30904733586363387	0.0
2.9551342602589483	0.3096787017148204	0.0
2.956635090254001	0.31030806449368487	0.0
2.958135920249054	0.3109354133143716	0.0
2.9596367502441066	0.31156073733430706	0.0
2.9611375802391593	0.3121840257543755	0.0
2.962638410234212	0.3128052678190229	0.0
2.9641392402292652	0.3134244528164099	0.0
2.9656400702243175	0.3140415700785302	0.0
2.9671409002193707	0.31465660898140185	0.0
2.9686417302144235	0.3152695589451431	0.0
2.970142560209476	0.3158804094341544	0.0
2.971643390204529	0.31648914995722915	0.0
2.9731442201995817	0.31709577006769074	0.0
2.974645050194635	0.31770025936351465	0.0
2.976145880189687	0.31830260748747174	0.0
2.9776467101847404	0.31890280412726574	0.0
2.979147540179793	0.319500839015646	0.0
2.9806483701748454	0.3200967019305277	0.0
2.9821492001698986	0.3206903826950943	0.0
2.9836500301649513	0.321281871178005	0.0
2.985150860160004	0.32187115729341853	0.0
2.986651690155057	0.32245823100117244	0.0
2.9881525201501096	0.32304308230690376	0.0
2.9896533501451628	0.32362570126213974	0.0
2.991154180140215	0.3242060779644213	0.0
2.9926550101352682	0.3247842025574315	0.0
2.994155840130321	0.3253600652311079	0.0
2.9956566701253737	0.32593365622171927	0.0
2.9971575001204265	0.3265049658120555	0.0
2.998658330115479	0.3270739843314451	0.0
3.000159160110532	0.32764070215596897	0.0
