0.0	0.9999977475126377	0.0
0.0015008299950527925	0.9999909900913835	0.0
0.003001659990105585	0.9999797278585594	0.0
0.004502489985158378	0.9999639610182683	0.0
0.00600331998021117	0.9999436898567178	0.0
0.0075041499752639615	0.9999189147429367	0.0
0.009004979970316756	0.9998896361296635	0.0
0.010505809965369548	0.9998558545531536	0.0
0.01200663996042234	0.9998175706327199	0.0
0.01350746995547513	0.9997747850706892	0.0
0.015008299950527923	0.999727498655436	0.0
0.016509129945580715	0.999675712261281	0.0
0.01800995994063351	0.9996194268476931	0.0
0.019510789935686303	0.9995586434624003	0.0
0.021011619930739096	0.9994933632420012	0.0
0.022512449925791888	0.9994235874125148	0.0
0.02401327992084468	0.9993493172937472	0.0
0.02551410991589747	0.999270554306659	0.0
0.02701493991095026	0.999187299978619	0.0
0.028515769906003054	0.9990995559470595	0.0
0.030016599901055846	0.999007323951759	0.0
0.03151742989610864	0.9989106058234072	0.0
0.03301825989116143	0.9988094034819388	0.0
0.03451908988621422	0.998703718936136	0.0
0.03601991988126702	0.9985935542838826	0.0
0.037520749876319814	0.998478911711723	0.0
0.03902157987137261	0.9983597934950574	0.0
0.0405224098664254	0.9982362019980247	0.0
0.04202323986147819	0.9981081396732476	0.0
0.043524069856530984	0.997975609061831	0.0
0.045024899851583776	0.9978386127933373	0.0
0.04652572984663657	0.9976971535855547	0.0
0.04802655984168936	0.9975512342443041	0.0
0.04952738983674215	0.9974008576635686	0.0
0.05102821983179494	0.9972460268252883	0.0
0.05252904982684774	0.9970867447991894	0.0
0.05402987982190052	0.9969230147428344	0.0
0.05553070981695332	0.9967548399011604	0.0
0.05703153981200611	0.9965822236066987	0.0
0.05853236980705891	0.996405169279322	0.0
0.06003319980211169	0.9962236804261636	0.0
0.06153402979716449	0.9960377606415599	0.0
0.06303485979221728	0.9958474136065496	0.0
0.06453568978727008	0.9956526430891733	0.0
0.06603651978232286	0.9954534529442649	0.0
0.06753734977737566	0.9952498471131366	0.0
0.06903817977242845	0.9950418296235526	0.0
0.07053900976748124	0.9948294045894625	0.0
0.07203983976253404	0.9946125762110607	0.0
0.07354066975758683	0.9943913487744807	0.0
0.07504149975263963	0.994165726651737	0.0
0.07654232974769241	0.9939357143005115	0.0
0.07804315974274521	0.9937013162640459	0.0
0.079543989737798	0.9934625371709022	0.0
0.0810448197328508	0.9932193817348837	0.0
0.08254564972790358	0.9929718547548444	0.0
0.08404647972295638	0.9927199611145121	0.0
0.08554730971800917	0.9924637057822627	0.0
0.08704813971306197	0.9922030938111095	0.0
0.08854896970811475	0.9919381303383075	0.0
0.09004979970316755	0.9916688205854229	0.0
0.09155062969822034	0.991395169857946	0.0
0.09305145969327314	0.9911171835452235	0.0
0.09455228968832592	0.9908348671203118	0.0
0.09605311968337872	0.9905482261395916	0.0
0.0975539496784315	0.9902572662426848	0.0
0.0990547796734843	0.989961993152345	0.0
0.10055560966853709	0.9896624126741764	0.0
0.10205643966358988	0.9893585306965392	0.0
0.10355726965864268	0.9890503531902571	0.0
0.10505809965369547	0.9887378862082596	0.0
0.10655892964874826	0.9884211358857106	0.0
0.10805975964380105	0.9881001084395898	0.0
0.10956058963885383	0.9877748101685465	0.0
0.11106141963390664	0.9874452474526381	0.0
0.11256224962895943	0.9871114267531494	0.0
0.11406307962401221	0.9867733546124103	0.0
0.115563909619065	0.9864310376534996	0.0
0.11706473961411781	0.9860844825801478	0.0
0.1185655696091706	0.9857336961764429	0.0
0.12006639960422338	0.9853786853065247	0.0
0.1215672295992762	0.9850194569144232	0.0
0.12306805959432898	0.9846560180239047	0.0
0.12456888958938177	0.9842883757381539	0.0
0.12606971958443455	0.983916537239645	0.0
0.12757054957948735	0.9835405097896929	0.0
0.12907137957454015	0.9831603007283812	0.0
0.13057220956959295	0.9827759174743753	0.0
0.13207303956464572	0.9823873675245428	0.0
0.13357386955969852	0.9819946584537769	0.0
0.13507469955475132	0.9815977979148011	0.0
0.1365755295498041	0.9811967936377775	0.0
0.1380763595448569	0.9807916534301585	0.0
0.1395771895399097	0.9803823851764185	0.0
0.1410780195349625	0.9799689968378837	0.0
0.14257884953001526	0.9795514964523524	0.0
0.1440796795250681	0.979129892133987	0.0
0.14558050952012086	0.978704192072778	0.0
0.14708133951517366	0.9782744045345866	0.0
0.14858216951022643	0.9778405378607007	0.0
0.15008299950527926	0.97740260046774	0.0
0.15158382950033203	0.9769606008472198	0.0
0.15308465949538483	0.9765145475653846	0.0
0.1545854894904376	0.9760644492629128	0.0
0.15608631948549043	0.9756103146546199	0.0
0.1575871494805432	0.97515215252923	0.0
0.159087979475596	0.9746899717491563	0.0
0.16058880947064877	0.9742237812501082	0.0
0.1620896394657016	0.9737535900408799	0.0
0.16359046946075437	0.9732794072030679	0.0
0.16509129945580717	0.9728012418907681	0.0
0.16659212945085994	0.9723191033303926	0.0
0.16809295944591277	0.971833000820293	0.0
0.16959378944096554	0.9713429437305144	0.0
0.17109461943601834	0.9708489415025293	0.0
0.17259544943107114	0.9703510036489064	0.0
0.17409627942612393	0.9698491397530269	0.0
0.1755971094211767	0.9693433594688388	0.0
0.1770979394162295	0.9688336725206369	0.0
0.1785987694112823	0.9683200887025561	0.0
0.1800995994063351	0.9678026178785847	0.0
0.18160042940138788	0.9672812699819734	0.0
0.18310125939644067	0.966756055015076	0.0
0.18460208939149347	0.9662269830491577	0.0
0.18610291938654627	0.9656940642239071	0.0
0.18760374938159904	0.9651573087473214	0.0
0.18910457937665184	0.964616726895288	0.0
0.19060540937170464	0.9640723290113669	0.0
0.19210623936675744	0.9635241255063649	0.0
0.1936070693618102	0.9629721268581884	0.0
0.195107899356863	0.9624163436114423	0.0
0.1966087293519158	0.9618567863772283	0.0
0.1981095593469686	0.9612934658327418	0.0
0.19961038934202138	0.9607263927209583	0.0
0.20111121933707418	0.9601555778505597	0.0
0.20261204933212695	0.9595810320953084	0.0
0.20411287932717975	0.9590027663938405	0.0
0.20561370932223258	0.9584207917495082	0.0
0.20711453931728535	0.957835119229949	0.0
0.20861536931233815	0.9572457599668154	0.0
0.21011619930739095	0.9566527251554319	0.0
0.21161702930244372	0.956056026054502	0.0
0.21311785929749652	0.9554556739859323	0.0
0.2146186892925493	0.9548516803342021	0.0
0.2161195192876021	0.9542440565463648	0.0
0.21762034928265492	0.9536328141316086	0.0
0.21912117927770766	0.9530179646609072	0.0
0.2206220092727605	0.9523995197668687	0.0
0.2221228392678133	0.951777491143234	0.0
0.22362366926286606	0.9511518905446621	0.0
0.22512449925791886	0.9505227297863811	0.0
0.22662532925297169	0.9498900207439208	0.0
0.22812615924802443	0.9492537753528068	0.0
0.22962698924307726	0.9486140056081867	0.0
0.23112781923813	0.9479707235644494	0.0
0.23262864923318283	0.9473239413350985	0.0
0.23412947922823563	0.9466736710922702	0.0
0.2356303092232884	0.9460199250665514	0.0
0.2371311392183412	0.94536271554653	0.0
0.238631969213394	0.9447020548785673	0.0
0.24013279920844677	0.9440379554664852	0.0
0.2416336292034996	0.9433704297711931	0.0
0.2431344591985524	0.9426994903104272	0.0
0.24463528919360517	0.9420251496584368	0.0
0.24613611918865796	0.9413474204455541	0.0
0.24763694918371074	0.9406663153579835	0.0
0.24913777917876354	0.9399818471374654	0.0
0.25063860917381636	0.9392940285809681	0.0
0.2521394391688691	0.9386028725402901	0.0
0.2536402691639219	0.9379083919217889	0.0
0.2551410991589747	0.9372105996861558	0.0
0.2566419291540275	0.9365095088479415	0.0
0.2581427591490803	0.9358051324752943	0.0
0.25964358914413305	0.9350974836896518	0.0
0.2611444191391859	0.9343865756653931	0.0
0.2626452491342387	0.9336724216295599	0.0
0.26414607912929144	0.9329550348615375	0.0
0.26564690912434424	0.932234428692674	0.0
0.26714773911939704	0.9315106165059623	0.0
0.26864856911444984	0.9307836117357647	0.0
0.27014939910950264	0.9300534278674992	0.0
0.27165022910455544	0.9293200784372411	0.0
0.2731510590996082	0.9285835770315216	0.0
0.27465188909466104	0.9278439372868724	0.0
0.2761527190897138	0.9271011728896411	0.0
0.2776535490847666	0.9263552975754767	0.0
0.2791543790798194	0.925606325129223	0.0
0.2806552090748722	0.9248542693845143	0.0
0.282156039069925	0.9240991442233942	0.0
0.2836568690649778	0.9233409635760272	0.0
0.2851576990600305	0.9225797414203829	0.0
0.2866585290550834	0.9218154917819479	0.0
0.2881593590501362	0.9210482287333344	0.0
0.2896601890451889	0.9202779663940189	0.0
0.2911610190402417	0.9195047189300518	0.0
0.2926618490352945	0.9187285005536276	0.0
0.2941626790303473	0.9179493255227931	0.0
0.2956635090254001	0.9171672081412251	0.0
0.29716433902045286	0.9163821627577513	0.0
0.2986651690155057	0.9155942037661811	0.0
0.3001659990105585	0.9148033456048641	0.0
0.30166682900561126	0.9140096027564492	0.0
0.30316765900066406	0.9132129897475006	0.0
0.30466848899571686	0.9124135211481987	0.0
0.30616931899076966	0.9116112115720957	0.0
0.30767014898582246	0.9108060756756102	0.0
0.3091709789808752	0.9099981281579081	0.0
0.31067180897592805	0.9091873837604855	0.0
0.31217263897098085	0.90837385726683	0.0
0.3136734689660336	0.9075575635021429	0.0
0.3151742989610864	0.9067385173329803	0.0
0.3166751289561392	0.905916733666939	0.0
0.318175958951192	0.9050922274523906	0.0
0.3196767889462448	0.9042650136781132	0.0
0.32117761894129754	0.9034351073729263	0.0
0.3226784489363504	0.9026025236054416	0.0
0.3241792789314032	0.9017672774837485	0.0
0.32568010892645594	0.9009293841550379	0.0
0.32718093892150873	0.9000888588053211	0.0
0.32868176891656153	0.8992457166590443	0.0
0.33018259891161433	0.8983999729789067	0.0
0.33168342890666713	0.8975516430654003	0.0
0.3331842589017199	0.8967007422565967	0.0
0.3346850888967727	0.8958472859277149	0.0
0.33618591889182553	0.894991289490882	0.0
0.3376867488868783	0.8941327683948083	0.0
0.3391875788819311	0.8932717381244809	0.0
0.3406884088769839	0.8924082142007578	0.0
0.34218923887203667	0.8915422121801408	0.0
0.34369006886708947	0.8906737476544019	0.0
0.34519089886214227	0.8898028362502863	0.0
0.346691728857195	0.8889294936292426	0.0
0.34819255885224787	0.888053735487006	0.0
0.3496933888473006	0.8871755775533224	0.0
0.3511942188423534	0.886295035591652	0.0
0.3526950488374062	0.8854121253988408	0.0
0.354195878832459	0.8845268628048112	0.0
0.3556967088275118	0.8836392636721976	0.0
0.3571975388225646	0.882749343896064	0.0
0.35869836881761735	0.881857119403577	0.0
0.3601991988126702	0.8809626061537361	0.0
0.361700028807723	0.8800658201369844	0.0
0.36320085880277575	0.8791667773748831	0.0
0.36470168879782855	0.8782654939198964	0.0
0.36620251879288135	0.8773619858549162	0.0
0.36770334878793415	0.8764562692931195	0.0
0.36920417878298695	0.875548360377555	0.0
0.3707050087780397	0.8746382752807746	0.0
0.37220583877309255	0.8737260302046226	0.0
0.37370666876814534	0.8728116413798687	0.0
0.3752074987631981	0.8718951250659	0.0
0.3767083287582509	0.8709764975504143	0.0
0.3782091587533037	0.8700557751490394	0.0
0.3797099887483565	0.8691329742051409	0.0
0.3812108187434093	0.868208111089369	0.0
0.38271164873846203	0.8672812021994645	0.0
0.3842124787335149	0.8663522639597739	0.0
0.3857133087285677	0.8654213128211753	0.0
0.3872141387236204	0.8644883652605014	0.0
0.38871496871867317	0.8635534377804288	0.0
0.390215798713726	0.8626165469090531	0.0
0.3917166287087788	0.8616777091995207	0.0
0.3932174587038316	0.860736941229917	0.0
0.3947182886988844	0.8597942596027776	0.0
0.3962191186939372	0.858849680944767	0.0
0.39771994868898997	0.8579032219064642	0.0
0.39922077868404277	0.8569548991620399	0.0
0.40072160867909556	0.856004729408788	0.0
0.40222243867414836	0.8550527293669864	0.0
0.4037232686692012	0.8540989157795048	0.0
0.4052240986642539	0.8531433054114875	0.0
0.4067249286593067	0.8521859150500588	0.0
0.4082257586543595	0.8512267615039425	0.0
0.40972658864941236	0.8502658616032392	0.0
0.41122741864446516	0.8493032321991173	0.0
0.41272824863951796	0.8483388901633385	0.0
0.4142290786345707	0.8473728523881432	0.0
0.4157299086296235	0.8464051357858211	0.0
0.4172307386246763	0.8454357572883461	0.0
0.4187315686197291	0.8444647338472326	0.0
0.4202323986147819	0.8434920824330441	0.0
0.42173322860983464	0.842517820035215	0.0
0.42323405860488744	0.8415419636616065	0.0
0.42473488859994024	0.8405645303383366	0.0
0.42623571859499304	0.8395855371092891	0.0
0.42773654859004584	0.8386050010359707	0.0
0.4292373785850986	0.8376229391970813	0.0
0.4307382085801514	0.8366393686881988	0.0
0.4322390385752042	0.8356543066215358	0.0
0.43373986857025704	0.8346677701256002	0.0
0.43524069856530984	0.8336797763448325	0.0
0.43674152856036264	0.8326903424393197	0.0
0.4382423585554153	0.8316994855844494	0.0
0.4397431885504682	0.8307072229707106	0.0
0.441244018545521	0.8297135718032642	0.0
0.4427448485405738	0.8287185493015913	0.0
0.4442456785356266	0.8277221726992415	0.0
0.4457465085306793	0.8267244592435724	0.0
0.4472473385257321	0.8257254261953483	0.0
0.4487481685207849	0.8247250908284298	0.0
0.4502489985158377	0.8237234704295074	0.0
0.4517498285108905	0.8227205822977414	0.0
0.45325065850594337	0.8217164437444825	0.0
0.45475148850099606	0.8207110720928734	0.0
0.45625231849604886	0.819704484677647	0.0
0.45775314849110166	0.8186966988447502	0.0
0.4592539784861545	0.817687731950945	0.0
0.4607548084812073	0.816677601363716	0.0
0.46225563847626	0.815666324460687	0.0
0.46375646847131285	0.814653918629528	0.0
0.46525729846636565	0.8136404012674718	0.0
0.46675812846141845	0.8126257897810965	0.0
0.46825895845647125	0.8116101015859786	0.0
0.46975978845152405	0.8105933541063824	0.0
0.4712606184465768	0.8095755647749276	0.0
0.4727614484416296	0.8085567510323015	0.0
0.4742622784366824	0.8075369303268841	0.0
0.4757631084317352	0.8065161201145259	0.0
0.477263938426788	0.8054943378581111	0.0
0.47876476842184074	0.8044716010273517	0.0
0.48026559841689354	0.8034479270984034	0.0
0.48176642841194633	0.8024233335535677	0.0
0.4832672584069992	0.8013978378809996	0.0
0.484768088402052	0.8003714575743139	0.0
0.4862689183971048	0.7993442101323526	0.0
0.4877697483921575	0.7983161130588579	0.0
0.48927057838721033	0.7972871838620996	0.0
0.49077140838226313	0.7962574400545974	0.0
0.49227223837731593	0.7952268991528125	0.0
0.49377306837236873	0.7941955786768004	0.0
0.4952738983674215	0.793163496149928	0.0
0.49677472836247427	0.7921306690984715	0.0
0.49827555835752707	0.7910971150514354	0.0
0.49977638835257987	0.7900628515401324	0.0
0.5012772183476327	0.7890278960979338	0.0
0.5027780483426855	0.7879922662598742	0.0
0.5042788783377382	0.7869559795624023	0.0
0.5057797083327911	0.7859190535429948	0.0
0.5072805383278438	0.7848815057399442	0.0
0.5087813683228967	0.7838433536919739	0.0
0.5102821983179494	0.7828046149379094	0.0
0.5117830283130022	0.7817653070163264	0.0
0.513283858308055	0.7807254474653871	0.0
0.5147846883031078	0.7796850538223863	0.0
0.5162855182981606	0.7786441436234215	0.0
0.5177863482932135	0.7776027344032105	0.0
0.5192871782882661	0.7765608436946667	0.0
0.520788008283319	0.7755184890285528	0.0
0.5222888382783718	0.7744756879332857	0.0
0.5237896682734245	0.7734324579345261	0.0
0.5252904982684774	0.7723888165549436	0.0
0.5267913282635301	0.7713447813137358	0.0
0.5282921582585829	0.7703003697265421	0.0
0.5297929882536357	0.7692555993049528	0.0
0.5312938182486885	0.7682104875562349	0.0
0.5327946482437413	0.7671650519830431	0.0
0.5342954782387941	0.76611931008313	0.0
0.5357963082338468	0.765073279348971	0.0
0.5372971382288997	0.7640269772674613	0.0
0.5387979682239524	0.7629804213196257	0.0
0.5402987982190053	0.7619336289802812	0.0
0.5417996282140581	0.7608866177177188	0.0
0.5433004582091109	0.7598394049934337	0.0
0.5448012882041636	0.7587920082617747	0.0
0.5463021181992164	0.7577444449696488	0.0
0.5478029481942692	0.7566967325561668	0.0
0.5493037781893221	0.755648888452343	0.0
0.5508046081843748	0.7546009300808548	0.0
0.5523054381794276	0.7535528748556088	0.0
0.5538062681744804	0.7525047401815026	0.0
0.5553070981695332	0.7514565434541348	0.0
0.556807928164586	0.7504083020594284	0.0
0.5583087581596388	0.7493600333733672	0.0
0.5598095881546916	0.7483117547616599	0.0
0.5613104181497444	0.7472634835794211	0.0
0.5628112481447971	0.7462152371708562	0.0
0.56431207813985	0.7451670328690195	0.0
0.5658129081349027	0.7441188879954116	0.0
0.5673137381299556	0.7430708198597352	0.0
0.5688145681250083	0.7420228457595117	0.0
0.570315398120061	0.7409749829798787	0.0
0.5718162281151139	0.7399272487931943	0.0
0.5733170581101668	0.7388796604587252	0.0
0.5748178881052195	0.7378322352223803	0.0
0.5763187181002724	0.7367849903164412	0.0
0.5778195480953251	0.7357379429591756	0.0
0.5793203780903778	0.7346911103545278	0.0
0.5808212080854307	0.7336445096918758	0.0
0.5823220380804834	0.7325981581456937	0.0
0.5838228680755363	0.7315520728752315	0.0
0.585323698070589	0.7305062710242153	0.0
0.5868245280656418	0.7294607697205324	0.0
0.5883253580606946	0.7284155860760037	0.0
0.5898261880557474	0.7273707371859646	0.0
0.5913270180508002	0.7263262401290214	0.0
0.592827848045853	0.7252821119667688	0.0
0.5943286780409057	0.7242383697434256	0.0
0.5958295080359586	0.7231950304856014	0.0
0.5973303380310114	0.722152111201954	0.0
0.5988311680260642	0.7211096288828731	0.0
0.600331998021117	0.720067600500243	0.0
0.6018328280161698	0.7190260430070808	0.0
0.6033336580112225	0.7179849733372087	0.0
0.6048344880062754	0.7169444084050803	0.0
0.6063353180013281	0.7159043651053711	0.0
0.607836147996381	0.714864860312732	0.0
0.6093369779914337	0.7138259108814755	0.0
0.6108378079864865	0.7127875336452392	0.0
0.6123386379815393	0.7117497454167886	0.0
0.6138394679765921	0.7107125629876395	0.0
0.6153402979716449	0.7096760031277947	0.0
0.6168411279666978	0.7086400825854527	0.0
0.6183419579617504	0.7076048180866948	0.0
0.6198427879568033	0.7065702263351792	0.0
0.6213436179518561	0.7055363240118938	0.0
0.6228444479469089	0.7045031277748883	0.0
0.6243452779419617	0.703470654258882	0.0
0.6258461079370145	0.7024389200750755	0.0
0.6273469379320672	0.7014079418107799	0.0
0.62884776792712	0.7003777360291944	0.0
0.6303485979221728	0.6993483192691019	0.0
0.6318494279172256	0.6983197080445518	0.0
0.6333502579122784	0.6972919188446035	0.0
0.6348510879073311	0.6962649681330252	0.0
0.636351917902384	0.6952388723480566	0.0
0.6378527478974367	0.694213647902014	0.0
0.6393535778924896	0.6931893111811481	0.0
0.6408544078875424	0.6921658785452789	0.0
0.6423552378825951	0.6911433663275395	0.0
0.6438560678776479	0.6901217908340415	0.0
0.6453568978727008	0.6891011683436614	0.0
0.6468577278677535	0.6880815151078026	0.0
0.6483585578628064	0.6870628473499918	0.0
0.6498593878578591	0.6860451812656564	0.0
0.6513602178529119	0.6850285330219194	0.0
0.6528610478479647	0.6840129187572322	0.0
0.6543618778430175	0.6829983545811137	0.0
0.6558627078380703	0.6819848565739295	0.0
0.6573635378331231	0.680972440786599	0.0
0.6588643678281758	0.6799611232402965	0.0
0.6603651978232287	0.678950919926175	0.0
0.6618660278182814	0.67794184680516	0.0
0.6633668578133343	0.676933919807612	0.0
0.6648676878083871	0.6759271548330966	0.0
0.6663685178034398	0.6749215677501199	0.0
0.6678693477984926	0.6739171743958444	0.0
0.6693701777935454	0.6729139905758225	0.0
0.6708710077885982	0.6719120320637398	0.0
0.6723718377836511	0.6709113146011788	0.0
0.6738726677787038	0.6699118538973484	0.0
0.6753734977737565	0.6689136656287525	0.0
0.6768743277688094	0.6679167654390455	0.0
0.6783751577638621	0.6669211689386542	0.0
0.679875987758915	0.6659268917046756	0.0
0.6813768177539677	0.6649339492804545	0.0
0.6828776477490205	0.6639423571754237	0.0
0.6843784777440733	0.6629521308648347	0.0
0.6858793077391261	0.661963285789459	0.0
0.6873801377341789	0.6609758373554561	0.0
0.6888809677292317	0.6599898009339709	0.0
0.6903817977242845	0.6590051918609887	0.0
0.6918826277193373	0.6580220254370447	0.0
0.69338345771439	0.6570403169269692	0.0
0.6948842877094429	0.6560600815596819	0.0
0.6963851177044957	0.6550813345279234	0.0
0.6978859476995485	0.6541040909879741	0.0
0.6993867776946012	0.6531283660594532	0.0
0.7008876076896541	0.6521541748251212	0.0
0.7023884376847068	0.6511815323305391	0.0
0.7038892676797597	0.6502104535839109	0.0
0.7053900976748124	0.6492409535557776	0.0
0.7068909276698653	0.6482730471788001	0.0
0.708391757664918	0.6473067493475577	0.0
0.7098925876599708	0.6463420749183548	0.0
0.7113934176550236	0.6453790387088068	0.0
0.7128942476500764	0.6444176554977776	0.0
0.7143950776451292	0.6434579400251116	0.0
0.715895907640182	0.6424999069913877	0.0
0.7173967376352347	0.6415435710576666	0.0
0.7188975676302876	0.6405889468452883	0.0
0.7203983976253404	0.6396360489356128	0.0
0.7218992276203932	0.6386848918698778	0.0
0.723400057615446	0.6377354901488803	0.0
0.7249008876104988	0.6367878582328068	0.0
0.7264017176055515	0.6358420105410126	0.0
0.7279025476006044	0.6348979614517442	0.0
0.7294033775956571	0.6339557253019743	0.0
0.73090420759071	0.6330153163871822	0.0
0.7324050375857627	0.6320767489611202	0.0
0.7339058675808154	0.6311400372355689	0.0
0.7354066975758683	0.6302051953801943	0.0
0.736907527570921	0.6292722375222634	0.0
0.7384083575659739	0.6283411777464585	0.0
0.7399091875610266	0.6274120300946766	0.0
0.7414100175560794	0.6264848085658583	0.0
0.7429108475511322	0.6255595271156384	0.0
0.7444116775461851	0.6246361996562846	0.0
0.7459125075412378	0.6237148400564094	0.0
0.7474133375362907	0.6227954621408244	0.0
0.7489141675313434	0.6218780796903013	0.0
0.7504149975263962	0.6209627064412967	0.0
0.751915827521449	0.6200493560859317	0.0
0.7534166575165018	0.6191380422716297	0.0
0.7549174875115546	0.6182287786009412	0.0
0.7564183175066074	0.6173215786314218	0.0
0.7579191475016601	0.6164164558753753	0.0
0.759419977496713	0.6155134237996457	0.0
0.7609208074917657	0.6146124958254684	0.0
0.7624216374868186	0.61371368532826	0.0
0.7639224674818714	0.612817005637407	0.0
0.7654232974769241	0.6119224700360977	0.0
0.7669241274719769	0.6110300917611287	0.0
0.7684249574670298	0.6101398840026777	0.0
0.7699257874620825	0.6092518599041868	0.0
0.7714266174571354	0.6083660325621039	0.0
0.772927447452188	0.6074824150257748	0.0
0.7744282774472409	0.6066010202971489	0.0
0.7759291074422937	0.6057218613307245	0.0
0.7774299374373463	0.6048449510332986	0.0
0.7789307674323993	0.6039703022637376	0.0
0.780431597427452	0.6030979278328835	0.0
0.7819324274225049	0.602227840503379	0.0
0.7834332574175576	0.6013600529894044	0.0
0.7849340874126104	0.6004945779565867	0.0
0.7864349174076632	0.5996314280217526	0.0
0.787935747402716	0.5987706157528309	0.0
0.7894365773977688	0.5979121536686172	0.0
0.7909374073928216	0.5970560542386489	0.0
0.7924382373878744	0.5962023298829837	0.0
0.7939390673829272	0.5953509929721146	0.0
0.7954398973779799	0.594502055826664	0.0
0.7969407273730328	0.5936555307173387	0.0
0.7984415573680855	0.5928114298647201	0.0
0.7999423873631384	0.5919697654391337	0.0
0.8014432173581911	0.5911305495603724	0.0
0.8029440473532439	0.5902937942977268	0.0
0.8044448773482967	0.5894595116696184	0.0
0.8059457073433495	0.5886277136435595	0.0
0.8074465373384024	0.5877984121360097	0.0
0.8089473673334551	0.5869716190121278	0.0
0.8104481973285078	0.5861473460856306	0.0
0.8119490273235607	0.5853256051187615	0.0
0.8134498573186134	0.5845064078219508	0.0
0.8149506873136664	0.5836897658537963	0.0
0.816451517308719	0.5828756908208668	0.0
0.8179523473037718	0.5820641942775333	0.0
0.8194531772988247	0.5812552877258312	0.0
0.8209540072938774	0.5804489826153044	0.0
0.8224548372889303	0.5796452903428866	0.0
0.8239556672839831	0.5788442222527107	0.0
0.8254564972790359	0.5780457896359946	0.0
0.8269573272740887	0.5772500037308856	0.0
0.8284581572691414	0.5764568757222773	0.0
0.8299589872641943	0.575666416741725	0.0
0.831459817259247	0.5748786378672956	0.0
0.8329606472542999	0.5740935501233264	0.0
0.8344614772493526	0.5733111644804408	0.0
0.8359623072444053	0.572531491855287	0.0
0.8374631372394582	0.5717545431104921	0.0
0.8389639672345109	0.5709803290544411	0.0
0.8404647972295638	0.5702088604411519	0.0
0.8419656272246165	0.5694401479701958	0.0
0.8434664572196693	0.5686742022865124	0.0
0.8449672872147221	0.5679110339802744	0.0
0.8464681172097749	0.567150653586756	0.0
0.8479689472048277	0.5663930715862642	0.0
0.8494697771998805	0.5656382984039026	0.0
0.8509706071949332	0.5648863444094957	0.0
0.8524714371899861	0.5641372199174559	0.0
0.8539722671850388	0.5633909351866518	0.0
0.8554730971800917	0.5626475004203003	0.0
0.8569739271751444	0.5619069257657874	0.0
0.8584747571701972	0.5611692213145933	0.0
0.85997558716525	0.5604343971021337	0.0
0.8614764171603028	0.5597024631076589	0.0
0.8629772471553557	0.5589734292540782	0.0
0.8644780771504084	0.5582473054079251	0.0
0.8659789071454613	0.5575241013791341	0.0
0.8674797371405141	0.556803826921003	0.0
0.8689805671355667	0.556086491730014	0.0
0.8704813971306197	0.5553721054457958	0.0
0.8719822271256723	0.5546606776508777	0.0
0.8734830571207253	0.5539522178706383	0.0
0.874983887115778	0.5532467355732037	0.0
0.8764847171108306	0.5525442401693371	0.0
0.8779855471058836	0.5518447410122889	0.0
0.8794863771009364	0.5511482473976601	0.0
0.8809872070959892	0.5504547685633683	0.0
0.882488037091042	0.5497643136894415	0.0
0.8839888670860947	0.5490768918979808	0.0
0.8854896970811476	0.5483925122529695	0.0
0.8869905270762003	0.5477111837602553	0.0
0.8884913570712532	0.5470329153673432	0.0
0.8899921870663059	0.5463577159633697	0.0
0.8914930170613586	0.5456855943789514	0.0
0.8929938470564115	0.5450165593860601	0.0
0.8944946770514642	0.5443506196979698	0.0
0.8959955070465171	0.5436877839690568	0.0
0.8974963370415698	0.5430280607948053	0.0
0.8989971670366227	0.5423714587116163	0.0
0.9004979970316754	0.5417179861967403	0.0
0.9019988270267282	0.5410676516681393	0.0
0.903499657021781	0.5404204634844719	0.0
0.9050004870168338	0.5397764299448481	0.0
0.9065013170118867	0.5391355592888452	0.0
0.9080021470069394	0.5384978596963623	0.0
0.9095029770019921	0.5378633392875218	0.0
0.911003806997045	0.537232006122511	0.0
0.9125046369920977	0.5366038682016276	0.0
0.9140054669871507	0.5359789334650383	0.0
0.9155062969822033	0.5353572097927397	0.0
0.9170071269772561	0.534738705004449	0.0
0.918507956972309	0.5341234268595504	0.0
0.9200087869673617	0.5335113830568707	0.0
0.9215096169624146	0.5329025812347655	0.0
0.9230104469574674	0.5322970289708635	0.0
0.92451127695252	0.5316947337820747	0.0
0.926012106947573	0.531095703124428	0.0
0.9275129369426257	0.5304999443930021	0.0
0.9290137669376786	0.5299074649218746	0.0
0.9305145969327313	0.5293182719839641	0.0
0.932015426927784	0.5287323727909831	0.0
0.9335162569228369	0.5281497744933094	0.0
0.9350170869178897	0.5275704841799107	0.0
0.9365179169129425	0.5269945088782942	0.0
0.9380187469079952	0.526421855554344	0.0
0.9395195769030481	0.525852531112304	0.0
0.9410204068981008	0.5252865423946507	0.0
0.9425212368931536	0.5247238961819728	0.0
0.9440220668882064	0.5241645991929416	0.0
0.9455228968832592	0.5236086580842241	0.0
0.947023726878312	0.5230560794503625	0.0
0.9485245568733648	0.5225068698236938	0.0
0.9500253868684175	0.5219610356742966	0.0
0.9515262168634704	0.5214185834098799	0.0
0.9530270468585231	0.5208795193756763	0.0
0.954527876853576	0.5203438498544499	0.0
0.9560287068486287	0.5198115810663081	0.0
0.9575295368436815	0.5192827191686531	0.0
0.9590303668387343	0.5187572702561477	0.0
0.9605311968337871	0.5182352403605579	0.0
0.96203202682884	0.5177166354507547	0.0
0.9635328568238927	0.5172014614325725	0.0
0.9650336868189454	0.5166897241487445	0.0
0.9665345168139984	0.5161814293788591	0.0
0.968035346809051	0.5156765828392453	0.0
0.969536176804104	0.5151751901828984	0.0
0.9710370067991567	0.5146772569993822	0.0
0.9725378367942096	0.5141827888148592	0.0
0.9740386667892623	0.5136917910918443	0.0
0.975539496784315	0.5132042692293242	0.0
0.9770403267793679	0.5127202285624949	0.0
0.9785411567744207	0.5122396743628563	0.0
0.9800419867694735	0.5117626118380064	0.0
0.9815428167645263	0.511289046131624	0.0
0.983043646759579	0.5108189823233977	0.0
0.9845444767546319	0.5103524254290004	0.0
0.9860453067496846	0.5098893803999499	0.0
0.9875461367447375	0.5094298521235446	0.0
0.9890469667397902	0.5089738454228572	0.0
0.990547796734843	0.5085213650565554	0.0
0.9920486267298958	0.50807241571896	0.0
0.9935494567249485	0.5076270020399127	0.0
0.9950502867200014	0.5071851285847055	0.0
0.9965511167150541	0.5067467998540146	0.0
0.9980519467101069	0.5063120202839093	0.0
0.9995527767051597	0.5058807942456527	0.0
1.0010536067002125	0.5054531260457653	0.0
1.0025544366952654	0.5050290199258965	0.0
1.0040552666903182	0.5046084800627652	0.0
1.005556096685371	0.504191510568107	0.0
1.0070569266804237	0.5037781154886476	0.0
1.0085577566754764	0.50336829880599	0.0
1.0100585866705294	0.5029620644365913	0.0
1.0115594166655821	0.502559416231665	0.0
1.0130602466606349	0.5021603579771889	0.0
1.0145610766556876	0.5017648933937588	0.0
1.0160619066507404	0.5013730261366338	0.0
1.0175627366457933	0.5009847597955926	0.0
1.019063566640846	0.5006000978949365	0.0
1.0205643966358988	0.500219043893428	0.0
1.0220652266309516	0.49984160118416904	0.0
1.0235660566260043	0.4994677730946563	0.0
1.0250668866210573	0.4990975628866528	0.0
1.02656771661611	0.4987309737561929	0.0
1.0280685466111628	0.49836800883345483	0.0
1.0295693766062155	0.498008671182819	0.0
1.0310702066012682	0.4976529638027017	0.0
1.0325710365963212	0.49730088962557734	0.0
1.034071866591374	0.4969524515179315	0.0
1.035572696586427	0.4966076522802164	0.0
1.0370735265814794	0.49626649464677103	0.0
1.0385743565765322	0.4959289812858302	0.0
1.0400751865715852	0.4955951147994012	0.0
1.041576016566638	0.4952648977232885	0.0
1.0430768465616909	0.49493833252706804	0.0
1.0445776765567436	0.49461542161397254	0.0
1.0460785065517963	0.4942961673209192	0.0
1.047579336546849	0.49398057191844447	0.0
1.0490801665419018	0.4936686376106537	0.0
1.0505809965369548	0.4933603665352127	0.0
1.0520818265320075	0.49305576076325935	0.0
1.0535826565270603	0.49275482229943796	0.0
1.055083486522113	0.4924575530818373	0.0
1.0565843165171658	0.49216395498193893	0.0
1.0580851465122187	0.491874029804582	0.0
1.0595859765072715	0.49158777928800723	0.0
1.0610868065023242	0.49130520510371767	0.0
1.062587636497377	0.49102630885652265	0.0
1.0640884664924297	0.4907510920844798	0.0
1.0655892964874827	0.4904795562588893	0.0
1.0670901264825354	0.49021170278426235	0.0
1.0685909564775882	0.4899475329982639	0.0
1.070091786472641	0.489687048171733	0.0
1.0715926164676937	0.4894302495086378	0.0
1.0730934464627466	0.4891771381460425	0.0
1.0745942764577994	0.4889277151541371	0.0
1.0760951064528521	0.48868198153617415	0.0
1.0775959364479049	0.48843993822846327	0.0
1.0790967664429576	0.48820158610028647	0.0
1.0805975964380106	0.48796692595402186	0.0
1.0820984264330633	0.4877359585250291	0.0
1.0835992564281163	0.4875086844816525	0.0
1.0851000864231688	0.48728510442522344	0.0
1.0866009164182218	0.48706521889006643	0.0
1.0881017464132745	0.4868490283433942	0.0
1.0896025764083273	0.48663653318542854	0.0
1.0911034064033802	0.48642773374928294	0.0
1.0926042363984327	0.4862226303010472	0.0
1.0941050663934857	0.48602122303970846	0.0
1.0956058963885384	0.48582351209720254	0.0
1.0971067263835912	0.48562949753838464	0.0
1.0986075563786442	0.4854391793609913	0.0
1.100108386373697	0.4852525574957183	0.0
1.1016092163687496	0.485069631806187	0.0
1.1031100463638024	0.48489040208888284	0.0
1.1046108763588551	0.48471486807327185	0.0
1.106111706353908	0.48454302942171296	0.0
1.1076125363489608	0.48437488572949994	0.0
1.1091133663440136	0.48421043652490653	0.0
1.1106141963390663	0.48404968126912656	0.0
1.112115026334119	0.4838926193563134	0.0
1.113615856329172	0.48373925011358576	0.0
1.1151166863242248	0.4835895728010615	0.0
1.1166175163192775	0.48344358661185355	0.0
1.1181183463143303	0.4833012906720955	0.0
1.1196191763093832	0.48316268404092944	0.0
1.121120006304436	0.4830277657105736	0.0
1.1226208362994887	0.4828965346062848	0.0
1.1241216662945415	0.4827689895864237	0.0
1.1256224962895942	0.48264512944246274	0.0
1.1271233262846472	0.48252495289898356	0.0
1.1286241562797	0.48240845861375803	0.0
1.1301249862747527	0.4822956451777414	0.0
1.1316258162698054	0.48218651111508243	0.0
1.1331266462648582	0.4820810548831644	0.0
1.1346274762599111	0.48197927487271336	0.0
1.1361283062549639	0.4818811694076675	0.0
1.1376291362500166	0.4817867367453624	0.0
1.1391299662450696	0.48169597507649714	0.0
1.140630796240122	0.48160888252520107	0.0
1.142131626235175	0.4815254571490143	0.0
1.1436324562302278	0.4814456969390122	0.0
1.1451332862252805	0.48136959981977673	0.0
1.1466341162203335	0.4812971636494416	0.0
1.1481349462153863	0.4812283862197985	0.0
1.149635776210439	0.48116326525630904	0.0
1.1511366062054917	0.4811017984181126	0.0
1.1526374362005447	0.48104398329815806	0.0
1.1541382661955975	0.48098981742312824	0.0
1.1556390961906502	0.48093929825367376	0.0
1.157139926185703	0.48089242318428965	0.0
1.1586407561807557	0.4808491895434762	0.0
1.1601415861758086	0.4808095945937276	0.0
1.1616424161708614	0.4807736355316758	0.0
1.1631432461659141	0.4807413094880851	0.0
1.1646440761609669	0.48071261352791894	0.0
1.1661449061560196	0.48068754465041236	0.0
1.1676457361510726	0.4806660997891565	0.0
1.1691465661461253	0.48064827581214264	0.0
1.170647396141178	0.48063406952185483	0.0
1.1721482261362308	0.48062347765526237	0.0
1.1736490561312836	0.480616496884009	0.0
1.1751498861263365	0.48061312381439975	0.0
1.1766507161213893	0.48061335498750113	0.0
1.178151546116442	0.4806171868792258	0.0
1.1796523761114948	0.4806246159004097	0.0
1.1811532061065475	0.4806356383968675	0.0
1.1826540361016005	0.4806502506494808	0.0
1.1841548660966532	0.4806684488743181	0.0
1.185655696091706	0.4806902292226852	0.0
1.187156526086759	0.48071558778122125	0.0
1.1886573560818114	0.48074452057194444	0.0
1.1901581860768644	0.4807770235524345	0.0
1.1916590160719172	0.48081309261583494	0.0
1.1931598460669701	0.4808527235909876	0.0
1.1946606760620229	0.48089591224252093	0.0
1.1961615060570754	0.48094265427094796	0.0
1.1976623360521284	0.48099294531274384	0.0
1.199163166047181	0.48104678094048525	0.0
1.200663996042234	0.4811041566629055	0.0
1.2021648260372868	0.48116506792502234	0.0
1.2036656560323395	0.4812295101082589	0.0
1.2051664860273923	0.4812974785305083	0.0
1.206667316022445	0.481368968446263	0.0
1.208168146017498	0.481443975046738	0.0
1.2096689760125507	0.4815224934599666	0.0
1.2111698060076035	0.48160451875089894	0.0
1.2126706360026562	0.4816900459215331	0.0
1.214171465997709	0.48177906991102876	0.0
1.215672295992762	0.4818715855958081	0.0
1.2171731259878147	0.4819675877897311	0.0
1.2186739559828674	0.48206707124413956	0.0
1.2201747859779202	0.48217003064802855	0.0
1.221675615972973	0.4822764606281508	0.0
1.2231764459680259	0.48238635574917726	0.0
1.2246772759630786	0.4824997105137589	0.0
1.2261781059581316	0.4826165193627037	0.0
1.2276789359531841	0.4827367766751079	0.0
1.2291797659482369	0.48286047676848404	0.0
1.2306805959432898	0.4829876138988564	0.0
1.2321814259383426	0.48311818226094094	0.0
1.2336822559333955	0.4832521759882807	0.0
1.235183085928448	0.4833895891533629	0.0
1.2366839159235008	0.48353041576775313	0.0
1.2381847459185538	0.48367464978229213	0.0
1.2396855759136065	0.4838222850871573	0.0
1.2411864059086595	0.4839733155120716	0.0
1.2426872359037122	0.484127734826412	0.0
1.2441880658987647	0.48428553673938696	0.0
1.2456888958938177	0.48444671490015834	0.0
1.2471897258888704	0.4846112628980339	0.0
1.2486905558839234	0.4847791742625561	0.0
1.2501913858789762	0.4849504424637171	0.0
1.251692215874029	0.485125060912103	0.0
1.2531930458690816	0.485303022959002	0.0
1.2546938758641344	0.48548432189664903	0.0
1.2561947058591874	0.48566895095828244	0.0
1.25769553585424	0.48585690331838666	0.0
1.2591963658492928	0.4860481720928314	0.0
1.2606971958443456	0.48624275033903697	0.0
1.2621980258393983	0.48644063105613417	0.0
1.2636988558344513	0.4866418071851365	0.0
1.265199685829504	0.48684627160910576	0.0
1.2667005158245568	0.48705401715332686	0.0
1.2682013458196095	0.48726503658546183	0.0
1.2697021758146623	0.48747932261578036	0.0
1.2712030058097152	0.4876968678972586	0.0
1.272703835804768	0.48791766502580286	0.0
1.2742046657998207	0.48814170654041805	0.0
1.2757054957948735	0.48836898492341	0.0
1.2772063257899262	0.4885994926004861	0.0
1.2787071557849792	0.4888332219410587	0.0
1.280207985780032	0.4890701652583123	0.0
1.2817088157750849	0.4893103148094457	0.0
1.2832096457701374	0.48955366279587015	0.0
1.2847104757651902	0.48980020136337965	0.0
1.2862113057602431	0.4900499226023026	0.0
1.2877121357552959	0.4903028185477785	0.0
1.2892129657503488	0.4905588811798332	0.0
1.2907137957454016	0.4908181024237105	0.0
1.292214625740454	0.4910804741499266	0.0
1.293715455735507	0.49134598817457553	0.0
1.2952162857305598	0.4916146362594423	0.0
1.2967171157256128	0.4918864101122684	0.0
1.2982179457206655	0.4921613013869109	0.0
1.2997187757157183	0.4924393016835581	0.0
1.301219605710771	0.4927204025489037	0.0
1.3027204357058237	0.49300459547640835	0.0
1.3042212657008767	0.49329187190642093	0.0
1.3057220956959295	0.49358222322647355	0.0
1.3072229256909822	0.4938756407714015	0.0
1.308723755686035	0.49417211582361165	0.0
1.3102245856810877	0.4944716396132781	0.0
1.3117254156761406	0.49477420331854327	0.0
1.3132262456711934	0.4950797980656719	0.0
1.3147270756662461	0.4953884149294004	0.0
1.3162279056612989	0.4957000449330348	0.0
1.3177287356563516	0.4960146790487061	0.0
1.3192295656514046	0.4963323081975624	0.0
1.3207303956464573	0.49665292324999977	0.0
1.32223122564151	0.4969765150259016	0.0
1.3237320556365628	0.49730307429480275	0.0
1.3252328856316156	0.4976325917761627	0.0
1.3267337156266685	0.49796505813955716	0.0
1.3282345456217213	0.4983004640048942	0.0
1.3297353756167742	0.4986387999426423	0.0
1.3312362056118268	0.4989800564740798	0.0
1.3327370356068795	0.49932422407146915	0.0
1.3342378656019325	0.49967129315830144	0.0
1.3357386955969852	0.500021254109571	0.0
1.3372395255920382	0.5003740972519172	0.0
1.3387403555870907	0.500729812863905	0.0
1.3402411855821437	0.5010883911762425	0.0
1.3417420155771964	0.5014498223720052	0.0
1.3432428455722492	0.5018140965868324	0.0
1.3447436755673021	0.5021812039092549	0.0
1.3462445055623549	0.5025511343808222	0.0
1.3477453355574076	0.502923877996392	0.0
1.3492461655524604	0.5032994247043323	0.0
1.350746995547513	0.5036777644067975	0.0
1.352247825542566	0.5040588869599046	0.0
1.3537486555376188	0.5044427821739931	0.0
1.3552494855326715	0.504829439813897	0.0
1.3567503155277243	0.5052188495991321	0.0
1.358251145522777	0.5056110012041634	0.0
1.35975197551783	0.5060058842586025	0.0
1.3612528055128827	0.5064034883474919	0.0
1.3627536355079355	0.5068038030115404	0.0
1.3642544655029882	0.5072068177472736	0.0
1.365755295498041	0.5076125220074423	0.0
1.367256125493094	0.5080209052011214	0.0
1.3687569554881467	0.5084319566940121	0.0
1.3702577854831994	0.5088456658086339	0.0
1.3717586154782522	0.5092620218246571	0.0
1.3732594454733051	0.5096810139790625	0.0
1.3747602754683579	0.5101026314664134	0.0
1.3762611054634106	0.5105268634391019	0.0
1.3777619354584634	0.5109536990075995	0.0
1.3792627654535161	0.511383127240694	0.0
1.380763595448569	0.5118151371657228	0.0
1.3822644254436218	0.512249717768819	0.0
1.3837652554386746	0.5126868579951903	0.0
1.3852660854337275	0.5131265467493537	0.0
1.38676691542878	0.5135687728953401	0.0
1.388267745423833	0.5140135252570136	0.0
1.3897685754188858	0.5144607926182635	0.0
1.3912694054139385	0.5149105637232576	0.0
1.3927702354089915	0.5153628272766945	0.0
1.3942710654040442	0.5158175719441097	0.0
1.395771895399097	0.5162747863520376	0.0
1.3972727253941497	0.5167344590882816	0.0
1.3987735553892024	0.5171965787022275	0.0
1.4002743853842554	0.5176611337050483	0.0
1.4017752153793082	0.518128112569899	0.0
1.403276045374361	0.5185975037322414	0.0
1.4047768753694136	0.5190692955901346	0.0
1.4062777053644664	0.5195434765043525	0.0
1.4077785353595194	0.5200200347987539	0.0
1.409279365354572	0.5204989587604589	0.0
1.4107801953496248	0.5209802366401654	0.0
1.4122810253446776	0.5214638566523367	0.0
1.4137818553397306	0.5219498069755213	0.0
1.4152826853347833	0.5224380757525167	0.0
1.416783515329836	0.5229286510907064	0.0
1.4182843453248888	0.5234215210623	0.0
1.4197851753199415	0.5239166737045358	0.0
1.4212860053149945	0.5244140970199718	0.0
1.4227868353100472	0.5249137789767024	0.0
1.4242876653051	0.5254157075086936	0.0
1.4257884953001527	0.5259198705159353	0.0
1.4272893252952055	0.526426255864777	0.0
1.4287901552902584	0.5269348513881427	0.0
1.4302909852853112	0.5274456448857525	0.0
1.431791815280364	0.5279586241244175	0.0
1.4332926452754169	0.5284737768383365	0.0
1.4347934752704694	0.5289910907292684	0.0
1.4362943052655224	0.5295105534667739	0.0
1.4377951352605751	0.5300321526885715	0.0
1.4392959652556279	0.5305558760007111	0.0
1.4407967952506808	0.53108171097785	0.0
1.4422976252457334	0.5316096451634965	0.0
1.4437984552407863	0.5321396660703072	0.0
1.445299285235839	0.5326717611802427	0.0
1.446800115230892	0.5332059179449183	0.0
1.4483009452259448	0.5337421237858286	0.0
1.4498017752209975	0.5342803660945872	0.0
1.4513026052160503	0.5348206322331848	0.0
1.452803435211103	0.5353629095342692	0.0
1.454304265206156	0.5359071853013302	0.0
1.4558050952012087	0.5364534468090252	0.0
1.4573059251962615	0.5370016813033968	0.0
1.4588067551913142	0.5375518760021438	0.0
1.460307585186367	0.5381040180948548	0.0
1.46180841518142	0.5386580947432639	0.0
1.4633092451764727	0.5392140930815138	0.0
1.4648100751715254	0.539772000216409	0.0
1.4663109051665781	0.5403318032276491	0.0
1.4678117351616309	0.5408934891681055	0.0
1.4693125651566838	0.5414570450640588	0.0
1.4708133951517366	0.5420224579154637	0.0
1.4723142251467893	0.542589714696168	0.0
1.473815055141842	0.5431588023542053	0.0
1.4753158851368948	0.5437297078120406	0.0
1.4768167151319478	0.5443024179667822	0.0
1.4783175451270005	0.5448769196904693	0.0
1.4798183751220533	0.5454531998303306	0.0
1.481319205117106	0.5460312452089736	0.0
1.4828200351121588	0.5466110426247501	0.0
1.4843208651072117	0.5471925788519097	0.0
1.4858216951022645	0.5477758406408284	0.0
1.4873225250973174	0.5483608147183577	0.0
1.4888233550923702	0.548947487788012	0.0
1.4903241850874227	0.5495358465302067	0.0
1.4918250150824757	0.5501258776025914	0.0
1.4933258450775284	0.5507175676401833	0.0
1.4948266750725814	0.5513109032556975	0.0
1.4963275050676341	0.5519058710397658	0.0
1.4978283350626869	0.5525024575611878	0.0
1.4993291650577396	0.5531006493672068	0.0
1.5008299950527924	0.5537004329836865	0.0
1.5023308250478453	0.55430179491544	0.0
1.503831655042898	0.5549047216464374	0.0
1.5053324850379508	0.5555091996400345	0.0
1.5068333150330036	0.5561152153392853	0.0
1.5083341450280563	0.556722755167119	0.0
1.5098349750231093	0.5573318055266363	0.0
1.511335805018162	0.5579423528013214	0.0
1.5128366350132147	0.5585543833553138	0.0
1.5143374650082675	0.5591678835336236	0.0
1.5158382950033202	0.5597828396624419	0.0
1.5173391249983732	0.5603992380493079	0.0
1.518839954993426	0.5610170649834089	0.0
1.5203407849884787	0.561636306735794	0.0
1.5218416149835314	0.5622569495596272	0.0
1.5233424449785842	0.5628789796904674	0.0
1.5248432749736371	0.5635023833464494	0.0
1.5263441049686899	0.5641271467285834	0.0
1.5278449349637429	0.5647532560209745	0.0
1.5293457649587954	0.5653806973910785	0.0
1.5308465949538481	0.566009456989927	0.0
1.532347424948901	0.5666395209523579	0.0
1.5338482549439538	0.5672708753973346	0.0
1.5353490849390068	0.5679035064281323	0.0
1.5368499149340595	0.5685374001325375	0.0
1.538350744929112	0.5691725425831898	0.0
1.539851574924165	0.5698089198377573	0.0
1.5413524049192178	0.5704465179391847	0.0
1.5428532349142707	0.5710853229159703	0.0
1.5443540649093235	0.5717253207823805	0.0
1.545854894904376	0.5723664975386987	0.0
1.547355724899429	0.5730088391714356	0.0
1.5488565548944817	0.5736523316536608	0.0
1.5503573848895347	0.574296960945102	0.0
1.5518582148845874	0.5749427129925695	0.0
1.5533590448796402	0.575589573730016	0.0
1.5548598748746927	0.5762375290788951	0.0
1.5563607048697456	0.5768865649483318	0.0
1.5578615348647986	0.577536667235431	0.0
1.5593623648598514	0.5781878218254815	0.0
1.560863194854904	0.5788400145922016	0.0
1.5623640248499568	0.5794932313979345	0.0
1.5638648548450098	0.5801474580939662	0.0
1.5653656848400623	0.580802680520696	0.0
1.5668665148351153	0.5814588845079598	0.0
1.568367344830168	0.5821160558751435	0.0
1.5698681748252208	0.5827741804315674	0.0
1.5713690048202735	0.5834332439766072	0.0
1.5728698348153265	0.5840932323000633	0.0
1.5743706648103795	0.5847541311822062	0.0
1.575871494805432	0.5854159263941588	0.0
1.5773723248004847	0.5860786036981513	0.0
1.5788731547955377	0.58674214884769	0.0
1.5803739847905902	0.5874065475877858	0.0
1.5818748147856432	0.5880717856552353	0.0
1.5833756447806961	0.5887378487788785	0.0
1.584876474775749	0.5894047226797868	0.0
1.5863773047708014	0.5900723930714983	0.0
1.5878781347658544	0.5907408456603376	0.0
1.5893789647609073	0.5914100661455207	0.0
1.5908797947559599	0.5920800402195249	0.0
1.5923806247510128	0.5927507535682345	0.0
1.5938814547460656	0.5934221918712309	0.0
1.595382284741118	0.594094340801988	0.0
1.596883114736171	0.5947671860281797	0.0
1.598383944731224	0.5954407132118269	0.0
1.5998847747262768	0.5961149080096194	0.0
1.6013856047213293	0.5967897560730864	0.0
1.6028864347163823	0.5974652430488689	0.0
1.6043872647114352	0.5981413545789178	0.0
1.6058880947064877	0.5988180763008388	0.0
1.6073889247015407	0.5994953938479867	0.0
1.6088897546965935	0.6001732928498251	0.0
1.6103905846916464	0.6008517589320599	0.0
1.611891414686699	0.601530777716923	0.0
1.613392244681752	0.6022103348234636	0.0
1.6148930746768049	0.6028904158677176	0.0
1.6163939046718574	0.6035710064629664	0.0
1.6178947346669101	0.6042520922199226	0.0
1.619395564661963	0.604933658747081	0.0
1.6208963946570156	0.6056156916508367	0.0
1.6223972246520686	0.6062981765358098	0.0
1.6238980546471213	0.6069810990050479	0.0
1.6253988846421743	0.6076644446602656	0.0
1.6268997146372268	0.608348199102077	0.0
1.6284005446322798	0.6090323479302079	0.0
1.6299013746273328	0.6097168767438185	0.0
1.6314022046223853	0.6104017711416194	0.0
1.632903034617438	0.6110870167222795	0.0
1.634403864612491	0.6117725990844433	0.0
1.6359046946075435	0.612458503827153	0.0
1.6374055246025965	0.6131447165500168	0.0
1.6389063545976494	0.6138312228534398	0.0
1.6404071845927022	0.6145180083388493	0.0
1.6419080145877547	0.615205058608984	0.0
1.6434088445828077	0.6158923592681272	0.0
1.6449096745778606	0.616579895922262	0.0
1.6464105045729132	0.6172676541794165	0.0
1.6479113345679661	0.6179556196498264	0.0
1.6494121645630189	0.6186437779462022	0.0
1.6509129945580718	0.6193321146839752	0.0
1.6524138245531244	0.6200206154815532	0.0
1.6539146545481773	0.6207092659605279	0.0
1.65541548454323	0.6213980517458828	0.0
1.6569163145382828	0.6220869584663061	0.0
1.6584171445333356	0.6227759717543899	0.0
1.6599179745283885	0.6234650772468737	0.0
1.661418804523441	0.624154260584884	0.0
1.662919634518494	0.6248435074141654	0.0
1.6644204645135467	0.6255328033853151	0.0
1.6659212945085997	0.6262221341540778	0.0
1.6674221245036522	0.6269114853815	0.0
1.6689229544987052	0.62760084273424	0.0
1.6704237844937582	0.6282901918847901	0.0
1.6719246144888107	0.6289795185116818	0.0
1.6734254444838634	0.6296688082997958	0.0
1.6749262744789164	0.6303580469405067	0.0
1.676427104473969	0.631047220132019	0.0
1.6779279344690219	0.6317363135795431	0.0
1.6794287644640746	0.6324253129955627	0.0
1.6809295944591276	0.6331142041000712	0.0
1.6824304244541801	0.633802972620794	0.0
1.683931254449233	0.6344916042935057	0.0
1.685432084444286	0.6351800848621264	0.0
1.6869329144393386	0.6358684000791376	0.0
1.6884337444343913	0.6365565357057054	0.0
1.6899345744294443	0.6372444775119539	0.0
1.6914354044244972	0.6379322112772184	0.0
1.6929362344195498	0.6386197227902196	0.0
1.6944370644146027	0.6393069978494519	0.0
1.6959378944096555	0.6399940222632747	0.0
1.697438724404708	0.6406807818501934	0.0
1.698939554399761	0.6413672624392036	0.0
1.700440384394814	0.6420534498699109	0.0
1.7019412143898665	0.6427393299928215	0.0
1.7034420443849194	0.6434248886695764	0.0
1.7049428743799722	0.644110111773206	0.0
1.7064437043750251	0.6447949851883525	0.0
1.7079445343700776	0.6454794948115571	0.0
1.7094453643651306	0.6461636265514085	0.0
1.7109461943601834	0.6468473663289623	0.0
1.712447024355236	0.6475307000777408	0.0
1.7139478543502888	0.6482136137442062	0.0
1.7154486843453418	0.6488960932878448	0.0
1.7169495143403943	0.6495781246814982	0.0
1.7184503443354473	0.6502596939116088	0.0
1.7199511743305	0.650940786978399	0.0
1.721452004325553	0.6516213898961563	0.0
1.7229528343206055	0.6523014886934817	0.0
1.7244536643156585	0.6529810694134961	0.0
1.7259544943107115	0.6536601181141622	0.0
1.727455324305764	0.654338620868437	0.0
1.7289561543008167	0.6550165637646012	0.0
1.7304569842958697	0.6556939329064226	0.0
1.7319578142909227	0.65637071441343	0.0
1.7334586442859752	0.6570468944212332	0.0
1.7349594742810281	0.6577224590816307	0.0
1.736460304276081	0.6583973945629621	0.0
1.7379611342711334	0.6590716870503235	0.0
1.7394619642661864	0.6597453227457394	0.0
1.7409627942612393	0.6604182878685255	0.0
1.7424636242562919	0.6610905686554978	0.0
1.7439644542513446	0.6617621513611536	0.0
1.7454652842463976	0.6624330222579928	0.0
1.7469661142414505	0.6631031676366931	0.0
1.748466944236503	0.6637725738064537	0.0
1.749967774231556	0.664441227095104	0.0
1.7514686042266088	0.665109113849465	0.0
1.7529694342216613	0.6657762204355216	0.0
1.7544702642167143	0.6664425332387367	0.0
1.7559710942117672	0.667108038664246	0.0
1.75747192420682	0.6677727231370808	0.0
1.7589727542018727	0.6684365731024768	0.0
1.7604735841969255	0.6690995750260436	0.0
1.7619744141919784	0.6697617153941162	0.0
1.763475244187031	0.670422980713874	0.0
1.764976074182084	0.6710833575136538	0.0
1.7664769041771367	0.6717428323432149	0.0
1.7679777341721894	0.6724013917738828	0.0
1.7694785641672421	0.6730590223989238	0.0
1.770979394162295	0.673715710833714	0.0
1.772480224157348	0.6743714437159615	0.0
1.7739810541524006	0.6750262077060036	0.0
1.7754818841474533	0.675679989487049	0.0
1.7769827141425063	0.6763327757653481	0.0
1.7784835441375588	0.6769845532705328	0.0
1.7799843741326118	0.6776353087557735	0.0
1.7814852041276648	0.6782850289980773	0.0
1.7829860341227173	0.678933700798538	0.0
1.78448686411777	0.6795813109825137	0.0
1.785987694112823	0.680227846399925	0.0
1.787488524107876	0.6808732939254865	0.0
1.7889893541029285	0.6815176404589288	0.0
1.7904901840979814	0.6821608729252265	0.0
1.7919910140930342	0.6828029782749161	0.0
1.7934918440880867	0.6834439434842644	0.0
1.7949926740831397	0.6840837555555018	0.0
1.7964935040781926	0.6847224015171167	0.0
1.7979943340732454	0.6853598684240265	0.0
1.7994951640682981	0.6859961433578949	0.0
1.8009959940633509	0.6866312134273251	0.0
1.8024968240584038	0.6872650657680636	0.0
1.8039976540534564	0.6878976875432957	0.0
1.8054984840485093	0.6885290659439314	0.0
1.806999314043562	0.6891591881886997	0.0
1.8085001440386146	0.6897880415244997	0.0
1.8100009740336676	0.6904156132265938	0.0
1.8115018040287205	0.6910418905988057	0.0
1.8130026340237735	0.6916668609738679	0.0
1.814503464018826	0.6922905117136129	0.0
1.8160042940138788	0.692912830209072	0.0
1.8175051240089317	0.6935338038808786	0.0
1.8190059540039842	0.6941534201794741	0.0
1.8205067839990372	0.6947716665852891	0.0
1.82200761399409	0.6953885306089902	0.0
1.8235084439891427	0.6960039997917254	0.0
1.8250092739841954	0.6966180617053793	0.0
1.8265101039792484	0.6972307039527638	0.0
1.8280109339743014	0.6978419141678773	0.0
1.8295117639693539	0.6984516800160963	0.0
1.8310125939644066	0.6990599891943792	0.0
1.8325134239594596	0.6996668294316402	0.0
1.8340142539545121	0.700272188488885	0.0
1.835515083949565	0.7008760541593422	0.0
1.837015913944618	0.7014784142688537	0.0
1.8385167439396708	0.7020792566760282	0.0
1.8400175739347233	0.7026785692724634	0.0
1.8415184039297763	0.7032763399829934	0.0
1.8430192339248292	0.7038725567658544	0.0
1.8445200639198818	0.7044672076130347	0.0
1.8460208939149347	0.7050602805503766	0.0
1.8475217239099875	0.7056517636377903	0.0
1.84902255390504	0.7062416449696319	0.0
1.850523383900093	0.7068299126747422	0.0
1.852024213895146	0.707416554916798	0.0
1.8535250438901987	0.7080015598944124	0.0
1.8550258738852514	0.7085849158414741	0.0
1.8565267038803042	0.7091666110272938	0.0
1.8580275338753571	0.7097466337568338	0.0
1.8595283638704097	0.7103249723709376	0.0
1.8610291938654626	0.7109016152465757	0.0
1.8625300238605154	0.71147655079697	0.0
1.864030853855568	0.7120497674719092	0.0
1.8655316838506208	0.7126212537578904	0.0
1.8670325138456738	0.713190998178363	0.0
1.8685333438407268	0.7137589892939145	0.0
1.8700341738357793	0.7143252157025483	0.0
1.871535003830832	0.7148896660398295	0.0
1.873035833825885	0.7154523289791185	0.0
1.8745366638209375	0.7160131932317291	0.0
1.8760374938159905	0.7165722475472635	0.0
1.8775383238110435	0.7171294807137031	0.0
1.8790391538060962	0.7176848815576053	0.0
1.8805399838011487	0.7182384389444219	0.0
1.8820408137962017	0.7187901417785622	0.0
1.8835416437912547	0.7193399790037275	0.0
1.8850424737863072	0.719887939603074	0.0
1.88654330378136	0.7204340125992966	0.0
1.888044133776413	0.7209781870549653	0.0
1.8895449637714654	0.7215204520727013	0.0
1.8910457937665184	0.722060796795374	0.0
1.8925466237615713	0.7225992104062761	0.0
1.894047453756624	0.7231356821292692	0.0
1.8955482837516766	0.7236702012290914	0.0
1.8970491137467296	0.7242027570114669	0.0
1.8985499437417825	0.7247333388233576	0.0
1.900050773736835	0.7252619360530866	0.0
1.901551603731888	0.7257885381306082	0.0
1.9030524337269408	0.7263131345276219	0.0
1.9045532637219937	0.7268357147577883	0.0
1.9060540937170463	0.7273562683769502	0.0
1.9075549237120992	0.7278747849833038	0.0
1.909055753707152	0.7283912542175458	0.0
1.9105565837022047	0.7289056657630612	0.0
1.9120574136972575	0.7294180093461847	0.0
1.9135582436923104	0.7299282747363096	0.0
1.915059073687363	0.7304364517460784	0.0
1.916559903682416	0.730942530231573	0.0
1.9180607336774687	0.7314465000924817	0.0
1.9195615636725216	0.7319483512723111	0.0
1.9210623936675741	0.7324480737585617	0.0
1.922563223662627	0.7329456575828127	0.0
1.92406405365768	0.7334410928209742	0.0
1.9255648836527326	0.7339343695935281	0.0
1.9270657136477853	0.7344254780655153	0.0
1.9285665436428383	0.7349144084468685	0.0
1.9300673736378908	0.7354011509925079	0.0
1.9315682036329438	0.7358856960025167	0.0
1.9330690336279968	0.7363680338223301	0.0
1.9345698636230495	0.7368481548428992	0.0
1.936070693618102	0.7373260495008197	0.0
1.937571523613155	0.7378017082785255	0.0
1.939072353608208	0.7382751217044459	0.0
1.9405731836032605	0.7387462803531883	0.0
1.9420740135983134	0.7392151748456237	0.0
1.9435748435933662	0.7396817958490974	0.0
1.9450756735884192	0.740146134077596	0.0
1.9465765035834717	0.7406081802919194	0.0
1.9480773335785246	0.7410679252997374	0.0
1.9495781635735774	0.7415253599558855	0.0
1.95107899356863	0.7419804751623817	0.0
1.9525798235636829	0.7424332618686723	0.0
1.9540806535587358	0.7428837110717534	0.0
1.9555814835537884	0.7433318138162526	0.0
1.9570823135488413	0.7437775611946605	0.0
1.958583143543894	0.744220944347492	0.0
1.960083973538947	0.7446619544633293	0.0
1.9615848035339996	0.745100582779075	0.0
1.9630856335290525	0.7455368205799877	0.0
1.9645864635241053	0.745970659199896	0.0
1.966087293519158	0.7464020900213345	0.0
1.9675881235142108	0.7468311044756714	0.0
1.9690889535092637	0.7472576940431692	0.0
1.9705897835043162	0.7476818502532651	0.0
1.9720906134993692	0.7481035646845942	0.0
1.973591443494422	0.7485228289651332	0.0
1.975092273489475	0.7489396347723979	0.0
1.9765931034845274	0.7493539738335062	0.0
1.9780939334795804	0.7497658379253349	0.0
1.9795947634746334	0.7501752188746423	0.0
1.981095593469686	0.7505821085581299	0.0
1.9825964234647386	0.7509864989027033	0.0
1.9840972534597916	0.7513883818855126	0.0
1.9855980834548446	0.7517877495340634	0.0
1.987098913449897	0.7521845939263462	0.0
1.98859974344495	0.752578907191008	0.0
1.9901005734400028	0.7529706815073556	0.0
1.9916014034350553	0.7533599091055921	0.0
1.9931022334301083	0.7537465822668843	0.0
1.9946030634251612	0.7541306933234498	0.0
1.9961038934202138	0.7545122346587668	0.0
1.9976047234152667	0.7548911987075062	0.0
1.9991055534103195	0.7552675779558412	0.0
2.0006063834053722	0.755641364941409	0.0
2.002107213400425	0.7560125522534801	0.0
2.0036080433954777	0.7563811325330944	0.0
2.005108873390531	0.7567470984731248	0.0
2.006609703385583	0.7571104428183313	0.0
2.0081105333806364	0.757471158365574	0.0
2.009611363375689	0.7578292379638014	0.0
2.011112193370742	0.7581846745142797	0.0
2.0126130233657946	0.7585374609705863	0.0
2.0141138533608474	0.7588875903387142	0.0
2.0156146833559005	0.7592350556772267	0.0
2.017115513350953	0.7595798500972955	0.0
2.0186163433460056	0.7599219667627799	0.0
2.020117173341059	0.7602613988904108	0.0
2.021618003336111	0.760598139749809	0.0
2.0231188333311643	0.7609321826635935	0.0
2.024619663326217	0.7612635210074529	0.0
2.0261204933212698	0.7615921482102681	0.0
2.0276213233163225	0.7619180577541109	0.0
2.0291221533113752	0.7622412431744776	0.0
2.0306229833064284	0.7625616980602602	0.0
2.0321238133014807	0.7628794160538144	0.0
2.0336246432965335	0.7631943908511324	0.0
2.0351254732915867	0.763506616201858	0.0
2.036626303286639	0.7638160859093466	0.0
2.038127133281692	0.7641227938307994	0.0
2.039627963276745	0.7644267338773242	0.0
2.0411287932717976	0.764727900013981	0.0
2.0426296232668504	0.765026286259887	0.0
2.044130453261903	0.7653218866882655	0.0
2.0456312832569563	0.7656146954265317	0.0
2.0471321132520086	0.7659047066563431	0.0
2.048632943247062	0.7661919146136974	0.0
2.0501337732421145	0.7664763135889776	0.0
2.0516346032371673	0.7667578979270531	0.0
2.05313543323222	0.7670366620272996	0.0
2.0546362632272728	0.7673126003436328	0.0
2.0561370932223255	0.7675857073846996	0.0
2.0576379232173783	0.7678559777137764	0.0
2.059138753212431	0.7681234059489647	0.0
2.060639583207484	0.7683879867632192	0.0
2.0621404132025365	0.7686497148843421	0.0
2.0636412431975897	0.7689085850950965	0.0
2.0651420731926424	0.7691645922332553	0.0
2.066642903187695	0.769417731191632	0.0
2.068143733182748	0.7696679969181185	0.0
2.0696445631778007	0.7699153844158814	0.0
2.071145393172854	0.7701598887431964	0.0
2.072646223167906	0.7704015050136432	0.0
2.074147053162959	0.7706402283961281	0.0
2.075647883158012	0.7708760541149227	0.0
2.0771487131530644	0.7711089774496873	0.0
2.0786495431481176	0.7713389937355467	0.0
2.0801503731431703	0.7715660983631409	0.0
2.081651203138223	0.7717902867786219	0.0
2.083152033133276	0.7720115544838142	0.0
2.0846528631283285	0.7722298970360533	0.0
2.0861536931233817	0.7724453100484373	0.0
2.087654523118434	0.7726577891897651	0.0
2.089155353113487	0.7728673301845271	0.0
2.09065618310854	0.7730739288130458	0.0
2.0921570131035927	0.7732775809115121	0.0
2.0936578430986454	0.7734782823719337	0.0
2.095158673093698	0.7736760291422174	0.0
2.096659503088751	0.773870817226217	0.0
2.0981603330838037	0.7740626426837056	0.0
2.0996611630788564	0.7742515016305072	0.0
2.1011619930739096	0.7744373902384553	0.0
2.102662823068962	0.7746203047354032	0.0
2.104163653064015	0.7748002414053434	0.0
2.105664483059068	0.7749771965883471	0.0
2.1071653130541206	0.7751511666806703	0.0
2.1086661430491733	0.7753221481346796	0.0
2.110166973044226	0.7754901374589628	0.0
2.111667803039279	0.7756551312183465	0.0
2.1131686330343316	0.775817126033885	0.0
2.1146694630293843	0.7759761185828604	0.0
2.1161702930244375	0.7761321055988527	0.0
2.11767112301949	0.7762850838718218	0.0
2.119171953014543	0.7764350502479672	0.0
2.1206727830095957	0.7765820016298671	0.0
2.1221736130046485	0.7767259349764726	0.0
2.123674442999701	0.7768668473031122	0.0
2.125175272994754	0.777004735681477	0.0
2.126676102989807	0.7771395972397633	0.0
2.1281769329848594	0.7772714291625059	0.0
2.129677762979912	0.7774002286907308	0.0
2.1311785929749654	0.7775259931218713	0.0
2.132679422970018	0.7776487198098744	0.0
2.134180252965071	0.7777684061651573	0.0
2.1356810829601236	0.7778850496546156	0.0
2.1371819129551763	0.7779986478016566	0.0
2.138682742950229	0.7781091981862068	0.0
2.140183572945282	0.7782166984447141	0.0
2.141684402940335	0.7783211462701592	0.0
2.1431852329353873	0.7784225394119534	0.0
2.1446860629304405	0.7785208756762152	0.0
2.1461868929254933	0.7786161529254321	0.0
2.147687722920546	0.7787083690788008	0.0
2.1491885529155987	0.778797522111987	0.0
2.1506893829106515	0.7788836100571783	0.0
2.1521902129057042	0.7789666310031861	0.0
2.153691042900757	0.7790465830953548	0.0
2.1551918728958097	0.77912346453558	0.0
2.156692702890863	0.779197273582328	0.0
2.158193532885915	0.7792680085505735	0.0
2.1596943628809684	0.7793356678119538	0.0
2.161195192876021	0.7794002497945326	0.0
2.162696022871074	0.779461752983019	0.0
2.1641968528661266	0.779520175918649	0.0
2.1656976828611794	0.7795755171991433	0.0
2.1671985128562326	0.7796277754788	0.0
2.168699342851285	0.7796769494684894	0.0
2.1702001728463376	0.7797230379355241	0.0
2.171701002841391	0.7797660397038053	0.0
2.1732018328364435	0.7798059536536558	0.0
2.1747026628314963	0.7798427787220213	0.0
2.176203492826549	0.7798765139022258	0.0
2.1777043228216018	0.7799071582441024	0.0
2.1792051528166545	0.7799347108540072	0.0
2.1807059828117072	0.7799591708946766	0.0
2.1822068128067604	0.7799805375853472	0.0
2.1837076428018127	0.7799988102016254	0.0
2.1852084727968655	0.7800139880756108	0.0
2.1867093027919187	0.780026070595747	0.0
2.1882101327869714	0.7800350572069031	0.0
2.189710962782024	0.7800409474103144	0.0
2.191211792777077	0.780043740763561	0.0
2.1927126227721296	0.7800434368805631	0.0
2.1942134527671824	0.7800400354315836	0.0
2.195714282762235	0.7800335361431193	0.0
2.1972151127572883	0.7800239387980281	0.0
2.198715942752341	0.7800112432354336	0.0
2.200216772747394	0.7799954493506616	0.0
2.2017176027424465	0.7799765570952519	0.0
2.2032184327374993	0.7799545664770027	0.0
2.204719262732552	0.7799294775598392	0.0
2.2062200927276048	0.7799012904638357	0.0
2.2077209227226575	0.7798700053652686	0.0
2.2092217527177103	0.7798356224964663	0.0
2.210722582712763	0.7797981421458169	0.0
2.212223412707816	0.7797575646578228	0.0
2.213724242702869	0.7797138904329785	0.0
2.2152250726979217	0.7796671199278216	0.0
2.2167259026929744	0.7796172536548392	0.0
2.218226732688027	0.779564292182424	0.0
2.21972756268308	0.7795082361349267	0.0
2.2212283926781327	0.7794490861925879	0.0
2.222729222673186	0.7793868430915729	0.0
2.224230052668238	0.7793215076237371	0.0
2.225730882663291	0.7792530806368398	0.0
2.227231712658344	0.7791815630343208	0.0
2.228732542653397	0.779106955775411	0.0
2.2302333726484496	0.779029259875012	0.0
2.2317342026435023	0.7789484764037312	0.0
2.233235032638555	0.7788646064877319	0.0
2.234735862633608	0.7787776513087813	0.0
2.2362366926286605	0.7786876121042642	0.0
2.2377375226237137	0.7785944901670091	0.0
2.2392383526187665	0.7784982868453545	0.0
2.2407391826138188	0.7783990035431175	0.0
2.242240012608872	0.778296641719466	0.0
2.2437408426039247	0.7781912028888994	0.0
2.2452416725989774	0.7780826886213403	0.0
2.24674250259403	0.7779711005418996	0.0
2.248243332589083	0.7778564403309336	0.0
2.2497441625841357	0.777738709724088	0.0
2.2512449925791884	0.7776179105120492	0.0
2.2527458225742416	0.7774940445406469	0.0
2.2542466525692944	0.7773671137108106	0.0
2.255747482564347	0.777237119978466	0.0
2.2572483125594	0.7771040653544462	0.0
2.2587491425544526	0.7769679519046531	0.0
2.2602499725495053	0.7768287817497268	0.0
2.261750802544558	0.7766865570651988	0.0
2.263251632539611	0.7765412800814027	0.0
2.2647524625346636	0.7763929530833478	0.0
2.2662532925297163	0.7762415784107718	0.0
2.2677541225247695	0.7760871584579818	0.0
2.2692549525198222	0.7759296956738928	0.0
2.270755782514875	0.7757691925619841	0.0
2.2722566125099277	0.7756056516801612	0.0
2.2737574425049805	0.7754390756407311	0.0
2.275258272500033	0.7752694671103784	0.0
2.276759102495086	0.7750968288100981	0.0
2.278259932490139	0.7749211635151871	0.0
2.279760762485192	0.7747424740550053	0.0
2.281261592480244	0.7745607633131495	0.0
2.2827624224752974	0.7743760342272719	0.0
2.28426325247035	0.7741882897890032	0.0
2.285764082465403	0.7739975330439729	0.0
2.2872649124604556	0.7738037670916788	0.0
2.2887657424555083	0.7736069950854196	0.0
2.290266572450561	0.7734072202323158	0.0
2.291767402445614	0.7732044457931699	0.0
2.293268232440667	0.7729986750824341	0.0
2.2947690624357198	0.7727899114681148	0.0
2.2962698924307725	0.7725781583717564	0.0
2.2977707224258253	0.7723634192682758	0.0
2.299271552420878	0.772145697686069	0.0
2.3007723824159307	0.7719249972067441	0.0
2.3022732124109835	0.7717013214651939	0.0
2.3037740424060362	0.7714746741494359	0.0
2.3052748724010894	0.7712450590006159	0.0
2.3067757023961417	0.7710124798129038	0.0
2.308276532391195	0.7707769404333817	0.0
2.3097773623862476	0.7705384447620317	0.0
2.3112781923813004	0.7702969967516464	0.0
2.312779022376353	0.770052600407747	0.0
2.314279852371406	0.7698052597884333	0.0
2.3157806823664586	0.7695549790044478	0.0
2.3172815123615114	0.7693017622190153	0.0
2.318782342356564	0.7690456136477465	0.0
2.3202831723516173	0.7687865375586039	0.0
2.3217840023466696	0.7685245382718242	0.0
2.323284832341723	0.7682596201597325	0.0
2.3247856623367755	0.7679917876468221	0.0
2.3262864923318283	0.7677210452095692	0.0
2.327787322326881	0.7674473973763893	0.0
2.3292881523219338	0.7671708487274692	0.0
2.3307889823169865	0.7668914038947579	0.0
2.3322898123120392	0.7666090675619135	0.0
2.3337906423070924	0.766323844464139	0.0
2.335291472302145	0.7660357393881195	0.0
2.3367923022971975	0.7657447571719056	0.0
2.3382931322922507	0.76545090270487	0.0
2.3397939622873034	0.7651541809275872	0.0
2.341294792282356	0.7648545968317632	0.0
2.342795622277409	0.7645521554601276	0.0
2.3442964522724616	0.7642468619062682	0.0
2.345797282267515	0.7639387213146998	0.0
2.347298112262567	0.763627738880578	0.0
2.3487989422576203	0.7633139198497438	0.0
2.350299772252673	0.7629972695185728	0.0
2.351800602247726	0.7626777932338107	0.0
2.3533014322427785	0.762355496392651	0.0
2.3548022622378313	0.7620303844423841	0.0
2.356303092232884	0.7617024628805124	0.0
2.3578039222279368	0.7613717372545306	0.0
2.3593047522229895	0.7610382131618743	0.0
2.3608055822180427	0.7607018962498048	0.0
2.362306412213095	0.7603627922151983	0.0
2.363807242208148	0.7600209068045811	0.0
2.365308072203201	0.7596762458140052	0.0
2.3668089021982537	0.7593288150888258	0.0
2.3683097321933064	0.7589786205236799	0.0
2.369810562188359	0.7586256680624041	0.0
2.371311392183412	0.7582699636977919	0.0
2.3728122221784647	0.7579115134716373	0.0
2.374313052173518	0.7575503234744664	0.0
2.3758138821685706	0.7571863998455487	0.0
2.377314712163623	0.7568197487726604	0.0
2.378815542158676	0.7564503764920993	0.0
2.380316372153729	0.7560782892884893	0.0
2.3818172021487816	0.7557034934946095	0.0
2.3833180321438343	0.7553259954913508	0.0
2.384818862138887	0.7549458017075898	0.0
2.3863196921339402	0.7545629186200441	0.0
2.3878205221289925	0.7541773527530962	0.0
2.3893213521240457	0.7537891106787589	0.0
2.3908221821190985	0.7533981990164983	0.0
2.3923230121141508	0.7530046244331076	0.0
2.393823842109204	0.7526083936425769	0.0
2.3953246721042567	0.75220951340599	0.0
2.3968255020993094	0.7518079905313102	0.0
2.398326332094362	0.7514038318733797	0.0
2.399827162089415	0.7509970443336449	0.0
2.401327992084468	0.7505876348601355	0.0
2.4028288220795204	0.7501756104472375	0.0
2.4043296520745736	0.7497609781356318	0.0
2.4058304820696264	0.7493437450121018	0.0
2.407331312064679	0.7489239182094108	0.0
2.408832142059732	0.7485015049062083	0.0
2.4103329720547846	0.7480765123267987	0.0
2.4118338020498373	0.7476489477410144	0.0
2.41333463204489	0.7472188184641758	0.0
2.414835462039943	0.7467861318568043	0.0
2.416336292034996	0.7463508953245539	0.0
2.4178371220300483	0.7459131163180577	0.0
2.4193379520251015	0.7454728023328383	0.0
2.4208387820201542	0.7450299609090079	0.0
2.422339612015207	0.7445845996311973	0.0
2.4238404420102597	0.7441367261284269	0.0
2.4253412720053125	0.743686348073947	0.0
2.4268421020003657	0.7432334731850626	0.0
2.428342931995418	0.7427781092230145	0.0
2.429843761990471	0.7423202639927742	0.0
2.431344591985524	0.7418599453429047	0.0
2.432845421980576	0.741397161165405	0.0
2.4343462519756294	0.7409319193955505	0.0
2.435847081970682	0.7404642280117142	0.0
2.437347911965735	0.7399940950352609	0.0
2.4388487419607876	0.7395215285303334	0.0
2.4403495719558403	0.7390465366036927	0.0
2.4418504019508935	0.7385691274045746	0.0
2.443351231945946	0.7380893091245095	0.0
2.444852061940999	0.7376070899971541	0.0
2.4463528919360518	0.7371224782980912	0.0
2.447853721931104	0.7366354823447643	0.0
2.4493545519261573	0.7361461104961758	0.0
2.45085538192121	0.735654371152825	0.0
2.452356211916263	0.7351602727564744	0.0
2.4538570419113155	0.7346638237899857	0.0
2.4553578719063682	0.7341650327771377	0.0
2.4568587019014214	0.7336639082824795	0.0
2.4583595318964737	0.7331604589111407	0.0
2.459860361891527	0.7326546933086537	0.0
2.4613611918865796	0.7321466201607651	0.0
2.4628620218816324	0.7316362481933143	0.0
2.464362851876685	0.7311235861718905	0.0
2.465863681871738	0.7306086429018925	0.0
2.467364511866791	0.7300914272281173	0.0
2.4688653418618434	0.7295719480347249	0.0
2.470366171856896	0.729050214244996	0.0
2.4718670018519493	0.7285262348211663	0.0
2.4733678318470016	0.7280000187642096	0.0
2.474868661842055	0.727471575113691	0.0
2.4763694918371075	0.7269409129475327	0.0
2.4778703218321603	0.7264080413818895	0.0
2.479371151827213	0.7258729695709002	0.0
2.4808719818222658	0.7253357067064952	0.0
2.482372811817319	0.7247962620182569	0.0
2.4838736418123712	0.7242546447731789	0.0
2.4853744718074244	0.7237108642754885	0.0
2.486875301802477	0.7231649298664719	0.0
2.4883761317975295	0.7226168509241926	0.0
2.4898769617925827	0.7220666368634528	0.0
2.4913777917876354	0.7215142971355046	0.0
2.492878621782688	0.7209598412277499	0.0
2.494379451777741	0.7204032786637217	0.0
2.4958802817727936	0.7198446190027565	0.0
2.497381111767847	0.7192838718398878	0.0
2.498881941762899	0.7187210468055812	0.0
2.5003827717579523	0.718156153565565	0.0
2.501883601753005	0.7175892018205725	0.0
2.503384431748058	0.7170202013061708	0.0
2.5048852617431105	0.7164491617926194	0.0
2.5063860917381633	0.7158760930845857	0.0
2.5078869217332165	0.7153010050209404	0.0
2.509387751728269	0.7147239074745442	0.0
2.5108885817233215	0.7141448103521136	0.0
2.5123894117183747	0.7135637235939208	0.0
2.513890241713427	0.7129806571736893	0.0
2.51539107170848	0.71239562109826	0.0
2.516891901703533	0.7118086254074399	0.0
2.5183927316985857	0.7112196801738307	0.0
2.5198935616936384	0.7106287955025579	0.0
2.521394391688691	0.7100359815310847	0.0
2.5228952216837444	0.7094412484289542	0.0
2.5243960516787967	0.7088446063976471	0.0
2.5258968816738494	0.7082460656703538	0.0
2.5273977116689026	0.7076456365116721	0.0
2.528898541663955	0.707043329217449	0.0
2.530399371659008	0.7064391541146436	0.0
2.531900201654061	0.7058331215609992	0.0
2.5334010316491136	0.7052252419448428	0.0
2.5349018616441663	0.7046155256848854	0.0
2.536402691639219	0.7040039832300281	0.0
2.5379035216342722	0.7033906250590887	0.0
2.5394043516293245	0.7027754616805797	0.0
2.5409051816243777	0.7021585036325639	0.0
2.5424060116194305	0.7015397614823706	0.0
2.5439068416144828	0.7009192458264023	0.0
2.545407671609536	0.7002969672898548	0.0
2.5469085016045887	0.6996729365265256	0.0
2.5484093315996414	0.6990471642186659	0.0
2.549910161594694	0.6984196610766747	0.0
2.551410991589747	0.6977904378387995	0.0
2.5529118215848	0.6971595052710935	0.0
2.5544126515798524	0.696526874167081	0.0
2.5559134815749056	0.6958925553475065	0.0
2.5574143115699584	0.6952565596602073	0.0
2.558915141565011	0.6946188979797703	0.0
2.560415971560064	0.6939795812074011	0.0
2.5619168015551166	0.6933386202706838	0.0
2.5634176315501698	0.692696026123247	0.0
2.564918461545222	0.6920518097446695	0.0
2.566419291540275	0.6914059821401858	0.0
2.567920121535328	0.6907585543404362	0.0
2.5694209515303803	0.6901095374013355	0.0
2.5709217815254335	0.6894589424037348	0.0
2.5724226115204862	0.6888067804532391	0.0
2.573923441515539	0.688153062679985	0.0
2.5754242715105917	0.6874978002383573	0.0
2.5769251015056445	0.6868410043068396	0.0
2.5784259315006977	0.6861826860877088	0.0
2.57992676149575	0.685522856806873	0.0
2.581427591490803	0.6848615277135837	0.0
2.582928421485856	0.6841987100801996	0.0
2.584429251480908	0.6835344152020015	0.0
2.5859300814759614	0.682868654396897	0.0
2.587430911471014	0.6822014390052604	0.0
2.588931741466067	0.6815327803896806	0.0
2.5904325714611196	0.680862689934682	0.0
2.5919334014561723	0.680191179046523	0.0
2.5934342314512255	0.679518259152997	0.0
2.594935061446278	0.678843941703098	0.0
2.596435891441331	0.6781682381669016	0.0
2.5979367214363838	0.6774911600352744	0.0
2.5994375514314365	0.6768127188196462	0.0
2.6009383814264893	0.676132926051751	0.0
2.602439211421542	0.6754517932834477	0.0
2.6039400414165947	0.674769332086463	0.0
2.6054408714116475	0.6740855540521242	0.0
2.6069417014067002	0.6734004707911788	0.0
2.6084425314017534	0.6727140939335097	0.0
2.6099433613968057	0.6720264351279357	0.0
2.611444191391859	0.6713375060420004	0.0
2.6129450213869116	0.6706473183616364	0.0
2.6144458513819644	0.6699558837910541	0.0
2.615946681377017	0.6692632140523983	0.0
2.61744751137207	0.6685693208856338	0.0
2.618948341367123	0.6678742160482075	0.0
2.6204491713621754	0.6671779113148283	0.0
2.621950001357228	0.6664804184772645	0.0
2.6234508313522813	0.6657817493441195	0.0
2.6249516613473336	0.6650819157405589	0.0
2.626452491342387	0.6643809295081278	0.0
2.6279533213374395	0.6636788025044401	0.0
2.6294541513324923	0.6629755466030304	0.0
2.630954981327545	0.6622711736930561	0.0
2.6324558113225978	0.661565695679119	0.0
2.633956641317651	0.6608591244809162	0.0
2.6354574713127032	0.6601514720331805	0.0
2.6369583013077564	0.6594427502852951	0.0
2.638459131302809	0.6587329712011403	0.0
2.639959961297862	0.658022146758841	0.0
2.6414607912929147	0.6573102889505114	0.0
2.6429616212879674	0.6565974097820769	0.0
2.64446245128302	0.6558835212730114	0.0
2.645963281278073	0.65516863545607	0.0
2.6474641112731256	0.6544527643770672	0.0
2.648964941268179	0.6537359200947591	0.0
2.650465771263231	0.6530181146804661	0.0
2.6519666012582843	0.6522993602178568	0.0
2.653467431253337	0.6515796688027609	0.0
2.65496826124839	0.6508590525430046	0.0
2.6564690912434425	0.650137523558015	0.0
2.6579699212384953	0.6494150939787124	0.0
2.6594707512335485	0.6486917759472872	0.0
2.660971581228601	0.6479675816168632	0.0
2.6624724112236535	0.6472425231513776	0.0
2.6639732412187067	0.6465166127252533	0.0
2.665474071213759	0.6457898625232638	0.0
2.666974901208812	0.6450622847402906	0.0
2.668475731203865	0.6443338915810097	0.0
2.6699765611989177	0.6436046952597547	0.0
2.6714773911939704	0.6428747080002218	0.0
2.672978221189023	0.6421439420352878	0.0
2.6744790511840764	0.64141240960675	0.0
2.6759798811791287	0.6406801229651606	0.0
2.6774807111741814	0.6399470943695482	0.0
2.6789815411692346	0.6392133360871328	0.0
2.6804823711642873	0.6384788603932269	0.0
2.68198320115934	0.6377436795709136	0.0
2.683484031154393	0.6370078059108597	0.0
2.6849848611494456	0.6362712517110587	0.0
2.6864856911444983	0.6355340292766768	0.0
2.687986521139551	0.6347961509197667	0.0
2.6894873511346042	0.6340576289590341	0.0
2.6909881811296565	0.6333184757196374	0.0
2.6924890111247097	0.6325787035329741	0.0
2.6939898411197625	0.6318383247364252	0.0
2.695490671114815	0.6310973516731897	0.0
2.696991501109868	0.6303557966919878	0.0
2.6984923311049207	0.6296136721468809	0.0
2.6999931610999734	0.6288709903970375	0.0
2.701493991095026	0.6281277638065167	0.0
2.702994821090079	0.6273840047440691	0.0
2.704495651085132	0.6266397255828451	0.0
2.7059964810801844	0.6258949387002797	0.0
2.7074973110752376	0.6251496564777731	0.0
2.7089981410702904	0.624403891300505	0.0
2.710498971065343	0.623657655557245	0.0
2.711999801060396	0.6229109616400812	0.0
2.7135006310554486	0.6221638219442454	0.0
2.7150014610505018	0.6214162488678621	0.0
2.716502291045554	0.6206682548117729	0.0
2.718003121040607	0.6199198521792536	0.0
2.71950395103566	0.6191710533758646	0.0
2.7210047810307127	0.6184218708091643	0.0
2.7225056110257655	0.6176723168885927	0.0
2.7240064410208182	0.6169224040251609	0.0
2.725507271015871	0.6161721446312343	0.0
2.7270081010109237	0.6154215511203761	0.0
2.7285089310059765	0.6146706359071317	0.0
2.7300097610010297	0.6139194114067601	0.0
2.731510590996082	0.6131678900350164	0.0
2.7330114209911347	0.6124160842080265	0.0
2.734512250986188	0.6116640063420217	0.0
2.7360130809812406	0.6109116688530024	0.0
2.7375139109762934	0.6101590841567885	0.0
2.739014740971346	0.6094062646685464	0.0
2.740515570966399	0.6086532228027826	0.0
2.7420164009614516	0.6078999709729455	0.0
2.7435172309565043	0.6071465215913718	0.0
2.7450180609515575	0.6063928870689614	0.0
2.7465188909466103	0.6056390798150781	0.0
2.748019720941663	0.6048851122372071	0.0
2.7495205509367158	0.6041309967408681	0.0
2.7510213809317685	0.6033767457293335	0.0
2.7525222109268213	0.6026223716033815	0.0
2.754023040921874	0.6018678867612279	0.0
2.7555238709169267	0.6011133035981694	0.0
2.7570247009119795	0.6003586345064702	0.0
2.7585255309070322	0.5996038918750831	0.0
2.7600263609020854	0.5988490880895252	0.0
2.761527190897138	0.598094235531576	0.0
2.763028020892191	0.5973393465791831	0.0
2.7645288508872436	0.5965844336060915	0.0
2.7660296808822964	0.5958295089818406	0.0
2.767530510877349	0.5950745850713651	0.0
2.769031340872402	0.5943196742349259	0.0
2.770532170867455	0.5935647888278672	0.0
2.7720330008625074	0.5928099412003605	0.0
2.77353383085756	0.5920551436972572	0.0
2.7750346608526133	0.5913004086578707	0.0
2.776535490847666	0.5905457484157677	0.0
2.778036320842719	0.5897911752985459	0.0
2.7795371508377715	0.5890367016276661	0.0
2.7810379808328243	0.5882823397182516	0.0
2.782538810827877	0.5875281018788078	0.0
2.7840396408229298	0.5867740004111143	0.0
2.785540470817983	0.5860200476099815	0.0
2.7870413008130357	0.585266255763056	0.0
2.7885421308080884	0.5845126371505991	0.0
2.790042960803141	0.583759204045325	0.0
2.791543790798194	0.5830059687121354	0.0
2.7930446207932467	0.582252943407995	0.0
2.7945454507882994	0.5815001403816552	0.0
2.796046280783352	0.5807475718735037	0.0
2.797547110778405	0.5799952501153621	0.0
2.7990479407734576	0.5792431873302963	0.0
2.800548770768511	0.578491395732372	0.0
2.8020496007635636	0.5777398875264587	0.0
2.8035504307586163	0.5769886749080775	0.0
2.805051260753669	0.5762377700631862	0.0
2.806552090748722	0.5754871851679255	0.0
2.8080529207437745	0.5747369323885049	0.0
2.8095537507388273	0.5739870238809311	0.0
2.81105458073388	0.5732374717908427	0.0
2.812555410728933	0.5724882882533541	0.0
2.8140562407239855	0.5717394853927837	0.0
2.8155570707190387	0.5709910753224823	0.0
2.8170579007140915	0.5702430701446557	0.0
2.818558730709144	0.569495481950164	0.0
2.820059560704197	0.5687483228182502	0.0
2.8215603906992497	0.5680016048164728	0.0
2.8230612206943024	0.5672553400003978	0.0
2.824562050689355	0.56650954041348	0.0
2.8260628806844084	0.5657642180868523	0.0
2.827563710679461	0.5650193850390447	0.0
2.8290645406745134	0.5642750532759107	0.0
2.8305653706695666	0.563531234790329	0.0
2.8320662006646193	0.5627879415620956	0.0
2.833567030659672	0.5620451855576667	0.0
2.835067860654725	0.5613029787299995	0.0
2.8365686906497776	0.5605613330183423	0.0
2.8380695206448303	0.5598202603480106	0.0
2.839570350639883	0.5590797726302265	0.0
2.8410711806349362	0.558339881761928	0.0
2.842572010629989	0.5576005996255506	0.0
2.8440728406250417	0.5568619380888957	0.0
2.8455736706200945	0.556123909004828	0.0
2.847074500615147	0.55538652421116	0.0
2.8485753306102	0.554649795530453	0.0
2.8500761606052527	0.5539137347697662	0.0
2.8515769906003055	0.553178353720534	0.0
2.853077820595358	0.5524436641583614	0.0
2.854578650590411	0.5517096778427817	0.0
2.856079480585464	0.5509764065171069	0.0
2.857580310580517	0.5502438619081929	0.0
2.8590811405755696	0.5495120557263202	0.0
2.8605819705706224	0.548780999664909	0.0
2.862082800565675	0.5480507054004129	0.0
2.863583630560728	0.5473211845920481	0.0
2.8650844605557806	0.5465924488816662	0.0
2.8665852905508338	0.5458645098935139	0.0
2.8680861205458865	0.5451373792340625	0.0
2.869586950540939	0.5444110684918185	0.0
2.871087780535992	0.5436855892371047	0.0
2.8725886105310448	0.5429609530219058	0.0
2.8740894405260975	0.542237171379622	0.0
2.8755902705211502	0.5415142558249727	0.0
2.877091100516203	0.540792217853702	0.0
2.8785919305112557	0.5400710689424406	0.0
2.8800927605063085	0.5393508205484936	0.0
2.8815935905013617	0.5386314841096467	0.0
2.8830944204964144	0.537913071043992	0.0
2.8845952504914667	0.5371955927497368	0.0
2.88609608048652	0.5364790606049652	0.0
2.8875969104815726	0.5357634859675467	0.0
2.8890977404766254	0.5350488801748426	0.0
2.890598570471678	0.5343352545435364	0.0
2.892099400466731	0.5336226203695197	0.0
2.893600230461784	0.5329109889275658	0.0
2.8951010604568364	0.5322003714712462	0.0
2.8966018904518895	0.5314907792327236	0.0
2.8981027204469423	0.5307822234225293	0.0
2.899603550441995	0.5300747152293529	0.0
2.9011043804370478	0.5293682658199308	0.0
2.9026052104321005	0.5286628863388013	0.0
2.9041060404271533	0.5279585879080929	0.0
2.905606870422206	0.5272553816273794	0.0
2.9071077004172587	0.5265532785734561	0.0
2.908608530412312	0.5258522898001822	0.0
2.9101093604073642	0.5251524263382653	0.0
2.9116101904024174	0.5244536991950727	0.0
2.91311102039747	0.5237561193544589	0.0
2.914611850392523	0.5230596977765396	0.0
2.9161126803875757	0.5223644453975378	0.0
2.9176135103826284	0.5216703731295889	0.0
2.919114340377681	0.5209774918605028	0.0
2.920615170372734	0.5202858124536808	0.0
2.922116000367787	0.5195953457477795	0.0
2.92361683036284	0.5189061025566294	0.0
2.925117660357892	0.5182180936690108	0.0
2.9266184903529453	0.5175313298484865	0.0
2.928119320347998	0.5168458218331716	0.0
2.929620150343051	0.5161615803355746	0.0
2.9311209803381035	0.5154786160423679	0.0
2.9326218103331563	0.5147969396142957	0.0
2.9341226403282095	0.5141165616858484	0.0
2.9356234703232618	0.5134374928651861	0.0
2.937124300318315	0.5127597437338759	0.0
2.9386251303133677	0.5120833248467531	0.0
2.94012596030842	0.5114082467317358	0.0
2.941626790303473	0.5107345198895727	0.0
2.943127620298526	0.510062154793702	0.0
2.9446284502935787	0.5093911618900782	0.0
2.9461292802886314	0.5087215515969693	0.0
2.947630110283684	0.5080533343046948	0.0
2.9491309402787373	0.5073865203756038	0.0
2.9506317702737896	0.5067211201437528	0.0
2.952132600268843	0.506057143914714	0.0
2.9536334302638956	0.5053946019654255	0.0
2.9551342602589483	0.5047335045440723	0.0
2.956635090254001	0.5040738618697945	0.0
2.958135920249054	0.5034156841325598	0.0
2.9596367502441066	0.5027589814929501	0.0
2.9611375802391593	0.5021037640819802	0.0
2.962638410234212	0.5014500420008847	0.0
2.9641392402292652	0.5007978253209902	0.0
2.9656400702243175	0.5001471240835093	0.0
2.9671409002193707	0.4994979482993439	0.0
2.9686417302144235	0.49885030794887253	0.0
2.970142560209476	0.4982042129818263	0.0
2.971643390204529	0.49755967331705997	0.0
2.9731442201995817	0.49691669884238066	0.0
2.974645050194635	0.4962752994143733	0.0
2.976145880189687	0.495635484858214	0.0
2.9776467101847404	0.49499726496745017	0.0
2.979147540179793	0.4943606495038853	0.0
2.9806483701748454	0.4937256481973095	0.0
2.9821492001698986	0.49309227074538226	0.0
2.9836500301649513	0.49246052681346536	0.0
2.985150860160004	0.49183042603436655	0.0
2.986651690155057	0.4912019780082314	0.0
2.9881525201501096	0.490575192302281	0.0
2.9896533501451628	0.4899500784507304	0.0
2.991154180140215	0.4893266459545207	0.0
2.9926550101352682	0.488704904281194	0.0
2.994155840130321	0.4880848628646682	0.0
2.9956566701253737	0.4874665311051283	0.0
2.9971575001204265	0.48684991836876623	0.0
2.998658330115479	0.486235033987612	0.0
3.000159160110532	0.48562188725944494	0.0
