0.0	2.252487300420412e-06	0.0
0.0015008299950527925	9.009908483596185e-06	0.0
0.003001659990105585	2.0272141215345964e-05	0.0
0.004502489985158378	3.6038981385910704e-05	0.0
0.00600331998021117	5.6310142810211574e-05	0.0
0.0075041499752639615	8.108525644034395e-05	0.0
0.009004979970316756	0.00011036386954879457	0.0
0.010505809965369548	0.00014414544592511374	0.0
0.01200663996042234	0.00018242936619527163	0.0
0.01350746995547513	0.0002252149279943214	0.0
0.015008299950527923	0.00027250134303314407	0.0
0.016509129945580715	0.0003242877370105639	0.0
0.01800995994063351	0.0003805731503818584	0.0
0.019510789935686303	0.00044135653548996894	0.0
0.021011619930739096	0.000506636755783474	0.0
0.022512449925791888	0.0005764125851334324	0.0
0.02401327992084468	0.0006506827037323002	0.0
0.02551410991589747	0.0007294456906306388	0.0
0.02701493991095026	0.0008127000183813924	0.0
0.028515769906003054	0.0009004440496204415	0.0
0.030016599901055846	0.000992676044660421	0.0
0.03151742989610864	0.001089394172741117	0.0
0.03301825989116143	0.0011905965139813333	0.0
0.03451908988621422	0.0012962810595033873	0.0
0.03601991988126702	0.0014064457115213792	0.0
0.037520749876319814	0.0015210882834080202	0.0
0.03902157987137261	0.001640206499755634	0.0
0.0405224098664254	0.001763797996478471	0.0
0.04202323986147819	0.0018918603209257792	0.0
0.043524069856530984	0.0020243909319763278	0.0
0.045024899851583776	0.0021613872001298388	0.0
0.04652572984663657	0.0023028464076205973	0.0
0.04802655984168936	0.0024487657485289783	0.0
0.04952738983674215	0.002599142328886285	0.0
0.05102821983179494	0.002753973166785224	0.0
0.05252904982684774	0.0029132551924941773	0.0
0.05402987982190052	0.0030769852485638973	0.0
0.05553070981695332	0.003245160089939398	0.0
0.05703153981200611	0.003417776384084203	0.0
0.05853236980705891	0.003594830711108247	0.0
0.06003319980211169	0.0037763195638922404	0.0
0.06153402979716449	0.003962239348215521	0.0
0.06303485979221728	0.004152586382884286	0.0
0.06453568978727008	0.004347356899864445	0.0
0.06603651978232286	0.004546547044414376	0.0
0.06753734977737566	0.004750152875221276	0.0
0.06903817977242845	0.004958170364542809	0.0
0.07053900976748124	0.005170595398350165	0.0
0.07203983976253404	0.005387423776474644	0.0
0.07354066975758683	0.005608651212756134	0.0
0.07504149975263963	0.005834273335195404	0.0
0.07654232974769241	0.006064285686107274	0.0
0.07804315974274521	0.006298683722276548	0.0
0.079543989737798	0.006537462815116846	0.0
0.0810448197328508	0.006780618250832588	0.0
0.08254564972790358	0.007028145230583461	0.0
0.08404647972295638	0.00728003887065076	0.0
0.08554730971800917	0.007536294202606327	0.0
0.08704813971306197	0.00779690617348623	0.0
0.08854896970811475	0.008061869645963544	0.0
0.09004979970316755	0.008331179398528446	0.0
0.09155062969822034	0.008604830125665444	0.0
0.09305145969327314	0.008882816438038111	0.0
0.09455228968832592	0.009165132862673488	0.0
0.09605311968337872	0.009451773843148003	0.0
0.0975539496784315	0.009742733739778827	0.0
0.0990547796734843	0.010038006829816409	0.0
0.10055560966853709	0.010337587307638544	0.0
0.10205643966358988	0.010641469284949329	0.0
0.10355726965864268	0.010949646790976684	0.0
0.10505809965369547	0.011262113772673426	0.0
0.10655892964874826	0.011578864094924519	0.0
0.10805975964380105	0.011899891540751276	0.0
0.10956058963885383	0.012225189811521778	0.0
0.11106141963390664	0.012554752527161036	0.0
0.11256224962895943	0.012888573226364126	0.0
0.11406307962401221	0.013226645366813719	0.0
0.115563909619065	0.013568962325395848	0.0
0.11706473961411781	0.013915517398421676	0.0
0.1185655696091706	0.014266303801849189	0.0
0.12006639960422338	0.014621314671506291	0.0
0.1215672295992762	0.014980543063318275	0.0
0.12306805959432898	0.015343981953536789	0.0
0.12456888958938177	0.015711624238970278	0.0
0.12606971958443455	0.016083462737217818	0.0
0.12757054957948735	0.016459490186899666	0.0
0.12907137957454015	0.016839699247898132	0.0
0.13057220956959295	0.017224082501595843	0.0
0.13207303956464572	0.01761263245111344	0.0
0.13357386955969852	0.01800534152155514	0.0
0.13507469955475132	0.01840220206025226	0.0
0.1365755295498041	0.018803206337007463	0.0
0.1380763595448569	0.0192083465443446	0.0
0.1395771895399097	0.019617614797758587	0.0
0.1410780195349625	0.020031003135967482	0.0
0.14257884953001526	0.020448503521165264	0.0
0.1440796795250681	0.020870107839278403	0.0
0.14558050952012086	0.021295807900218285	0.0
0.14708133951517366	0.021725595438144164	0.0
0.14858216951022643	0.02215946211172172	0.0
0.15008299950527926	0.02259739950438735	0.0
0.15158382950033203	0.023039399124607843	0.0
0.15308465949538483	0.023485452406148483	0.0
0.1545854894904376	0.02393555070833756	0.0
0.15608631948549043	0.024389685316335143	0.0
0.1575871494805432	0.024847847441403597	0.0
0.159087979475596	0.025310028221179504	0.0
0.16058880947064877	0.025776218719943556	0.0
0.1620896394657016	0.02624640992889608	0.0
0.16359046946075437	0.026720592766432936	0.0
0.16509129945580717	0.027198758078421	0.0
0.16659212945085994	0.027680896638478496	0.0
0.16809295944591277	0.02816699914825414	0.0
0.16959378944096554	0.028657056237705987	0.0
0.17109461943601834	0.029151058465386296	0.0
0.17259544943107114	0.029648996318722327	0.0
0.17409627942612393	0.030150860214302057	0.0
0.1755971094211767	0.030656640498160366	0.0
0.1770979394162295	0.031166327446068464	0.0
0.1785987694112823	0.03167991126381526	0.0
0.1800995994063351	0.03219738208750679	0.0
0.18160042940138788	0.03271872998384738	0.0
0.18310125939644067	0.03324394495043352	0.0
0.18460208939149347	0.03377301691605221	0.0
0.18610291938654627	0.034305935740967256	0.0
0.18760374938159904	0.034842691217219945	0.0
0.18910457937665184	0.03538327306892059	0.0
0.19060540937170464	0.03592767095254991	0.0
0.19210623936675744	0.03647587445724888	0.0
0.1936070693618102	0.03702787310512427	0.0
0.195107899356863	0.03758365635154675	0.0
0.1966087293519158	0.03814321358545094	0.0
0.1981095593469686	0.03870653412963623	0.0
0.19961038934202138	0.03927360724106563	0.0
0.20111121933707418	0.0398444221111818	0.0
0.20261204933212695	0.040418967866193145	0.0
0.20411287932717975	0.040997233567385986	0.0
0.20561370932223258	0.04157920821143412	0.0
0.20711453931728535	0.0421648807306998	0.0
0.20861536931233815	0.042754239993543434	0.0
0.21011619930739095	0.04334727480462688	0.0
0.21161702930244372	0.04394397390522588	0.0
0.21311785929749652	0.044544325973540716	0.0
0.2146186892925493	0.04514831962499487	0.0
0.2161195192876021	0.04575594341255624	0.0
0.21762034928265492	0.04636718582704364	0.0
0.21912117927770766	0.04698203529743582	0.0
0.2206220092727605	0.047600480191189384	0.0
0.2221228392678133	0.048222508814544165	0.0
0.22362366926286606	0.048848109412839257	0.0
0.22512449925791886	0.04947727017082655	0.0
0.22662532925297169	0.05010997921298156	0.0
0.22812615924802443	0.05074622460382561	0.0
0.22962698924307726	0.051385994348231816	0.0
0.23112781923813	0.05202927639173866	0.0
0.23262864923318283	0.052676058620875925	0.0
0.23412947922823563	0.053326328863470156	0.0
0.2356303092232884	0.05398007488896929	0.0
0.2371311392183412	0.054637284408751034	0.0
0.238631969213394	0.05529794507644373	0.0
0.24013279920844677	0.05596204448824557	0.0
0.2416336292034996	0.05662957018323502	0.0
0.2431344591985524	0.05730050964369248	0.0
0.24463528919360517	0.05797485029541764	0.0
0.24613611918865796	0.058652579508043375	0.0
0.24763694918371074	0.059333684595356484	0.0
0.24913777917876354	0.06001815281561971	0.0
0.25063860917381636	0.060705971371890655	0.0
0.2521394391688691	0.061397127412339915	0.0
0.2536402691639219	0.06209160803057251	0.0
0.2551410991589747	0.06278940026595564	0.0
0.2566419291540275	0.06349049110393175	0.0
0.2581427591490803	0.06419486747634062	0.0
0.25964358914413305	0.06490251626174498	0.0
0.2611444191391859	0.06561342428574278	0.0
0.2626452491342387	0.0663275783213025	0.0
0.26414607912929144	0.06704496508907222	0.0
0.26564690912434424	0.06776557125770806	0.0
0.26714773911939704	0.06848938344418949	0.0
0.26864856911444984	0.06921638821414476	0.0
0.27014939910950264	0.06994657208217471	0.0
0.27165022910455544	0.07067992151217022	0.0
0.2731510590996082	0.07141642291763999	0.0
0.27465188909466104	0.07215606266202367	0.0
0.2761527190897138	0.0728988270590264	0.0
0.2776535490847666	0.07364470237292249	0.0
0.2791543790798194	0.07439367481889608	0.0
0.2806552090748722	0.07514573056335566	0.0
0.282156039069925	0.07590085572425591	0.0
0.2836568690649778	0.07665903637141705	0.0
0.2851576990600305	0.0774202585268492	0.0
0.2866585290550834	0.07818450816507826	0.0
0.2881593590501362	0.07895177121346156	0.0
0.2896601890451889	0.07972203355251528	0.0
0.2911610190402417	0.08049528101624118	0.0
0.2926618490352945	0.0812714993924336	0.0
0.2941626790303473	0.08205067442301336	0.0
0.2956635090254001	0.08283279180434967	0.0
0.29716433902045286	0.08361783718757222	0.0
0.2986651690155057	0.08440579617890857	0.0
0.3001659990105585	0.08519665433999035	0.0
0.30166682900561126	0.08599039718818798	0.0
0.30316765900066406	0.08678701019692163	0.0
0.30466848899571686	0.08758647879598928	0.0
0.30616931899076966	0.08838878837189088	0.0
0.30767014898582246	0.08919392426813934	0.0
0.3091709789808752	0.09000187178559507	0.0
0.31067180897592805	0.09081261618277832	0.0
0.31217263897098085	0.09162614267619365	0.0
0.3136734689660336	0.09244243644065359	0.0
0.3151742989610864	0.09326148260959181	0.0
0.3166751289561392	0.094083266275389	0.0
0.318175958951192	0.09490777248970128	0.0
0.3196767889462448	0.09573498626376976	0.0
0.32117761894129754	0.09656489256874143	0.0
0.3226784489363504	0.09739747633599691	0.0
0.3241792789314032	0.09823272245747007	0.0
0.32568010892645594	0.09907061578596385	0.0
0.32718093892150873	0.09991114113547454	0.0
0.32868176891656153	0.10075428328150436	0.0
0.33018259891161433	0.10160002696139286	0.0
0.33168342890666713	0.10244835687463456	0.0
0.3331842589017199	0.1032992576831932	0.0
0.3346850888967727	0.10415271401182179	0.0
0.33618591889182553	0.10500871044838529	0.0
0.3376867488868783	0.10586723154418266	0.0
0.3391875788819311	0.10672826181426373	0.0
0.3406884088769839	0.10759178573774456	0.0
0.34218923887203667	0.10845778775813082	0.0
0.34369006886708947	0.10932625228363774	0.0
0.34519089886214227	0.11019716368750328	0.0
0.346691728857195	0.11107050630831848	0.0
0.34819255885224787	0.11194626445033509	0.0
0.3496933888473006	0.1128244223837848	0.0
0.3511942188423534	0.11370496434520624	0.0
0.3526950488374062	0.11458787453775625	0.0
0.354195878832459	0.11547313713153419	0.0
0.3556967088275118	0.11636073626389219	0.0
0.3571975388225646	0.11725065603975926	0.0
0.35869836881761735	0.11814288053195379	0.0
0.3601991988126702	0.11903739378151491	0.0
0.361700028807723	0.119934179798007	0.0
0.36320085880277575	0.12083322255983427	0.0
0.36470168879782855	0.12173450601457549	0.0
0.36620251879288135	0.12263801407928043	0.0
0.36770334878793415	0.12354373064080944	0.0
0.36920417878298695	0.12445163955613832	0.0
0.3707050087780397	0.12536172465266804	0.0
0.37220583877309255	0.12627396972856106	0.0
0.37370666876814534	0.12718835855304206	0.0
0.3752074987631981	0.1281048748667294	0.0
0.3767083287582509	0.12902350238193971	0.0
0.3782091587533037	0.129944224783009	0.0
0.3797099887483565	0.13086702572661482	0.0
0.3812108187434093	0.1317918888420882	0.0
0.38271164873846203	0.13271879773173076	0.0
0.3842124787335149	0.13364773597112561	0.0
0.3857133087285677	0.13457868710947588	0.0
0.3872141387236204	0.13551163466988897	0.0
0.38871496871867317	0.13644656214972467	0.0
0.390215798713726	0.1373834530208887	0.0
0.3917166287087788	0.13832229073015473	0.0
0.3932174587038316	0.13926305869949654	0.0
0.3947182886988844	0.14020574032639	0.0
0.3962191186939372	0.1411503189841208	0.0
0.39771994868898997	0.1420967780221181	0.0
0.39922077868404277	0.1430451007662787	0.0
0.40072160867909556	0.14399527051924746	0.0
0.40222243867414836	0.1449472705607613	0.0
0.4037232686692012	0.1459010841479648	0.0
0.4052240986642539	0.14685669451571112	0.0
0.4067249286593067	0.14781408487689413	0.0
0.4082257586543595	0.14877323842274504	0.0
0.40972658864941236	0.14973413832316845	0.0
0.41122741864446516	0.15069676772705717	0.0
0.41272824863951796	0.15166110976258057	0.0
0.4142290786345707	0.1526271475375407	0.0
0.4157299086296235	0.15359486413966003	0.0
0.4172307386246763	0.15456424263689836	0.0
0.4187315686197291	0.15553526607778587	0.0
0.4202323986147819	0.15650791749172505	0.0
0.42173322860983464	0.1574821798893168	0.0
0.42323405860488744	0.15845803626266122	0.0
0.42473488859994024	0.15943546958569713	0.0
0.42623571859499304	0.16041446281448832	0.0
0.42773654859004584	0.1613949988875685	0.0
0.4292373785850986	0.16237706072623928	0.0
0.4307382085801514	0.1633606312348822	0.0
0.4322390385752042	0.164345693301297	0.0
0.43373986857025704	0.1653322297969987	0.0
0.43524069856530984	0.16632022357754378	0.0
0.43674152856036264	0.16730965748283577	0.0
0.4382423585554153	0.1683005143374456	0.0
0.4397431885504682	0.16929277695094508	0.0
0.441244018545521	0.1702864281182029	0.0
0.4427448485405738	0.17128145061969863	0.0
0.4442456785356266	0.17227782722183954	0.0
0.4457465085306793	0.17327554067730305	0.0
0.4472473385257321	0.17427457372532604	0.0
0.4487481685207849	0.17527490909202595	0.0
0.4502489985158377	0.1762765294907263	0.0
0.4517498285108905	0.17727941762226565	0.0
0.45325065850594337	0.17828355617532038	0.0
0.45475148850099606	0.17928892782670713	0.0
0.45625231849604886	0.18029551524171633	0.0
0.45775314849110166	0.1813033010744264	0.0
0.4592539784861545	0.1823122679679927	0.0
0.4607548084812073	0.18332239855502397	0.0
0.46225563847626	0.18433367545782645	0.0
0.46375646847131285	0.18534608128878366	0.0
0.46525729846636565	0.1863595986506301	0.0
0.46675812846141845	0.18737421013678468	0.0
0.46825895845647125	0.18838989833167577	0.0
0.46975978845152405	0.1894066458110439	0.0
0.4712606184465768	0.1904244351422655	0.0
0.4727614484416296	0.19144324888467146	0.0
0.4742622784366824	0.19246306958984938	0.0
0.4757631084317352	0.1934838798019899	0.0
0.477263938426788	0.19450566205817185	0.0
0.47876476842184074	0.19552839888869944	0.0
0.48026559841689354	0.19655207281741233	0.0
0.48176642841194633	0.19757666636200502	0.0
0.4832672584069992	0.19860216203434672	0.0
0.484768088402052	0.199628542340785	0.0
0.4862689183971048	0.20065578978247672	0.0
0.4877697483921575	0.20168388685570832	0.0
0.48927057838721033	0.2027128160521972	0.0
0.49077140838226313	0.20374255985942377	0.0
0.49227223837731593	0.20477310076093896	0.0
0.49377306837236873	0.2058044212366857	0.0
0.4952738983674215	0.2068365037633187	0.0
0.49677472836247427	0.20786933081450354	0.0
0.49827555835752707	0.20890288486126388	0.0
0.49977638835257987	0.2099371483722786	0.0
0.5012772183476327	0.21097210381420592	0.0
0.5027780483426855	0.21200773365199266	0.0
0.5042788783377382	0.2130440203491999	0.0
0.5057797083327911	0.21408094636831032	0.0
0.5072805383278438	0.2151184941710595	0.0
0.5087813683228967	0.21615664621875044	0.0
0.5102821983179494	0.21719538497255425	0.0
0.5117830283130022	0.21823469289382888	0.0
0.513283858308055	0.21927455244447017	0.0
0.5147846883031078	0.22031494608718538	0.0
0.5162855182981606	0.22135585628582113	0.0
0.5177863482932135	0.22239726550570624	0.0
0.5192871782882661	0.22343915621394606	0.0
0.520788008283319	0.224481510879716	0.0
0.5222888382783718	0.22552431197463296	0.0
0.5237896682734245	0.22656754197302426	0.0
0.5252904982684774	0.22761118335228306	0.0
0.5267913282635301	0.22865521859312693	0.0
0.5282921582585829	0.22969963017998557	0.0
0.5297929882536357	0.2307444006012596	0.0
0.5312938182486885	0.23178951234965434	0.0
0.5327946482437413	0.23283494792250392	0.0
0.5342954782387941	0.23388068982208782	0.0
0.5357963082338468	0.23492672055593444	0.0
0.5372971382288997	0.23597302263713252	0.0
0.5387979682239524	0.23701957858466338	0.0
0.5402987982190053	0.23806637092370272	0.0
0.5417996282140581	0.23911338218592657	0.0
0.5433004582091109	0.2401605949098622	0.0
0.5448012882041636	0.24120799164116552	0.0
0.5463021181992164	0.2422555549329526	0.0
0.5478029481942692	0.2433032673461033	0.0
0.5493037781893221	0.24435111144957744	0.0
0.5508046081843748	0.24539906982073623	0.0
0.5523054381794276	0.24644712504564542	0.0
0.5538062681744804	0.2474952597193901	0.0
0.5553070981695332	0.24854345644639636	0.0
0.556807928164586	0.24959169784073348	0.0
0.5583087581596388	0.25063996652643	0.0
0.5598095881546916	0.2516882451377863	0.0
0.5613104181497444	0.25273651631968275	0.0
0.5628112481447971	0.2537847627278817	0.0
0.56431207813985	0.25483296702936375	0.0
0.5658129081349027	0.2558811119026233	0.0
0.5673137381299556	0.256929180037968	0.0
0.5688145681250083	0.2579771541378534	0.0
0.570315398120061	0.2590250169171579	0.0
0.5718162281151139	0.26007275110354267	0.0
0.5733170581101668	0.26112033943769436	0.0
0.5748178881052195	0.2621677646736831	0.0
0.5763187181002724	0.26321500957928173	0.0
0.5778195480953251	0.264262056936222	0.0
0.5793203780903778	0.26530888954053145	0.0
0.5808212080854307	0.26635549020284593	0.0
0.5823220380804834	0.2674018417487027	0.0
0.5838228680755363	0.26844792701885367	0.0
0.585323698070589	0.2694937288695654	0.0
0.5868245280656418	0.270539230172913	0.0
0.5883253580606946	0.2715844138171341	0.0
0.5898261880557474	0.2726292627068641	0.0
0.5913270180508002	0.2736737597634819	0.0
0.592827848045853	0.2747178879254198	0.0
0.5943286780409057	0.275761630148433	0.0
0.5958295080359586	0.2768049694059211	0.0
0.5973303380310114	0.27784788868924487	0.0
0.5988311680260642	0.2788903710079911	0.0
0.600331998021117	0.27993239939030423	0.0
0.6018328280161698	0.28097395688317495	0.0
0.6033336580112225	0.2820150265527225	0.0
0.6048344880062754	0.2830555914845292	0.0
0.6063353180013281	0.28409563478390865	0.0
0.607836147996381	0.28513513957622955	0.0
0.6093369779914337	0.28617408900718294	0.0
0.6108378079864865	0.28721246624308416	0.0
0.6123386379815393	0.28825025447120467	0.0
0.6138394679765921	0.2892874369000221	0.0
0.6153402979716449	0.2903239967595384	0.0
0.6168411279666978	0.29135991730157	0.0
0.6183419579617504	0.2923951818000385	0.0
0.6198427879568033	0.2934297735512421	0.0
0.6213436179518561	0.29446367587419425	0.0
0.6228444479469089	0.2954968721108918	0.0
0.6243452779419617	0.2965293456265783	0.0
0.6258461079370145	0.2975610798100862	0.0
0.6273469379320672	0.29859205807407985	0.0
0.62884776792712	0.299622263855351	0.0
0.6303485979221728	0.3006516806151477	0.0
0.6318494279172256	0.3016802918394112	0.0
0.6333502579122784	0.3027080810390723	0.0
0.6348510879073311	0.3037350317503581	0.0
0.636351917902384	0.3047611275350577	0.0
0.6378527478974367	0.3057863519808003	0.0
0.6393535778924896	0.30681068870136496	0.0
0.6408544078875424	0.30783412133693755	0.0
0.6423552378825951	0.30885663355441206	0.0
0.6438560678776479	0.3098782090476243	0.0
0.6453568978727008	0.3108988315376897	0.0
0.6468577278677535	0.31191848477326833	0.0
0.6483585578628064	0.31293715253081117	0.0
0.6498593878578591	0.3139548186148525	0.0
0.6513602178529119	0.3149714668583068	0.0
0.6528610478479647	0.3159870811227175	0.0
0.6543618778430175	0.3170016452985367	0.0
0.6558627078380703	0.31801514330540864	0.0
0.6573635378331231	0.3190275590924332	0.0
0.6588643678281758	0.3200388766384496	0.0
0.6603651978232287	0.32104907995226684	0.0
0.6618660278182814	0.32205815307299196	0.0
0.6633668578133343	0.323066080070248	0.0
0.6648676878083871	0.324072845044472	0.0
0.6663685178034398	0.3250784321271719	0.0
0.6678693477984926	0.3260828254811813	0.0
0.6693701777935454	0.3270860093009396	0.0
0.6708710077885982	0.3280879678127483	0.0
0.6723718377836511	0.3290886852750344	0.0
0.6738726677787038	0.33008814597861724	0.0
0.6753734977737565	0.33108633424695194	0.0
0.6768743277688094	0.33208323443640925	0.0
0.6783751577638621	0.33307883093651114	0.0
0.679875987758915	0.3340731081702284	0.0
0.6813768177539677	0.335066050594195	0.0
0.6828776477490205	0.33605764269896304	0.0
0.6843784777440733	0.3370478690093037	0.0
0.6858793077391261	0.33803671408439184	0.0
0.6873801377341789	0.33902416251813444	0.0
0.6888809677292317	0.34001019893935003	0.0
0.6903817977242845	0.34099480801207266	0.0
0.6918826277193373	0.34197797443576217	0.0
0.69338345771439	0.3429596829455727	0.0
0.6948842877094429	0.3439399183125951	0.0
0.6963851177044957	0.34491866534410853	0.0
0.6978859476995485	0.3458959088837933	0.0
0.6993867776946012	0.3468716338120187	0.0
0.7008876076896541	0.3478458250460649	0.0
0.7023884376847068	0.348818467540362	0.0
0.7038892676797597	0.3497895462867363	0.0
0.7053900976748124	0.3507590463146316	0.0
0.7068909276698653	0.35172695269134285	0.0
0.708391757664918	0.35269325052229356	0.0
0.7098925876599708	0.35365792495125886	0.0
0.7113934176550236	0.3546209611605571	0.0
0.7128942476500764	0.355582344371298	0.0
0.7143950776451292	0.35654205984367837	0.0
0.715895907640182	0.35750009287713663	0.0
0.7173967376352347	0.3584564288106012	0.0
0.7188975676302876	0.3594110530227373	0.0
0.7203983976253404	0.36036395093213514	0.0
0.7218992276203932	0.36131510799760275	0.0
0.723400057615446	0.36226450971832463	0.0
0.7249008876104988	0.3632121416341157	0.0
0.7264017176055515	0.3641579893256603	0.0
0.7279025476006044	0.36510203841467487	0.0
0.7294033775956571	0.36604427456417665	0.0
0.73090420759071	0.3669846834787057	0.0
0.7324050375857627	0.3679232509045247	0.0
0.7339058675808154	0.3688599626298132	0.0
0.7354066975758683	0.3697948044849383	0.0
0.736907527570921	0.37072776234262095	0.0
0.7384083575659739	0.37165882211815854	0.0
0.7399091875610266	0.3725879697696575	0.0
0.7414100175560794	0.3735151912982446	0.0
0.7429108475511322	0.3744404727482242	0.0
0.7444116775461851	0.37536380020734517	0.0
0.7459125075412378	0.37628515980696237	0.0
0.7474133375362907	0.37720453772229673	0.0
0.7489141675313434	0.37812192017260193	0.0
0.7504149975263962	0.37903729342134307	0.0
0.751915827521449	0.3799506437764631	0.0
0.7534166575165018	0.3808619575905495	0.0
0.7549174875115546	0.3817712212610017	0.0
0.7564183175066074	0.382678421230287	0.0
0.7579191475016601	0.3835835439861107	0.0
0.759419977496713	0.38448657606160547	0.0
0.7609208074917657	0.3853875040355332	0.0
0.7624216374868186	0.3862863145324992	0.0
0.7639224674818714	0.3871829942230966	0.0
0.7654232974769241	0.38807752982415056	0.0
0.7669241274719769	0.3889699080988814	0.0
0.7684249574670298	0.38986011585707736	0.0
0.7699257874620825	0.3907481399553179	0.0
0.7714266174571354	0.3916339672971377	0.0
0.772927447452188	0.3925175848332221	0.0
0.7744282774472409	0.39339897956157954	0.0
0.7759291074422937	0.39427813852773735	0.0
0.7774299374373463	0.39515504882492625	0.0
0.7789307674323993	0.3960296975942376	0.0
0.780431597427452	0.39690207202481464	0.0
0.7819324274225049	0.3977721593540568	0.0
0.7834332574175576	0.39863994686775966	0.0
0.7849340874126104	0.39950542190032057	0.0
0.7864349174076632	0.40036857183487234	0.0
0.787935747402716	0.4012293841035052	0.0
0.7894365773977688	0.4020878461874241	0.0
0.7909374073928216	0.40294394561709834	0.0
0.7924382373878744	0.40379766997245803	0.0
0.7939390673829272	0.4046490068830697	0.0
0.7954398973779799	0.4054979440282579	0.0
0.7969407273730328	0.40634446913730715	0.0
0.7984415573680855	0.40718856998963626	0.0
0.7999423873631384	0.4080302344149639	0.0
0.8014432173581911	0.40886945029341876	0.0
0.8029440473532439	0.4097062055557993	0.0
0.8044448773482967	0.41054048818363825	0.0
0.8059457073433495	0.41137228620940114	0.0
0.8074465373384024	0.41220158771668197	0.0
0.8089473673334551	0.41302838084032395	0.0
0.8104481973285078	0.4138526537665274	0.0
0.8119490273235607	0.4146743947331402	0.0
0.8134498573186134	0.41549359202967584	0.0
0.8149506873136664	0.4163102339975557	0.0
0.816451517308719	0.4171243090302159	0.0
0.8179523473037718	0.41793580557329585	0.0
0.8194531772988247	0.4187447121247432	0.0
0.8209540072938774	0.41955101723499805	0.0
0.8224548372889303	0.42035470950714493	0.0
0.8239556672839831	0.4211557775970441	0.0
0.8254564972790359	0.4219542102134946	0.0
0.8269573272740887	0.4227499961183644	0.0
0.8284581572691414	0.42354312412672146	0.0
0.8299589872641943	0.42433358310702496	0.0
0.831459817259247	0.42512136198125383	0.0
0.8329606472542999	0.4259064497249781	0.0
0.8344614772493526	0.42668883536761	0.0
0.8359623072444053	0.42746850799247454	0.0
0.8374631372394582	0.42824545673698855	0.0
0.8389639672345109	0.4290196707927752	0.0
0.8404647972295638	0.4297911394057814	0.0
0.8419656272246165	0.4305598518764542	0.0
0.8434664572196693	0.43132579755987316	0.0
0.8449672872147221	0.43208896586584655	0.0
0.8464681172097749	0.4328493462590748	0.0
0.8479689472048277	0.4336069282592995	0.0
0.8494697771998805	0.4343617014414109	0.0
0.8509706071949332	0.4351136554355655	0.0
0.8524714371899861	0.4358627799273354	0.0
0.8539722671850388	0.4366090646578622	0.0
0.8554730971800917	0.43735249942394466	0.0
0.8569739271751444	0.4380930740781714	0.0
0.8584747571701972	0.4388307785290872	0.0
0.85997558716525	0.43956560274127787	0.0
0.8614764171603028	0.440297536735501	0.0
0.8629772471553557	0.44102657058880745	0.0
0.8644780771504084	0.4417526944347081	0.0
0.8659789071454613	0.44247589846323016	0.0
0.8674797371405141	0.44319617292107716	0.0
0.8689805671355667	0.4439135081117631	0.0
0.8704813971306197	0.4446278943957284	0.0
0.8719822271256723	0.44533932219041134	0.0
0.8734830571207253	0.4460477819703923	0.0
0.874983887115778	0.4467532642675451	0.0
0.8764847171108306	0.4474557596711358	0.0
0.8779855471058836	0.44815525882792	0.0
0.8794863771009364	0.448851752442266	0.0
0.8809872070959892	0.449545231276299	0.0
0.882488037091042	0.45023568614996884	0.0
0.8839888670860947	0.4509231079411917	0.0
0.8854896970811476	0.45160748758594615	0.0
0.8869905270762003	0.45228881607840893	0.0
0.8884913570712532	0.4529670844710432	0.0
0.8899921870663059	0.4536422838747242	0.0
0.8914930170613586	0.45431440545885127	0.0
0.8929938470564115	0.45498344045143746	0.0
0.8944946770514642	0.4556493801392495	0.0
0.8959955070465171	0.45631221586784976	0.0
0.8974963370415698	0.45697193904179834	0.0
0.8989971670366227	0.45762854112468526	0.0
0.9004979970316754	0.458282013639257	0.0
0.9019988270267282	0.45893234816751993	0.0
0.903499657021781	0.45957953635089227	0.0
0.9050004870168338	0.460223569890207	0.0
0.9065013170118867	0.460864440545885	0.0
0.9080021470069394	0.46150214013806545	0.0
0.9095029770019921	0.4621366605466248	0.0
0.911003806997045	0.46276799371130284	0.0
0.9125046369920977	0.4633961316318656	0.0
0.9140054669871507	0.4640210663681298	0.0
0.9155062969822033	0.4646427900401061	0.0
0.9170071269772561	0.4652612948280609	0.0
0.918507956972309	0.4658765729726629	0.0
0.9200087869673617	0.46648861677501174	0.0
0.9215096169624146	0.46709741859680803	0.0
0.9230104469574674	0.4677029708603884	0.0
0.92451127695252	0.46830526604888445	0.0
0.926012106947573	0.46890429670623357	0.0
0.9275129369426257	0.4695000554373333	0.0
0.9290137669376786	0.47009253490814096	0.0
0.9305145969327313	0.4706817278457257	0.0
0.932015426927784	0.4712676270384032	0.0
0.9335162569228369	0.471850225335766	0.0
0.9350170869178897	0.4724295156488226	0.0
0.9365179169129425	0.47300549095011635	0.0
0.9380187469079952	0.4735781442737246	0.0
0.9395195769030481	0.47414746871543867	0.0
0.9410204068981008	0.4747134574328045	0.0
0.9425212368931536	0.4752761036451804	0.0
0.9440220668882064	0.4758354006338922	0.0
0.9455228968832592	0.4763913417422985	0.0
0.947023726878312	0.4769439203758525	0.0
0.9485245568733648	0.47749313000219523	0.0
0.9500253868684175	0.47803896415127034	0.0
0.9515262168634704	0.47858141641537505	0.0
0.9530270468585231	0.4791204804492267	0.0
0.954527876853576	0.4796561499701338	0.0
0.9560287068486287	0.4801884187579756	0.0
0.9575295368436815	0.4807172806553141	0.0
0.9590303668387343	0.4812427295675297	0.0
0.9605311968337871	0.4817647594627939	0.0
0.96203202682884	0.4822833643722772	0.0
0.9635328568238927	0.4827985383901461	0.0
0.9650336868189454	0.4833102756736346	0.0
0.9665345168139984	0.48381857044319104	0.0
0.968035346809051	0.4843234169824903	0.0
0.969536176804104	0.48482480963854063	0.0
0.9710370067991567	0.4853227428217149	0.0
0.9725378367942096	0.48581721100593633	0.0
0.9740386667892623	0.4863082087286003	0.0
0.975539496784315	0.48679573059081804	0.0
0.9770403267793679	0.4872797712573121	0.0
0.9785411567744207	0.48776032545665915	0.0
0.9800419867694735	0.4882373879812398	0.0
0.9815428167645263	0.4887109536873314	0.0
0.983043646759579	0.4891810174952228	0.0
0.9845444767546319	0.4896475743892996	0.0
0.9860453067496846	0.49011061941803963	0.0
0.9875461367447375	0.4905701476941225	0.0
0.9890469667397902	0.4910261543945306	0.0
0.990547796734843	0.49147863476052145	0.0
0.9920486267298958	0.4919275840977945	0.0
0.9935494567249485	0.4923729977765277	0.0
0.9950502867200014	0.492814871231418	0.0
0.9965511167150541	0.4932531999617686	0.0
0.9980519467101069	0.4936879795315699	0.0
0.9995527767051597	0.4941192055695026	0.0
1.0010536067002125	0.49454687376906725	0.0
1.0025544366952654	0.4949709798886424	0.0
1.0040552666903182	0.4953915197514748	0.0
1.005556096685371	0.49580848924580617	0.0
1.0070569266804237	0.4962218843249514	0.0
1.0085577566754764	0.49663170100729226	0.0
1.0100585866705294	0.4970379353763905	0.0
1.0115594166655821	0.49744058358100873	0.0
1.0130602466606349	0.4978396418351884	0.0
1.0145610766556876	0.49823510641830193	0.0
1.0160619066507404	0.4986269736751258	0.0
1.0175627366457933	0.499015240015855	0.0
1.019063566640846	0.4993999019161952	0.0
1.0205643966358988	0.4997809559174321	0.0
1.0220652266309516	0.5001583986263833	0.0
1.0235660566260043	0.5005322267155936	0.0
1.0250668866210573	0.5009024369232851	0.0
1.02656771661611	0.5012690260534594	0.0
1.0280685466111628	0.5016319909758893	0.0
1.0295693766062155	0.501991328626262	0.0
1.0310702066012682	0.5023470360061175	0.0
1.0325710365963212	0.5026991101829641	0.0
1.034071866591374	0.5030475482903141	0.0
1.035572696586427	0.5033923475277444	0.0
1.0370735265814794	0.503733505160905	0.0
1.0385743565765322	0.5040710185215953	0.0
1.0400751865715852	0.5044048850077549	0.0
1.041576016566638	0.5047351020835726	0.0
1.0430768465616909	0.5050616672795135	0.0
1.0445776765567436	0.505384578192311	0.0
1.0460785065517963	0.5057038324850558	0.0
1.047579336546849	0.506019427887248	0.0
1.0490801665419018	0.5063313621947627	0.0
1.0505809965369548	0.5066396332699528	0.0
1.0520818265320075	0.5069442390416453	0.0
1.0535826565270603	0.5072451775051885	0.0
1.055083486522113	0.5075424467225258	0.0
1.0565843165171658	0.5078360448221677	0.0
1.0580851465122187	0.5081259699992255	0.0
1.0595859765072715	0.5084122205155298	0.0
1.0610868065023242	0.508694794699538	0.0
1.062587636497377	0.508973690946446	0.0
1.0640884664924297	0.5092489077181944	0.0
1.0655892964874827	0.5095204435434857	0.0
1.0670901264825354	0.5097882970178393	0.0
1.0685909564775882	0.5100524668035592	0.0
1.070091786472641	0.5103129516298085	0.0
1.0715926164676937	0.5105697502926322	0.0
1.0730934464627466	0.5108228616549185	0.0
1.0745942764577994	0.5110722846465348	0.0
1.0760951064528521	0.5113180182642175	0.0
1.0775959364479049	0.5115600615717014	0.0
1.0790967664429576	0.5117984136996063	0.0
1.0805975964380106	0.5120330738455847	0.0
1.0820984264330633	0.5122640412743084	0.0
1.0835992564281163	0.5124913153173938	0.0
1.0851000864231688	0.5127148953735281	0.0
1.0866009164182218	0.5129347809084512	0.0
1.0881017464132745	0.5131509714548599	0.0
1.0896025764083273	0.5133634666125864	0.0
1.0911034064033802	0.5135722660484618	0.0
1.0926042363984327	0.5137773694964274	0.0
1.0941050663934857	0.5139787767574624	0.0
1.0956058963885384	0.5141764876996703	0.0
1.0971067263835912	0.5143705022582052	0.0
1.0986075563786442	0.5145608204352858	0.0
1.100108386373697	0.5147474423002544	0.0
1.1016092163687496	0.5149303679895209	0.0
1.1031100463638024	0.5151095977065345	0.0
1.1046108763588551	0.5152851317218731	0.0
1.106111706353908	0.5154569703731618	0.0
1.1076125363489608	0.5156251140650701	0.0
1.1091133663440136	0.5157895632693795	0.0
1.1106141963390663	0.5159503185248874	0.0
1.112115026334119	0.5161073804374335	0.0
1.113615856329172	0.5162607496798691	0.0
1.1151166863242248	0.5164104269920854	0.0
1.1166175163192775	0.516556413180976	0.0
1.1181183463143303	0.5166987091204328	0.0
1.1196191763093832	0.5168373157512779	0.0
1.121120006304436	0.5169722340813391	0.0
1.1226208362994887	0.5171034651853222	0.0
1.1241216662945415	0.5172310102048862	0.0
1.1256224962895942	0.5173548703485692	0.0
1.1271233262846472	0.5174750468917433	0.0
1.1286241562797	0.5175915411766628	0.0
1.1301249862747527	0.5177043546123968	0.0
1.1316258162698054	0.5178134886747672	0.0
1.1331266462648582	0.51791894490636	0.0
1.1346274762599111	0.5180207249165445	0.0
1.1361283062549639	0.5181188303812908	0.0
1.1376291362500166	0.518213263043285	0.0
1.1391299662450696	0.5183040247118408	0.0
1.140630796240122	0.518391117262847	0.0
1.142131626235175	0.5184745426387314	0.0
1.1436324562302278	0.5185543028484604	0.0
1.1451332862252805	0.5186303999674429	0.0
1.1466341162203335	0.5187028361374904	0.0
1.1481349462153863	0.5187716135668301	0.0
1.149635776210439	0.5188367345300375	0.0
1.1511366062054917	0.5188982013679385	0.0
1.1526374362005447	0.5189560164876353	0.0
1.1541382661955975	0.5190101823623455	0.0
1.1556390961906502	0.5190607015315253	0.0
1.157139926185703	0.5191075766006334	0.0
1.1586407561807557	0.5191508102411966	0.0
1.1601415861758086	0.5191904051906602	0.0
1.1616424161708614	0.51922636425243	0.0
1.1631432461659141	0.5192586902957537	0.0
1.1646440761609669	0.5192873862556586	0.0
1.1661449061560196	0.519312455132888	0.0
1.1676457361510726	0.5193338999938535	0.0
1.1691465661461253	0.5193517239705816	0.0
1.170647396141178	0.5193659302606249	0.0
1.1721482261362308	0.519376522126934	0.0
1.1736490561312836	0.5193835028979196	0.0
1.1751498861263365	0.5193868759672635	0.0
1.1766507161213893	0.5193866447938829	0.0
1.178151546116442	0.5193828129018793	0.0
1.1796523761114948	0.5193753838804434	0.0
1.1811532061065475	0.5193643613837394	0.0
1.1826540361016005	0.5193497491308586	0.0
1.1841548660966532	0.5193315509057569	0.0
1.185655696091706	0.5193097705571331	0.0
1.187156526086759	0.5192844119983678	0.0
1.1886573560818114	0.519255479207379	0.0
1.1901581860768644	0.5192229762266473	0.0
1.1916590160719172	0.5191869071630006	0.0
1.1931598460669701	0.5191472761875987	0.0
1.1946606760620229	0.5191040875358115	0.0
1.1961615060570754	0.5190573455071338	0.0
1.1976623360521284	0.5190070544650833	0.0
1.199163166047181	0.5189532188370876	0.0
1.200663996042234	0.5188958431144085	0.0
1.2021648260372868	0.5188349318520135	0.0
1.2036656560323395	0.5187704896685006	0.0
1.2051664860273923	0.5187025212459809	0.0
1.206667316022445	0.5186310313299407	0.0
1.208168146017498	0.5185560247291936	0.0
1.2096689760125507	0.5184775063157132	0.0
1.2111698060076035	0.5183954810245335	0.0
1.2126706360026562	0.5183099538536783	0.0
1.214171465997709	0.5182209298639564	0.0
1.215672295992762	0.5181284141789406	0.0
1.2171731259878147	0.5180324119847922	0.0
1.2186739559828674	0.517932928530156	0.0
1.2201747859779202	0.5178299691260322	0.0
1.221675615972973	0.517723539145659	0.0
1.2231764459680259	0.517613644024404	0.0
1.2246772759630786	0.5175002892595939	0.0
1.2261781059581316	0.5173834804104012	0.0
1.2276789359531841	0.5172632230977469	0.0
1.2291797659482369	0.5171395230041484	0.0
1.2306805959432898	0.5170123858735483	0.0
1.2321814259383426	0.5168818175112225	0.0
1.2336822559333955	0.5167478237836544	0.0
1.235183085928448	0.5166104106183552	0.0
1.2366839159235008	0.5164695840037322	0.0
1.2381847459185538	0.5163253499889864	0.0
1.2396855759136065	0.5161777146839219	0.0
1.2411864059086595	0.5160266842588135	0.0
1.2426872359037122	0.5158722649442841	0.0
1.2441880658987647	0.5157144630311145	0.0
1.2456888958938177	0.5155532848701275	0.0
1.2471897258888704	0.5153887368720507	0.0
1.2486905558839234	0.5152208255073037	0.0
1.2501913858789762	0.5150495573059038	0.0
1.251692215874029	0.5148749388572894	0.0
1.2531930458690816	0.5146969768101426	0.0
1.2546938758641344	0.514515677872273	0.0
1.2561947058591874	0.5143310488104043	0.0
1.25769553585424	0.5141430964500526	0.0
1.2591963658492928	0.5139518276753509	0.0
1.2606971958443456	0.5137572494288919	0.0
1.2621980258393983	0.5135593687115512	0.0
1.2636988558344513	0.5133581925823087	0.0
1.265199685829504	0.513153728158112	0.0
1.2667005158245568	0.51294598261368	0.0
1.2682013458196095	0.5127349631812999	0.0
1.2697021758146623	0.5125206771507594	0.0
1.2712030058097152	0.5123031318690527	0.0
1.272703835804768	0.5120823347402782	0.0
1.2742046657998207	0.5118582932254013	0.0
1.2757054957948735	0.5116310148421853	0.0
1.2772063257899262	0.5114005071648521	0.0
1.2787071557849792	0.5111667778240617	0.0
1.280207985780032	0.5109298345065817	0.0
1.2817088157750849	0.5106896849552005	0.0
1.2832096457701374	0.5104463369685306	0.0
1.2847104757651902	0.5101997984007948	0.0
1.2862113057602431	0.5099500771616128	0.0
1.2877121357552959	0.5096971812159179	0.0
1.2892129657503488	0.5094411185836013	0.0
1.2907137957454016	0.509181897339493	0.0
1.292214625740454	0.508919525613033	0.0
1.293715455735507	0.5086540115881529	0.0
1.2952162857305598	0.5083853635030305	0.0
1.2967171157256128	0.5081135896499445	0.0
1.2982179457206655	0.507838698375049	0.0
1.2997187757157183	0.5075606980781648	0.0
1.301219605710771	0.5072795972125622	0.0
1.3027204357058237	0.5069954042848168	0.0
1.3042212657008767	0.5067081278545523	0.0
1.3057220956959295	0.5064177765342778	0.0
1.3072229256909822	0.506124358989114	0.0
1.308723755686035	0.5058278839366589	0.0
1.3102245856810877	0.505528360146756	0.0
1.3117254156761406	0.5052257964412938	0.0
1.3132262456711934	0.5049202016939071	0.0
1.3147270756662461	0.50461158482992	0.0
1.3162279056612989	0.5042999548260301	0.0
1.3177287356563516	0.5039853207101179	0.0
1.3192295656514046	0.5036676915610229	0.0
1.3207303956464573	0.503347076508337	0.0
1.32223122564151	0.5030234847322043	0.0
1.3237320556365628	0.5026969254630561	0.0
1.3252328856316156	0.5023674079814558	0.0
1.3267337156266685	0.5020349416178336	0.0
1.3282345456217213	0.5016995357522668	0.0
1.3297353756167742	0.5013611998142629	0.0
1.3312362056118268	0.5010199432825903	0.0
1.3327370356068795	0.5006757756849555	0.0
1.3342378656019325	0.5003287065978481	0.0
1.3357386955969852	0.4999787456463203	0.0
1.3372395255920382	0.4996259025037098	0.0
1.3387403555870907	0.49927018689146374	0.0
1.3402411855821437	0.4989116085788682	0.0
1.3417420155771964	0.498550177382868	0.0
1.3432428455722492	0.49818590316776035	0.0
1.3447436755673021	0.4978187958450646	0.0
1.3462445055623549	0.49744886537322014	0.0
1.3477453355574076	0.4970761217573812	0.0
1.3492461655524604	0.49670057504915244	0.0
1.350746995547513	0.49632223534642556	0.0
1.352247825542566	0.49594111279305436	0.0
1.3537486555376188	0.49555721757867244	0.0
1.3552494855326715	0.49517055993846765	0.0
1.3567503155277243	0.49478115015295315	0.0
1.358251145522777	0.49438899854765705	0.0
1.35975197551783	0.4939941154929417	0.0
1.3612528055128827	0.4935965114037851	0.0
1.3627536355079355	0.49319619673950393	0.0
1.3642544655029882	0.49279318200346967	0.0
1.365755295498041	0.4923874777430179	0.0
1.367256125493094	0.4919790945490489	0.0
1.3687569554881467	0.4915680430558891	0.0
1.3702577854831994	0.4911543339409574	0.0
1.3717586154782522	0.49073797792463497	0.0
1.3732594454733051	0.4903189857699283	0.0
1.3747602754683579	0.48989736828227465	0.0
1.3762611054634106	0.4894731363092723	0.0
1.3777619354584634	0.4890463007404711	0.0
1.3792627654535161	0.4886168725070853	0.0
1.380763595448569	0.4881848625817764	0.0
1.3822644254436218	0.4877502819783801	0.0
1.3837652554386746	0.4873131417516946	0.0
1.3852660854337275	0.4868734529972328	0.0
1.38676691542878	0.4864312268509227	0.0
1.388267745423833	0.48598647448894144	0.0
1.3897685754188858	0.4855392071274052	0.0
1.3912694054139385	0.48508943602212556	0.0
1.3927702354089915	0.4846371724683687	0.0
1.3942710654040442	0.484182427800659	0.0
1.395771895399097	0.4837252133924547	0.0
1.3972727253941497	0.4832655406558928	0.0
1.3987735553892024	0.48280342104164353	0.0
1.4002743853842554	0.482338866038558	0.0
1.4017752153793082	0.48187188717342666	0.0
1.403276045374361	0.48140249601077134	0.0
1.4047768753694136	0.4809307041525988	0.0
1.4062777053644664	0.4804565232380951	0.0
1.4077785353595194	0.4799799649434161	0.0
1.409279365354572	0.47950104098141993	0.0
1.4107801953496248	0.47901976310143685	0.0
1.4122810253446776	0.47853614308896314	0.0
1.4137818553397306	0.4780501927655062	0.0
1.4152826853347833	0.47756192398821284	0.0
1.416783515329836	0.477071348649703	0.0
1.4182843453248888	0.4765784786778073	0.0
1.4197851753199415	0.4760833260352733	0.0
1.4212860053149945	0.47558590271955165	0.0
1.4227868353100472	0.47508622076250007	0.0
1.4242876653051	0.4745842922302007	0.0
1.4257884953001527	0.4740801292226319	0.0
1.4272893252952055	0.4735737438734669	0.0
1.4287901552902584	0.4730651483498074	0.0
1.4302909852853112	0.47255435485190644	0.0
1.431791815280364	0.4720413756129059	0.0
1.4332926452754169	0.4715262228986825	0.0
1.4347934752704694	0.4710089090074834	0.0
1.4362943052655224	0.47048944626968353	0.0
1.4377951352605751	0.46996784704758526	0.0
1.4392959652556279	0.46944412373514954	0.0
1.4407967952506808	0.46891828875771735	0.0
1.4422976252457334	0.46839035457177536	0.0
1.4437984552407863	0.4678603336647046	0.0
1.445299285235839	0.4673282385544979	0.0
1.446800115230892	0.46679408178953014	0.0
1.4483009452259448	0.46625787594833035	0.0
1.4498017752209975	0.4657196336392797	0.0
1.4513026052160503	0.46517936750038485	0.0
1.452803435211103	0.4646370901990265	0.0
1.454304265206156	0.46409281443168793	0.0
1.4558050952012087	0.46354655292370955	0.0
1.4573059251962615	0.4629983184290492	0.0
1.4588067551913142	0.46244812373001953	0.0
1.460307585186367	0.4618959816370295	0.0
1.46180841518142	0.46134190498834343	0.0
1.4633092451764727	0.46078590664981145	0.0
1.4648100751715254	0.4602279995146377	0.0
1.4663109051665781	0.4596681965031056	0.0
1.4678117351616309	0.4591065105623648	0.0
1.4693125651566838	0.4585429546661091	0.0
1.4708133951517366	0.45797754181442435	0.0
1.4723142251467893	0.45741028503342407	0.0
1.473815055141842	0.4568411973750804	0.0
1.4753158851368948	0.456270291916965	0.0
1.4768167151319478	0.4556975817619363	0.0
1.4783175451270005	0.45512308003795593	0.0
1.4798183751220533	0.45454679989781477	0.0
1.481319205117106	0.4539687545188544	0.0
1.4828200351121588	0.45338895710278665	0.0
1.4843208651072117	0.4528074208753839	0.0
1.4858216951022645	0.4522241590862021	0.0
1.4873225250973174	0.45163918500841177	0.0
1.4888233550923702	0.4510525119384961	0.0
1.4903241850874227	0.45046415319599314	0.0
1.4918250150824757	0.44987412212332434	0.0
1.4933258450775284	0.4492824320854391	0.0
1.4948266750725814	0.4486890964696208	0.0
1.4963275050676341	0.448094128685249	0.0
1.4978283350626869	0.4474975421635137	0.0
1.4993291650577396	0.4468993503572133	0.0
1.5008299950527924	0.4462995667404428	0.0
1.5023308250478453	0.44569820480840705	0.0
1.503831655042898	0.44509527807714316	0.0
1.5053324850379508	0.44449080008325204	0.0
1.5068333150330036	0.4438847843837207	0.0
1.5083341450280563	0.44327724455559975	0.0
1.5098349750231093	0.44266819419580455	0.0
1.511335805018162	0.44205764692084454	0.0
1.5128366350132147	0.44144561636657553	0.0
1.5143374650082675	0.44083211618795604	0.0
1.5158382950033202	0.4402171600588486	0.0
1.5173391249983732	0.43960076167168505	0.0
1.518839954993426	0.43898293473729844	0.0
1.5203407849884787	0.43836369298462335	0.0
1.5218416149835314	0.43774305016048887	0.0
1.5233424449785842	0.4371210200293566	0.0
1.5248432749736371	0.4364976163730667	0.0
1.5263441049686899	0.4358728529906205	0.0
1.5278449349637429	0.4352467436979239	0.0
1.5293457649587954	0.4346193023275234	0.0
1.5308465949538481	0.4339905427283906	0.0
1.532347424948901	0.4333604787656397	0.0
1.5338482549439538	0.43272912432034916	0.0
1.5353490849390068	0.4320964932892691	0.0
1.5368499149340595	0.4314625995845686	0.0
1.538350744929112	0.4308274571336272	0.0
1.539851574924165	0.43019107987877836	0.0
1.5413524049192178	0.4295534817770598	0.0
1.5428532349142707	0.428914676799984	0.0
1.5443540649093235	0.42827467893329185	0.0
1.545854894904376	0.42763350217670254	0.0
1.547355724899429	0.4269911605436741	0.0
1.5488565548944817	0.42634766806117796	0.0
1.5503573848895347	0.42570303876942284	0.0
1.5518582148845874	0.42505728672167814	0.0
1.5533590448796402	0.4244104259839452	0.0
1.5548598748746927	0.42376247063478856	0.0
1.5563607048697456	0.4231134347650462	0.0
1.5578615348647986	0.4224633324776345	0.0
1.5593623648598514	0.42181217788728037	0.0
1.560863194854904	0.4211599851202982	0.0
1.5623640248499568	0.42050676831428047	0.0
1.5638648548450098	0.4198525416179829	0.0
1.5653656848400623	0.4191973191909597	0.0
1.5668665148351153	0.4185411152034299	0.0
1.568367344830168	0.4178839438359399	0.0
1.5698681748252208	0.41722581927920194	0.0
1.5713690048202735	0.41656675573381985	0.0
1.5728698348153265	0.4159067674100836	0.0
1.5743706648103795	0.4152458685276522	0.0
1.575871494805432	0.41458407331537267	0.0
1.5773723248004847	0.4139213960110652	0.0
1.5788731547955377	0.41325785086123573	0.0
1.5803739847905902	0.4125934521208462	0.0
1.5818748147856432	0.4119282140530811	0.0
1.5833756447806961	0.41126215092912904	0.0
1.584876474775749	0.41059527702792953	0.0
1.5863773047708014	0.40992760663590355	0.0
1.5878781347658544	0.40925915404678953	0.0
1.5893789647609073	0.40858993356130974	0.0
1.5908797947559599	0.4079199594870294	0.0
1.5923806247510128	0.4072492461380346	0.0
1.5938814547460656	0.40657780783475833	0.0
1.595382284741118	0.4059056589036919	0.0
1.596883114736171	0.4052328136772081	0.0
1.598383944731224	0.40455928649325673	0.0
1.5998847747262768	0.40388509169518155	0.0
1.6013856047213293	0.4032102436314394	0.0
1.6028864347163823	0.40253475665539346	0.0
1.6043872647114352	0.4018586451250354	0.0
1.6058880947064877	0.40118192340283193	0.0
1.6073889247015407	0.4005046058553868	0.0
1.6088897546965935	0.3998267068532802	0.0
1.6103905846916464	0.39914824077077526	0.0
1.611891414686699	0.398469221985595	0.0
1.613392244681752	0.39778966487873185	0.0
1.6148930746768049	0.3971095838341741	0.0
1.6163939046718574	0.3964289932386465	0.0
1.6178947346669101	0.3957479074813764	0.0
1.619395564661963	0.3950663409539269	0.0
1.6208963946570156	0.39438430804985775	0.0
1.6223972246520686	0.39370182316456354	0.0
1.6238980546471213	0.3930189006950055	0.0
1.6253988846421743	0.3923355550394919	0.0
1.6268997146372268	0.39165180059739346	0.0
1.6284005446322798	0.39096765176895965	0.0
1.6299013746273328	0.39028312295505824	0.0
1.6314022046223853	0.3895982285569328	0.0
1.632903034617438	0.3889129829759974	0.0
1.634403864612491	0.3882274006135384	0.0
1.6359046946075435	0.3875414958705287	0.0
1.6374055246025965	0.38685528314737544	0.0
1.6389063545976494	0.3861687768436788	0.0
1.6404071845927022	0.3854819913579726	0.0
1.6419080145877547	0.3847949410875296	0.0
1.6434088445828077	0.38410764042811857	0.0
1.6449096745778606	0.3834201037737034	0.0
1.6464105045729132	0.3827323455162905	0.0
1.6479113345679661	0.38204438004561986	0.0
1.6494121645630189	0.3813562217489642	0.0
1.6509129945580718	0.3806678850108855	0.0
1.6524138245531244	0.37997938421301086	0.0
1.6539146545481773	0.3792907337337615	0.0
1.65541548454323	0.3786019479481109	0.0
1.6569163145382828	0.3779130412273895	0.0
1.6584171445333356	0.3772240279390135	0.0
1.6599179745283885	0.37653492244625253	0.0
1.661418804523441	0.3758457391079703	0.0
1.662919634518494	0.37515649227842646	0.0
1.6644204645135467	0.3744671963069958	0.0
1.6659212945085997	0.3737778655379661	0.0
1.6674221245036522	0.3730885143102509	0.0
1.6689229544987052	0.3723991569572123	0.0
1.6704237844937582	0.37170980780636786	0.0
1.6719246144888107	0.37102048117916986	0.0
1.6734254444838634	0.3703311913907664	0.0
1.6749262744789164	0.36964195274976547	0.0
1.676427104473969	0.3689527795579702	0.0
1.6779279344690219	0.36826368611018206	0.0
1.6794287644640746	0.3675746866938938	0.0
1.6809295944591276	0.36688579558912887	0.0
1.6824304244541801	0.36619702706812296	0.0
1.683931254449233	0.3655083953951529	0.0
1.685432084444286	0.36481991482622866	0.0
1.6869329144393386	0.36413159960891683	0.0
1.6884337444343913	0.3634434639820562	0.0
1.6899345744294443	0.36275552217552415	0.0
1.6914354044244972	0.36206778841000803	0.0
1.6929362344195498	0.3613802768967195	0.0
1.6944370644146027	0.3606930018372333	0.0
1.6959378944096555	0.3600059774231602	0.0
1.697438724404708	0.35931921783594806	0.0
1.698939554399761	0.358632737246655	0.0
1.700440384394814	0.35794654981566765	0.0
1.7019412143898665	0.3572606696924853	0.0
1.7034420443849194	0.3565751110154575	0.0
1.7049428743799722	0.35588988791156173	0.0
1.7064437043750251	0.3552050144961375	0.0
1.7079445343700776	0.35452050487267595	0.0
1.7094453643651306	0.3538363731325215	0.0
1.7109461943601834	0.3531526333547232	0.0
1.712447024355236	0.3524692996056701	0.0
1.7139478543502888	0.35178638593894107	0.0
1.7154486843453418	0.35110390639502254	0.0
1.7169495143403943	0.350421875001062	0.0
1.7184503443354473	0.3497403057706681	0.0
1.7199511743305	0.34905921270360013	0.0
1.721452004325553	0.34837860978557267	0.0
1.7229528343206055	0.3476985109879817	0.0
1.7244536643156585	0.34701893026767944	0.0
1.7259544943107115	0.34633988156673234	0.0
1.727455324305764	0.3456613788121616	0.0
1.7289561543008167	0.3449834359157186	0.0
1.7304569842958697	0.34430606677362	0.0
1.7319578142909227	0.34362928526629666	0.0
1.7334586442859752	0.3429531052582073	0.0
1.7349594742810281	0.3422775405975098	0.0
1.736460304276081	0.341602605115885	0.0
1.7379611342711334	0.34092831262825357	0.0
1.7394619642661864	0.3402546769325408	0.0
1.7409627942612393	0.33958171180943225	0.0
1.7424636242562919	0.33890943102215954	0.0
1.7439644542513446	0.33823784831619425	0.0
1.7454652842463976	0.3375669774190658	0.0
1.7469661142414505	0.3368968320400602	0.0
1.748466944236503	0.33622742587003124	0.0
1.749967774231556	0.3355587725811048	0.0
1.7514686042266088	0.33489088582647897	0.0
1.7529694342216613	0.33422377924011615	0.0
1.7544702642167143	0.3335574664366021	0.0
1.7559710942117672	0.33289196101080704	0.0
1.75747192420682	0.33222727653767387	0.0
1.7589727542018727	0.33156342657199034	0.0
1.7604735841969255	0.33090042464810493	0.0
1.7619744141919784	0.33023828427973184	0.0
1.763475244187031	0.32957701895967983	0.0
1.764976074182084	0.3289166421595976	0.0
1.7664769041771367	0.32825716732976074	0.0
1.7679777341721894	0.32759860789879197	0.0
1.7694785641672421	0.32694097727345156	0.0
1.770979394162295	0.326284288838375	0.0
1.772480224157348	0.3256285559558297	0.0
1.7739810541524006	0.3249737919654822	0.0
1.7754818841474533	0.3243200101841607	0.0
1.7769827141425063	0.323667223905567	0.0
1.7784835441375588	0.32301544640010416	0.0
1.7799843741326118	0.32236469091457	0.0
1.7814852041276648	0.32171497067196064	0.0
1.7829860341227173	0.3210662988712087	0.0
1.78448686411777	0.3204186886869286	0.0
1.785987694112823	0.3197721532692165	0.0
1.787488524107876	0.31912670574335644	0.0
1.7889893541029285	0.3184823592096217	0.0
1.7904901840979814	0.3178391267430031	0.0
1.7919910140930342	0.3171970213930003	0.0
1.7934918440880867	0.31655605618335697	0.0
1.7949926740831397	0.31591624411182634	0.0
1.7964935040781926	0.31527759814993966	0.0
1.7979943340732454	0.31464013124274254	0.0
1.7994951640682981	0.31400385630859357	0.0
1.8009959940633509	0.31336878623890096	0.0
1.8024968240584038	0.31273493389787976	0.0
1.8039976540534564	0.3121023121223204	0.0
1.8054984840485093	0.3114709337213886	0.0
1.806999314043562	0.3108408114763129	0.0
1.8085001440386146	0.3102119581402187	0.0
1.8100009740336676	0.3095843864378461	0.0
1.8115018040287205	0.30895810906532006	0.0
1.8130026340237735	0.30833313868993656	0.0
1.814503464018826	0.3077094879499406	0.0
1.8160042940138788	0.30708716945421655	0.0
1.8175051240089317	0.3064661957821113	0.0
1.8190059540039842	0.3058465794832249	0.0
1.8205067839990372	0.3052283330771204	0.0
1.82200761399409	0.30461146905312037	0.0
1.8235084439891427	0.30399599987005954	0.0
1.8250092739841954	0.3033819379560828	0.0
1.8265101039792484	0.3027692957083836	0.0
1.8280109339743014	0.30215808549298534	0.0
1.8295117639693539	0.30154831964450785	0.0
1.8310125939644066	0.3009400104659079	0.0
1.8325134239594596	0.3003331702283288	0.0
1.8340142539545121	0.29972781117082126	0.0
1.835515083949565	0.2991239455000737	0.0
1.837015913944618	0.29852158539026163	0.0
1.8385167439396708	0.2979207429827879	0.0
1.8400175739347233	0.2973214303860482	0.0
1.8415184039297763	0.2967236596752221	0.0
1.8430192339248292	0.29612744289203097	0.0
1.8445200639198818	0.2955327920445407	0.0
1.8460208939149347	0.2949397191069048	0.0
1.8475217239099875	0.2943482360191544	0.0
1.84902255390504	0.2937583546870005	0.0
1.850523383900093	0.2931700869815745	0.0
1.852024213895146	0.29258344473923753	0.0
1.8535250438901987	0.29199843976132533	0.0
1.8550258738852514	0.2914150838139699	0.0
1.8565267038803042	0.2908333886278584	0.0
1.8580275338753571	0.2902533658980129	0.0
1.8595283638704097	0.28967502728358774	0.0
1.8610291938654626	0.28909838440765157	0.0
1.8625300238605154	0.2885234488569504	0.0
1.864030853855568	0.287950232181718	0.0
1.8655316838506208	0.28737874589545115	0.0
1.8670325138456738	0.2868090014747104	0.0
1.8685333438407268	0.28624101035886146	0.0
1.8700341738357793	0.28567478394993806	0.0
1.871535003830832	0.28511033361237265	0.0
1.873035833825885	0.28454767067281217	0.0
1.8745366638209375	0.2839868064198937	0.0
1.8760374938159905	0.283427752104061	0.0
1.8775383238110435	0.2828705189373546	0.0
1.8790391538060962	0.28231511809315596	0.0
1.8805399838011487	0.2817615607060605	0.0
1.8820408137962017	0.2812098578716139	0.0
1.8835416437912547	0.280660020646136	0.0
1.8850424737863072	0.2801120600465314	0.0
1.88654330378136	0.27956598705003977	0.0
1.888044133776413	0.2790218125940728	0.0
1.8895449637714654	0.27847954757601595	0.0
1.8910457937665184	0.2779392028530308	0.0
1.8925466237615713	0.2774007892418482	0.0
1.894047453756624	0.27686431751855656	0.0
1.8955482837516766	0.2763297984184349	0.0
1.8970491137467296	0.27579724263574756	0.0
1.8985499437417825	0.27526666082356144	0.0
1.900050773736835	0.2747380635935218	0.0
1.901551603731888	0.27421146151571374	0.0
1.9030524337269408	0.27368686511842427	0.0
1.9045532637219937	0.2731642848879578	0.0
1.9060540937170463	0.2726437312684988	0.0
1.9075549237120992	0.2721252146618677	0.0
1.909055753707152	0.2716087454273585	0.0
1.9105565837022047	0.27109433388154414	0.0
1.9120574136972575	0.2705819902981217	0.0
1.9135582436923104	0.27007172490770276	0.0
1.915059073687363	0.2695635478976439	0.0
1.916559903682416	0.26905746941185044	0.0
1.9180607336774687	0.2685534995506209	0.0
1.9195615636725216	0.26805164837046275	0.0
1.9210623936675741	0.26755192588392485	0.0
1.922563223662627	0.26705434205937745	0.0
1.92406405365768	0.26655890682089256	0.0
1.9255648836527326	0.26606563004805783	0.0
1.9270657136477853	0.26557452157577777	0.0
1.9285665436428383	0.26508559119413894	0.0
1.9300673736378908	0.26459884864821076	0.0
1.9315682036329438	0.2641143036378945	0.0
1.9330690336279968	0.26363196581776155	0.0
1.9345698636230495	0.26315184479687953	0.0
1.936070693618102	0.262673950138646	0.0
1.937571523613155	0.2621982913606223	0.0
1.939072353608208	0.26172487793439114	0.0
1.9405731836032605	0.2612537192853749	0.0
1.9420740135983134	0.2607848247926751	0.0
1.9435748435933662	0.2603182037889242	0.0
1.9450756735884192	0.2598538655601357	0.0
1.9465765035834717	0.25939181934554423	0.0
1.9480773335785246	0.25893207433743026	0.0
1.9495781635735774	0.25847463968099843	0.0
1.95107899356863	0.25801952447420917	0.0
1.9525798235636829	0.2575667377676319	0.0
1.9540806535587358	0.2571162885642922	0.0
1.9555814835537884	0.2566681858195268	0.0
1.9570823135488413	0.2562224384408227	0.0
1.958583143543894	0.25577905528771383	0.0
1.960083973538947	0.2553380451715877	0.0
1.9615848035339996	0.2548994168555788	0.0
1.9630856335290525	0.2544631790543866	0.0
1.9645864635241053	0.25402934043418995	0.0
1.966087293519158	0.25359790961246315	0.0
1.9675881235142108	0.2531688951578696	0.0
1.9690889535092637	0.2527423055900846	0.0
1.9705897835043162	0.2523181493797042	0.0
1.9720906134993692	0.2518964349481025	0.0
1.973591443494422	0.25147717066726244	0.0
1.975092273489475	0.2510603648597035	0.0
1.9765931034845274	0.25064602579830264	0.0
1.9780939334795804	0.2502341617061983	0.0
1.9795947634746334	0.24982478075664305	0.0
1.981095593469686	0.24941789107286924	0.0
1.9825964234647386	0.2490135007279963	0.0
1.9840972534597916	0.2486116177449053	0.0
1.9855980834548446	0.2482122500960765	0.0
1.987098913449897	0.247815405703511	0.0
1.98859974344495	0.24742109243859697	0.0
1.9901005734400028	0.24702931812197831	0.0
1.9916014034350553	0.2466400905234578	0.0
1.9931022334301083	0.24625341736188172	0.0
1.9946030634251612	0.24586930630500964	0.0
1.9961038934202138	0.2454877649694281	0.0
1.9976047234152667	0.24510880092039852	0.0
1.9991055534103195	0.24473242167179252	0.0
2.0006063834053722	0.24435863468594435	0.0
2.002107213400425	0.243987447373569	0.0
2.0036080433954777	0.24361886709365713	0.0
2.005108873390531	0.24325290115335232	0.0
2.006609703385583	0.24288955680785293	0.0
2.0081105333806364	0.24252884126032825	0.0
2.009611363375689	0.242170761661777	0.0
2.011112193370742	0.24181532511098713	0.0
2.0126130233657946	0.24146253865438802	0.0
2.0141138533608474	0.24111240928596464	0.0
2.0156146833559005	0.24076494394717893	0.0
2.017115513350953	0.24042014952685226	0.0
2.0186163433460056	0.24007803286108106	0.0
2.020117173341059	0.23973860073315573	0.0
2.021618003336111	0.2394018598734651	0.0
2.0231188333311643	0.2390678169593963	0.0
2.024619663326217	0.23873647861525418	0.0
2.0261204933212698	0.23840785141217802	0.0
2.0276213233163225	0.23808194186803353	0.0
2.0291221533113752	0.23775875644737748	0.0
2.0306229833064284	0.23743830156132562	0.0
2.0321238133014807	0.23712058356748308	0.0
2.0336246432965335	0.2368056087698844	0.0
2.0351254732915867	0.2364933834188936	0.0
2.036626303286639	0.23618391371112607	0.0
2.038127133281692	0.2358772057893792	0.0
2.039627963276745	0.23557326574256365	0.0
2.0411287932717976	0.2352720996056087	0.0
2.0426296232668504	0.23497371335940798	0.0
2.044130453261903	0.2346781129307347	0.0
2.0456312832569563	0.23438530419217826	0.0
2.0471321132520086	0.23409529296206905	0.0
2.048632943247062	0.2338080850044047	0.0
2.0501337732421145	0.23352368602880524	0.0
2.0516346032371673	0.23324210169043064	0.0
2.05313543323222	0.2329633375899114	0.0
2.0546362632272728	0.23268739927328078	0.0
2.0561370932223255	0.23241429223194418	0.0
2.0576379232173783	0.23214402190256697	0.0
2.059138753212431	0.23187659366705654	0.0
2.060639583207484	0.23161201285250232	0.0
2.0621404132025365	0.2313502847310831	0.0
2.0636412431975897	0.2310914145200413	0.0
2.0651420731926424	0.23083540738160815	0.0
2.066642903187695	0.23058226842296395	0.0
2.068143733182748	0.23033200269616147	0.0
2.0696445631778007	0.23008461519811976	0.0
2.071145393172854	0.22984011087051517	0.0
2.072646223167906	0.22959849459976533	0.0
2.074147053162959	0.22935977121698342	0.0
2.075647883158012	0.2291239454979022	0.0
2.0771487131530644	0.22889102216285168	0.0
2.0786495431481176	0.2286610058766993	0.0
2.0801503731431703	0.2284339012488237	0.0
2.081651203138223	0.2282097128330344	0.0
2.083152033133276	0.22798844512757813	0.0
2.0846528631283285	0.22777010257504413	0.0
2.0861536931233817	0.22755468956236624	0.0
2.087654523118434	0.22734221042076563	0.0
2.089155353113487	0.227132669425694	0.0
2.09065618310854	0.2269260707968288	0.0
2.0921570131035927	0.22672241869802853	0.0
2.0936578430986454	0.2265217172372853	0.0
2.095158673093698	0.2263239704666819	0.0
2.096659503088751	0.2261291823823839	0.0
2.0981603330838037	0.22593735692457748	0.0
2.0996611630788564	0.2257484979774711	0.0
2.1011619930739096	0.22556260936924077	0.0
2.102662823068962	0.22537969487199097	0.0
2.104163653064015	0.22519975820176064	0.0
2.105664483059068	0.2250228030184566	0.0
2.1071653130541206	0.2248488329258667	0.0
2.1086661430491733	0.22467785147157773	0.0
2.110166973044226	0.22450986214701002	0.0
2.111667803039279	0.2243448683873582	0.0
2.1131686330343316	0.22418287357157826	0.0
2.1146694630293843	0.2240238810223531	0.0
2.1161702930244375	0.2238678940060724	0.0
2.11767112301949	0.2237149157328488	0.0
2.119171953014543	0.22356494935644394	0.0
2.1206727830095957	0.22341799797427286	0.0
2.1221736130046485	0.22327406462740101	0.0
2.123674442999701	0.22313315230049913	0.0
2.125175272994754	0.22299526392183985	0.0
2.126676102989807	0.22286040236329846	0.0
2.1281769329848594	0.2227285704402999	0.0
2.129677762979912	0.222599770911839	0.0
2.1311785929749654	0.22247400648044355	0.0
2.132679422970018	0.22235127979217795	0.0
2.134180252965071	0.2222315934366301	0.0
2.1356810829601236	0.2221149499468935	0.0
2.1371819129551763	0.2220013517995576	0.0
2.138682742950229	0.2218908014147082	0.0
2.140183572945282	0.22178330115592085	0.0
2.141684402940335	0.2216788533302364	0.0
2.1431852329353873	0.22157746018814145	0.0
2.1446860629304405	0.22147912392362754	0.0
2.1461868929254933	0.2213838466740975	0.0
2.147687722920546	0.2212916305204466	0.0
2.1491885529155987	0.22120247748700206	0.0
2.1506893829106515	0.22111638954152377	0.0
2.1521902129057042	0.221033368595233	0.0
2.153691042900757	0.2209534165027921	0.0
2.1551918728958097	0.2208765350622956	0.0
2.156692702890863	0.22080272601528497	0.0
2.158193532885915	0.22073199104673843	0.0
2.1596943628809684	0.22066433178509987	0.0
2.161195192876021	0.22059974980223104	0.0
2.162696022871074	0.22053824661346239	0.0
2.1641968528661266	0.22047982367758437	0.0
2.1656976828611794	0.22042448239681794	0.0
2.1671985128562326	0.22037222411686805	0.0
2.168699342851285	0.22032305012691455	0.0
2.1702001728463376	0.22027696165959743	0.0
2.171701002841391	0.2202339598910584	0.0
2.1732018328364435	0.22019404594090392	0.0
2.1747026628314963	0.22015722087228007	0.0
2.176203492826549	0.22012348569180284	0.0
2.1777043228216018	0.22009284134963528	0.0
2.1792051528166545	0.220065288739474	0.0
2.1807059828117072	0.22004082869853525	0.0
2.1822068128067604	0.2200194620076166	0.0
2.1837076428018127	0.22000118939105556	0.0
2.1852084727968655	0.21998601151681	0.0
2.1867093027919187	0.2199739289963994	0.0
2.1882101327869714	0.21996494238497039	0.0
2.189710962782024	0.21995905218130415	0.0
2.191211792777077	0.21995625882780626	0.0
2.1927126227721296	0.2199565627105547	0.0
2.1942134527671824	0.21995996415931285	0.0
2.195714282762235	0.21996646344751494	0.0
2.1972151127572883	0.21997606079233753	0.0
2.198715942752341	0.21998875635468856	0.0
2.200216772747394	0.22000455023922472	0.0
2.2017176027424465	0.22002344249437877	0.0
2.2032184327374993	0.2200454331123954	0.0
2.204719262732552	0.2200705220293194	0.0
2.2062200927276048	0.22009870912505303	0.0
2.2077209227226575	0.22012999422337792	0.0
2.2092217527177103	0.22016437709195252	0.0
2.210722582712763	0.22020185744234602	0.0
2.212223412707816	0.22024243493009021	0.0
2.213724242702869	0.22028610915467345	0.0
2.2152250726979217	0.22033287965959308	0.0
2.2167259026929744	0.22038274593236243	0.0
2.218226732688027	0.2204357074045412	0.0
2.21972756268308	0.22049176345177252	0.0
2.2212283926781327	0.22055091339382446	0.0
2.222729222673186	0.2206131564946131	0.0
2.224230052668238	0.220678491962198	0.0
2.225730882663291	0.2207469189488673	0.0
2.227231712658344	0.22081843655113262	0.0
2.228732542653397	0.2208930438097835	0.0
2.2302333726484496	0.22097073970991335	0.0
2.2317342026435023	0.2210515231809578	0.0
2.233235032638555	0.22113539309671673	0.0
2.234735862633608	0.22122234827539472	0.0
2.2362366926286605	0.22131238747966317	0.0
2.2377375226237137	0.22140550941665735	0.0
2.2392383526187665	0.22150171273803823	0.0
2.2407391826138188	0.22160099604003683	0.0
2.242240012608872	0.22170335786346698	0.0
2.2437408426039247	0.22180879669377557	0.0
2.2452416725989774	0.2219173109611135	0.0
2.24674250259403	0.22202889904032755	0.0
2.248243332589083	0.2221435592510301	0.0
2.2497441625841357	0.22226128985765134	0.0
2.2512449925791884	0.2223820890694619	0.0
2.2527458225742416	0.22250595504061052	0.0
2.2542466525692944	0.22263288587020466	0.0
2.255747482564347	0.22276287960232544	0.0
2.2572483125594	0.22289593422606221	0.0
2.2587491425544526	0.22303204767562546	0.0
2.2602499725495053	0.22317121783029703	0.0
2.261750802544558	0.2233134425145592	0.0
2.263251632539611	0.22345871949811819	0.0
2.2647524625346636	0.22360704649593058	0.0
2.2662532925297163	0.2237584211682885	0.0
2.2677541225247695	0.22391284112084317	0.0
2.2692549525198222	0.22407030390467042	0.0
2.270755782514875	0.22423080701634152	0.0
2.2722566125099277	0.22439434789793988	0.0
2.2737574425049805	0.2245609239371344	0.0
2.275258272500033	0.22473053246723457	0.0
2.276759102495086	0.22490317076724736	0.0
2.278259932490139	0.2250788360619419	0.0
2.279760762485192	0.22525752552187084	0.0
2.281261592480244	0.22543923626347404	0.0
2.2827624224752974	0.22562396534911477	0.0
2.28426325247035	0.2258117097871318	0.0
2.285764082465403	0.22600246653192152	0.0
2.2872649124604556	0.22619623248398837	0.0
2.2887657424555083	0.22639300448998645	0.0
2.290266572450561	0.2265927793428187	0.0
2.291767402445614	0.22679555378169344	0.0
2.293268232440667	0.22700132449216542	0.0
2.2947690624357198	0.22721008810622045	0.0
2.2962698924307725	0.2274218412023364	0.0
2.2977707224258253	0.22763658030553632	0.0
2.299271552420878	0.22785430188750058	0.0
2.3007723824159307	0.2280750023665761	0.0
2.3022732124109835	0.22829867810788873	0.0
2.3037740424060362	0.22852532542339257	0.0
2.3052748724010894	0.22875494057195694	0.0
2.3067757023961417	0.22898751975942996	0.0
2.308276532391195	0.2292230591386996	0.0
2.3097773623862476	0.2294615548097896	0.0
2.3112781923813004	0.22970300281992076	0.0
2.312779022376353	0.22994739916360382	0.0
2.314279852371406	0.23019473978267052	0.0
2.3157806823664586	0.23044502056640853	0.0
2.3172815123615114	0.23069823735160364	0.0
2.318782342356564	0.23095438592263692	0.0
2.3202831723516173	0.23121346201154058	0.0
2.3217840023466696	0.23147546129811442	0.0
2.323284832341723	0.23174037940996614	0.0
2.3247856623367755	0.23200821192263416	0.0
2.3262864923318283	0.23227895435965282	0.0
2.327787322326881	0.2325526021926338	0.0
2.3292881523219338	0.23282915084134784	0.0
2.3307889823169865	0.23310859567381464	0.0
2.3322898123120392	0.2333909320064194	0.0
2.3337906423070924	0.2336761551039618	0.0
2.335291472302145	0.23396426017976513	0.0
2.3367923022971975	0.23425524239575193	0.0
2.3382931322922507	0.23454909686255088	0.0
2.3397939622873034	0.2348458186395867	0.0
2.341294792282356	0.23514540273516624	0.0
2.342795622277409	0.23544784410658837	0.0
2.3442964522724616	0.2357531376602031	0.0
2.345797282267515	0.23606127825155568	0.0
2.347298112262567	0.2363722606854487	0.0
2.3487989422576203	0.236686079716056	0.0
2.350299772252673	0.23700273004701808	0.0
2.351800602247726	0.23732220633153228	0.0
2.3533014322427785	0.23764450317249203	0.0
2.3548022622378313	0.23796961512252482	0.0
2.356303092232884	0.2382975366841513	0.0
2.3578039222279368	0.2386282623098708	0.0
2.3593047522229895	0.23896178640227222	0.0
2.3608055822180427	0.23929810331412704	0.0
2.362306412213095	0.23963720734849633	0.0
2.363807242208148	0.23997909275884663	0.0
2.365308072203201	0.24032375374918558	0.0
2.3668089021982537	0.24067118447411373	0.0
2.3683097321933064	0.2410213790389853	0.0
2.369810562188359	0.24137433150001933	0.0
2.371311392183412	0.24173003586436428	0.0
2.3728122221784647	0.24208848609028288	0.0
2.374313052173518	0.24244967608720744	0.0
2.3758138821685706	0.24281359971589542	0.0
2.377314712163623	0.24318025078851518	0.0
2.378815542158676	0.24354962306881053	0.0
2.380316372153729	0.24392171027218634	0.0
2.3818172021487816	0.24429650606582604	0.0
2.3833180321438343	0.2446740040688265	0.0
2.384818862138887	0.24505419785233365	0.0
2.3863196921339402	0.2454370809396534	0.0
2.3878205221289925	0.24582264680635912	0.0
2.3893213521240457	0.24621088888045245	0.0
2.3908221821190985	0.24660180054247213	0.0
2.3923230121141508	0.24699537512562258	0.0
2.393823842109204	0.24739160591591441	0.0
2.3953246721042567	0.24779048615228705	0.0
2.3968255020993094	0.2481920090267308	0.0
2.398326332094362	0.24859616768444973	0.0
2.399827162089415	0.2490029552239591	0.0
2.401327992084468	0.24941236469725656	0.0
2.4028288220795204	0.2498243891099232	0.0
2.4043296520745736	0.2502390214212979	0.0
2.4058304820696264	0.25065625454458496	0.0
2.407331312064679	0.25107608134701465	0.0
2.408832142059732	0.25149849464997903	0.0
2.4103329720547846	0.25192348722916513	0.0
2.4118338020498373	0.252351051814695	0.0
2.41333463204489	0.2527811810913016	0.0
2.414835462039943	0.25321386769842963	0.0
2.416336292034996	0.2536491042304136	0.0
2.4178371220300483	0.25408688323661854	0.0
2.4193379520251015	0.2545271972215953	0.0
2.4208387820201542	0.25497003864520634	0.0
2.422339612015207	0.25541539992278994	0.0
2.4238404420102597	0.25586327342530624	0.0
2.4253412720053125	0.2563136514795177	0.0
2.4268421020003657	0.2567665263681137	0.0
2.428342931995418	0.2572218903298818	0.0
2.429843761990471	0.25767973555985085	0.0
2.431344591985524	0.2581400542094564	0.0
2.432845421980576	0.2586028383867022	0.0
2.4343462519756294	0.25906808015630617	0.0
2.435847081970682	0.25953577153986884	0.0
2.437347911965735	0.2600059045160433	0.0
2.4388487419607876	0.2604784710207015	0.0
2.4403495719558403	0.2609534629470624	0.0
2.4418504019508935	0.26143087214591165	0.0
2.443351231945946	0.2619106904257213	0.0
2.444852061940999	0.26239290955283157	0.0
2.4463528919360518	0.26287752125162583	0.0
2.447853721931104	0.2633645172046973	0.0
2.4493545519261573	0.26385388905301194	0.0
2.45085538192121	0.26434562839609566	0.0
2.452356211916263	0.2648397267921871	0.0
2.4538570419113155	0.2653361757584221	0.0
2.4553578719063682	0.2658349667710079	0.0
2.4568587019014214	0.26633609126538615	0.0
2.4583595318964737	0.2668395406364363	0.0
2.459860361891527	0.2673453062386328	0.0
2.4613611918865796	0.267853379386219	0.0
2.4628620218816324	0.2683637513534169	0.0
2.464362851876685	0.268876413374547	0.0
2.465863681871738	0.2693913566442921	0.0
2.467364511866791	0.2699085723178046	0.0
2.4688653418618434	0.2704280515109347	0.0
2.470366171856896	0.2709497853004	0.0
2.4718670018519493	0.27147376472397755	0.0
2.4733678318470016	0.2719999807806841	0.0
2.474868661842055	0.27252842443095354	0.0
2.4763694918371075	0.27305908659684464	0.0
2.4778703218321603	0.2735919581622342	0.0
2.479371151827213	0.2741270299729832	0.0
2.4808719818222658	0.2746642928371317	0.0
2.482372811817319	0.2752037375251183	0.0
2.4838736418123712	0.2757453547699391	0.0
2.4853744718074244	0.2762891352673629	0.0
2.486875301802477	0.27683506967612537	0.0
2.4883761317975295	0.27738314861808905	0.0
2.4898769617925827	0.2779333626785186	0.0
2.4913777917876354	0.2784857024062129	0.0
2.492878621782688	0.2790401583136972	0.0
2.494379451777741	0.2795967208774557	0.0
2.4958802817727936	0.28015538053812905	0.0
2.497381111767847	0.28071612770069854	0.0
2.498881941762899	0.28127895273470943	0.0
2.5003827717579523	0.2818438459744546	0.0
2.501883601753005	0.2824107977191739	0.0
2.503384431748058	0.2829797982332687	0.0
2.5048852617431105	0.28355083774651973	0.0
2.5063860917381633	0.2841239064542817	0.0
2.5078869217332165	0.28469899451767694	0.0
2.509387751728269	0.2852760920638007	0.0
2.5108885817233215	0.28585518918596575	0.0
2.5123894117183747	0.28643627594386945	0.0
2.513890241713427	0.2870193423638389	0.0
2.51539107170848	0.287604378439006	0.0
2.516891901703533	0.288191374129548	0.0
2.5183927316985857	0.2887803193628731	0.0
2.5198935616936384	0.28937120403387256	0.0
2.521394391688691	0.28996401800508387	0.0
2.5228952216837444	0.29055875110693324	0.0
2.5243960516787967	0.29115539313795097	0.0
2.5258968816738494	0.2917539338649876	0.0
2.5273977116689026	0.29235436302341594	0.0
2.528898541663955	0.29295667031733763	0.0
2.530399371659008	0.29356084541984917	0.0
2.531900201654061	0.2941668779732218	0.0
2.5334010316491136	0.29477475758910743	0.0
2.5349018616441663	0.2953844738487878	0.0
2.536402691639219	0.29599601630339034	0.0
2.5379035216342722	0.29660937447408325	0.0
2.5394043516293245	0.29722453785232067	0.0
2.5409051816243777	0.2978414959000516	0.0
2.5424060116194305	0.2984602380499556	0.0
2.5439068416144828	0.29908075370566445	0.0
2.545407671609536	0.29970303224194916	0.0
2.5469085016045887	0.3003270630049759	0.0
2.5484093315996414	0.30095283531255473	0.0
2.549910161594694	0.3015803384543117	0.0
2.551410991589747	0.3022095616919094	0.0
2.5529118215848	0.3028404942593414	0.0
2.5544126515798524	0.3034731253630894	0.0
2.5559134815749056	0.3041074441823787	0.0
2.5574143115699584	0.3047434398694113	0.0
2.558915141565011	0.30538110154956316	0.0
2.560415971560064	0.3060204183216361	0.0
2.5619168015551166	0.30666137925810516	0.0
2.5634176315501698	0.30730397340528354	0.0
2.564918461545222	0.30794818978360333	0.0
2.566419291540275	0.30859401738783426	0.0
2.567920121535328	0.3092414451872928	0.0
2.5694209515303803	0.30989046212611404	0.0
2.5709217815254335	0.3105410571234327	0.0
2.5724226115204862	0.311193219073646	0.0
2.573923441515539	0.3118469368466302	0.0
2.5754242715105917	0.31250219928796824	0.0
2.5769251015056445	0.3131589952191996	0.0
2.5784259315006977	0.3138173134380239	0.0
2.57992676149575	0.31447714271857247	0.0
2.581427591490803	0.31513847181159343	0.0
2.582928421485856	0.3158012894447087	0.0
2.584429251480908	0.31646558432265165	0.0
2.5859300814759614	0.3171313451274769	0.0
2.587430911471014	0.3177985605188172	0.0
2.588931741466067	0.3184672191341082	0.0
2.5904325714611196	0.3191373095888232	0.0
2.5919334014561723	0.31980882047668985	0.0
2.5934342314512255	0.3204817403699488	0.0
2.594935061446278	0.3211560578195638	0.0
2.596435891441331	0.3218317613554738	0.0
2.5979367214363838	0.32250883948682485	0.0
2.5994375514314365	0.3231872807021912	0.0
2.6009383814264893	0.32386707346980714	0.0
2.602439211421542	0.3245482062378268	0.0
2.6039400414165947	0.32523066743453427	0.0
2.6054408714116475	0.3259144454685876	0.0
2.6069417014067002	0.32659952872925535	0.0
2.6084425314017534	0.32728590558663156	0.0
2.6099433613968057	0.3279735643919022	0.0
2.611444191391859	0.3286624934775746	0.0
2.6129450213869116	0.32935268115766153	0.0
2.6144458513819644	0.330044115727984	0.0
2.615946681377017	0.330736785466352	0.0
2.61744751137207	0.3314306786328592	0.0
2.618948341367123	0.332125783470054	0.0
2.6204491713621754	0.33282208820320225	0.0
2.621950001357228	0.33351958104051277	0.0
2.6234508313522813	0.33421825017339385	0.0
2.6249516613473336	0.33491808377666543	0.0
2.626452491342387	0.3356190700088172	0.0
2.6279533213374395	0.3363211970121982	0.0
2.6294541513324923	0.337024452913302	0.0
2.630954981327545	0.337728825822974	0.0
2.6324558113225978	0.3384343038366476	0.0
2.633956641317651	0.3391408750345574	0.0
2.6354574713127032	0.33984852748202926	0.0
2.6369583013077564	0.3405572492296514	0.0
2.638459131302809	0.341267028313545	0.0
2.639959961297862	0.3419778527555857	0.0
2.6414607912929147	0.34268971056363473	0.0
2.6429616212879674	0.34340258973178406	0.0
2.64446245128302	0.3441164782405819	0.0
2.645963281278073	0.3448313640572541	0.0
2.6474641112731256	0.34554723513593044	0.0
2.648964941268179	0.34626407941794274	0.0
2.650465771263231	0.34698188483198433	0.0
2.6519666012582843	0.3477006392943288	0.0
2.653467431253337	0.34842033070913075	0.0
2.65496826124839	0.34914094696862624	0.0
2.6564690912434425	0.3498624759533435	0.0
2.6579699212384953	0.3505849055323484	0.0
2.6594707512335485	0.3513082235635134	0.0
2.660971581228601	0.35203241789367307	0.0
2.6624724112236535	0.3527574763589143	0.0
2.6639732412187067	0.35348338678476116	0.0
2.665474071213759	0.35421013698644827	0.0
2.666974901208812	0.35493771476914937	0.0
2.668475731203865	0.35566610792815806	0.0
2.6699765611989177	0.3563953042491536	0.0
2.6714773911939704	0.35712529150842215	0.0
2.672978221189023	0.35785605747308163	0.0
2.6744790511840764	0.35858758990131057	0.0
2.6759798811791287	0.3593198765426078	0.0
2.6774807111741814	0.3600529051379606	0.0
2.6789815411692346	0.36078666342010424	0.0
2.6804823711642873	0.3615211391137541	0.0
2.68198320115934	0.36225631993581736	0.0
2.683484031154393	0.36299219359562057	0.0
2.6849848611494456	0.36372874779514147	0.0
2.6864856911444983	0.3644659702292452	0.0
2.687986521139551	0.3652038485859023	0.0
2.6894873511346042	0.3659423705463838	0.0
2.6909881811296565	0.36668152378552826	0.0
2.6924890111247097	0.36742129597194034	0.0
2.6939898411197625	0.3681616747682119	0.0
2.695490671114815	0.3689026478311928	0.0
2.696991501109868	0.36964420281214144	0.0
2.6984923311049207	0.37038632735699684	0.0
2.6999931610999734	0.3711290091065778	0.0
2.701493991095026	0.37187223569681627	0.0
2.702994821090079	0.37261599475899404	0.0
2.704495651085132	0.3733602739199204	0.0
2.7059964810801844	0.3741050608022185	0.0
2.7074973110752376	0.37485034302446335	0.0
2.7089981410702904	0.3755961082014658	0.0
2.710498971065343	0.37634234394448185	0.0
2.711999801060396	0.3770890378613933	0.0
2.7135006310554486	0.3778361775569803	0.0
2.7150014610505018	0.3785837506331037	0.0
2.716502291045554	0.3793317446889474	0.0
2.718003121040607	0.3800801473212096	0.0
2.71950395103566	0.3808289461243472	0.0
2.7210047810307127	0.3815781286907574	0.0
2.7225056110257655	0.3823276826110607	0.0
2.7240064410208182	0.383077595474251	0.0
2.725507271015871	0.3838278548679192	0.0
2.7270081010109237	0.3845784483785015	0.0
2.7285089310059765	0.38532936359149145	0.0
2.7300097610010297	0.3860805880916192	0.0
2.731510590996082	0.38683210946308455	0.0
2.7330114209911347	0.38758391528980474	0.0
2.734512250986188	0.38833599315559936	0.0
2.7360130809812406	0.3890883306443419	0.0
2.7375139109762934	0.38984091534031134	0.0
2.739014740971346	0.3905937348282797	0.0
2.740515570966399	0.39134677669380996	0.0
2.7420164009614516	0.3921000285233841	0.0
2.7435172309565043	0.39285347790470243	0.0
2.7450180609515575	0.3936071124268284	0.0
2.7465188909466103	0.39436091968044806	0.0
2.748019720941663	0.39511488725804017	0.0
2.7495205509367158	0.39586900275411674	0.0
2.7510213809317685	0.39662325376541646	0.0
2.7525222109268213	0.39737762789109765	0.0
2.754023040921874	0.3981321127330026	0.0
2.7555238709169267	0.39888669589580145	0.0
2.7570247009119795	0.3996413649872574	0.0
2.7585255309070322	0.4003961076183772	0.0
2.7600263609020854	0.4011509114036918	0.0
2.761527190897138	0.40190576396137895	0.0
2.763028020892191	0.4026606529135541	0.0
2.7645288508872436	0.40341556588639016	0.0
2.7660296808822964	0.40417049051041937	0.0
2.767530510877349	0.4049254144206513	0.0
2.769031340872402	0.4056803252568373	0.0
2.770532170867455	0.40643521066366917	0.0
2.7720330008625074	0.407190058290935	0.0
2.77353383085756	0.40794485579379336	0.0
2.7750346608526133	0.40869959083293583	0.0
2.776535490847666	0.4094542510748073	0.0
2.778036320842719	0.41020882419177346	0.0
2.7795371508377715	0.41096329786239677	0.0
2.7810379808328243	0.4117176597715776	0.0
2.782538810827877	0.41247189761077785	0.0
2.7840396408229298	0.4132259990782087	0.0
2.785540470817983	0.4139799518790776	0.0
2.7870413008130357	0.41473374372574984	0.0
2.7885421308080884	0.4154873623379497	0.0
2.790042960803141	0.4162407954429888	0.0
2.791543790798194	0.4169940307759446	0.0
2.7930446207932467	0.4177470560798744	0.0
2.7945454507882994	0.418499859105985	0.0
2.796046280783352	0.41925242761388937	0.0
2.797547110778405	0.42000474937175963	0.0
2.7990479407734576	0.4207568121565771	0.0
2.800548770768511	0.42150860375426347	0.0
2.8020496007635636	0.4222601119599258	0.0
2.8035504307586163	0.4230113245780598	0.0
2.805051260753669	0.423762229422737	0.0
2.806552090748722	0.42451281431776805	0.0
2.8080529207437745	0.4252630670969753	0.0
2.8095537507388273	0.4260129756043233	0.0
2.81105458073388	0.4267625276941593	0.0
2.812555410728933	0.4275117112314046	0.0
2.8140562407239855	0.4282605140917361	0.0
2.8155570707190387	0.42900892416179925	0.0
2.8170579007140915	0.42975692933940074	0.0
2.818558730709144	0.4305045175337078	0.0
2.820059560704197	0.4312516766654108	0.0
2.8215603906992497	0.4319983946669813	0.0
2.8230612206943024	0.43274465948282104	0.0
2.824562050689355	0.43349045906949246	0.0
2.8260628806844084	0.43423578139591634	0.0
2.827563710679461	0.43498061444350095	0.0
2.8290645406745134	0.43572494620642965	0.0
2.8305653706695666	0.436468764691774	0.0
2.8320662006646193	0.4372120579197648	0.0
2.833567030659672	0.43795481392394053	0.0
2.835067860654725	0.43869702075136446	0.0
2.8365686906497776	0.4394386664628021	0.0
2.8380695206448303	0.4401797391329205	0.0
2.839570350639883	0.4409202268504696	0.0
2.8410711806349362	0.44166011771852914	0.0
2.842572010629989	0.4423993998546318	0.0
2.8440728406250417	0.44313806139105294	0.0
2.8455736706200945	0.44387609047487786	0.0
2.847074500615147	0.44461347526831	0.0
2.8485753306102	0.4453502039488029	0.0
2.8500761606052527	0.4460862647092564	0.0
2.8515769906003055	0.4468216457582402	0.0
2.853077820595358	0.4475563353201857	0.0
2.854578650590411	0.44829032163554633	0.0
2.856079480585464	0.4490235929610098	0.0
2.857580310580517	0.44975613756968624	0.0
2.8590811405755696	0.4504879437513436	0.0
2.8605819705706224	0.45121899981252106	0.0
2.862082800565675	0.45194929407678663	0.0
2.863583630560728	0.45267881488491185	0.0
2.8650844605557806	0.45340755059506377	0.0
2.8665852905508338	0.4541354895829872	0.0
2.8680861205458865	0.4548626202422109	0.0
2.869586950540939	0.45558893098423986	0.0
2.871087780535992	0.45631441023872205	0.0
2.8725886105310448	0.45703904645369986	0.0
2.8740894405260975	0.45776282809572105	0.0
2.8755902705211502	0.45848574365011857	0.0
2.877091100516203	0.45920778162113685	0.0
2.8785919305112557	0.45992893053216094	0.0
2.8800927605063085	0.46064917892588514	0.0
2.8815935905013617	0.4613685153645052	0.0
2.8830944204964144	0.4620869284299187	0.0
2.8845952504914667	0.46280440672393686	0.0
2.88609608048652	0.4635209388684343	0.0
2.8875969104815726	0.4642365135055865	0.0
2.8890977404766254	0.46495111929803573	0.0
2.890598570471678	0.46566474492906346	0.0
2.892099400466731	0.46637737910284177	0.0
2.893600230461784	0.46708901054454716	0.0
2.8951010604568364	0.467799628000602	0.0
2.8966018904518895	0.4685092202388697	0.0
2.8981027204469423	0.46921777604883186	0.0
2.899603550441995	0.46992528424174673	0.0
2.9011043804370478	0.47063173365091593	0.0
2.9026052104321005	0.47133711313182014	0.0
2.9041060404271533	0.4720414115622985	0.0
2.905606870422206	0.4727446178427877	0.0
2.9071077004172587	0.47344672089647044	0.0
2.908608530412312	0.4741477096695016	0.0
2.9101093604073642	0.4748475731311679	0.0
2.9116101904024174	0.4755463002741091	0.0
2.91311102039747	0.47624388011447205	0.0
2.914611850392523	0.47694030169213525	0.0
2.9161126803875757	0.47763555407087116	0.0
2.9176135103826284	0.47832962633856857	0.0
2.919114340377681	0.4790225076073895	0.0
2.920615170372734	0.479714187013979	0.0
2.922116000367787	0.4804046537196497	0.0
2.92361683036284	0.4810938969105581	0.0
2.925117660357892	0.4817819057979198	0.0
2.9266184903529453	0.48246866961819607	0.0
2.928119320347998	0.4831541776332546	0.0
2.929620150343051	0.4838384191306122	0.0
2.9311209803381035	0.4845213834235452	0.0
2.9326218103331563	0.4852030598513789	0.0
2.9341226403282095	0.48588343777957343	0.0
2.9356234703232618	0.4865625065999944	0.0
2.937124300318315	0.4872402557310374	0.0
2.9386251303133677	0.4879166746178787	0.0
2.94012596030842	0.48859175273264677	0.0
2.941626790303473	0.4892654795745599	0.0
2.943127620298526	0.4899378446701553	0.0
2.9446284502935787	0.4906088375735158	0.0
2.9461292802886314	0.49127844786638425	0.0
2.947630110283684	0.4919466651583589	0.0
2.9491309402787373	0.4926134790871809	0.0
2.9506317702737896	0.49327887931881514	0.0
2.952132600268843	0.4939428555476323	0.0
2.9536334302638956	0.4946053974966272	0.0
2.9551342602589483	0.4952664949176919	0.0
2.956635090254001	0.49592613759166493	0.0
2.958135920249054	0.4965843153286107	0.0
2.9596367502441066	0.4972410179679536	0.0
2.9611375802391593	0.49789623537868266	0.0
2.962638410234212	0.4985499574595203	0.0
2.9641392402292652	0.49920217413914636	0.0
2.9656400702243175	0.49985287537635353	0.0
2.9671409002193707	0.5005020511602749	0.0
2.9686417302144235	0.501149691510484	0.0
2.970142560209476	0.5017957864772745	0.0
2.971643390204529	0.5024403261417806	0.0
2.9731442201995817	0.5030833006161839	0.0
2.974645050194635	0.5037247000439173	0.0
2.976145880189687	0.504364514599815	0.0
2.9776467101847404	0.505002734490315	0.0
2.979147540179793	0.505639349953649	0.0
2.9806483701748454	0.5062743512599706	0.0
2.9821492001698986	0.5069077287116254	0.0
2.9836500301649513	0.5075394726432811	0.0
2.985150860160004	0.5081695734221089	0.0
2.986651690155057	0.5087980214480046	0.0
2.9881525201501096	0.5094248071536845	0.0
2.9896533501451628	0.5100499210049833	0.0
2.991154180140215	0.5106733535009318	0.0
2.9926550101352682	0.511295095173999	0.0
2.994155840130321	0.5119151365902496	0.0
2.9956566701253737	0.5125334683495328	0.0
2.9971575001204265	0.5131500810856672	0.0
2.998658330115479	0.5137649654665489	0.0
3.000159160110532	0.5143781121944702	0.0
