0.0	0.9999977475125932	0.0
0.0015008299950527925	0.9999909900912205	0.0
0.003001659990105585	0.9999797278579877	0.0
0.004502489985158378	0.999963961016636	0.0
0.00600331998021117	0.9999436898527596	0.0
0.0075041499752639615	0.9999189147340198	0.0
0.009004979970316756	0.9998896361107414	0.0
0.010505809965369548	0.9998558545172402	0.0
0.01200663996042234	0.999817570571933	0.0
0.01350746995547513	0.9997747849768847	0.0
0.015008299950527923	0.9997274985178548	0.0
0.016509129945580715	0.9996757120654877	0.0
0.01800995994063351	0.9996194265762798	0.0
0.019510789935686303	0.999558643093647	0.0
0.021011619930739096	0.9994933627489188	0.0
0.022512449925791888	0.9994235867621589	0.0
0.02401327992084468	0.9993493164441385	0.0
0.02551410991589747	0.9992705532020157	0.0
0.02701493991095026	0.9991872985463055	0.0
0.028515769906003054	0.9990995540957491	0.0
0.030016599901055846	0.9990073215792274	0.0
0.03151742989610864	0.9989106028281404	0.0
0.03301825989116143	0.9988093997659995	0.0
0.03451908988621422	0.9987037144058718	0.0
0.03601991988126702	0.9985935488503306	0.0
0.037520749876319814	0.9984789052913807	0.0
0.03902157987137261	0.9983597860103566	0.0
0.0405224098664254	0.998236193377759	0.0
0.04202323986147819	0.9981081298532606	0.0
0.043524069856530984	0.9979755979858378	0.0
0.045024899851583776	0.9978386004136278	0.0
0.04652572984663657	0.99769713986372	0.0
0.04802655984168936	0.9975512191521698	0.0
0.04952738983674215	0.9974008411839388	0.0
0.05102821983179494	0.9972460089528438	0.0
0.05252904982684774	0.997086725541629	0.0
0.05402987982190052	0.9969229941217145	0.0
0.05553070981695332	0.9967548179530925	0.0
0.05703153981200611	0.9965822003843227	0.0
0.05853236980705891	0.9964051448524511	0.0
0.06003319980211169	0.9962236548829606	0.0
0.06153402979716449	0.9960377340897049	0.0
0.06303485979221728	0.9958473861748426	0.0
0.06453568978727008	0.9956526149287555	0.0
0.06603651978232286	0.9954534242297748	0.0
0.06753734977737566	0.9952498180445046	0.0
0.06903817977242845	0.9950418004273761	0.0
0.07053900976748124	0.9948293755206731	0.0
0.07203983976253404	0.9946125475544608	0.0
0.07354066975758683	0.9943913208465608	0.0
0.07504149975263963	0.9941656998022685	0.0
0.07654232974769241	0.993935688914466	0.0
0.07804315974274521	0.993701292763497	0.0
0.079543989737798	0.993462516016952	0.0
0.0810448197328508	0.9932193634296024	0.0
0.08254564972790358	0.9929718398434357	0.0
0.08404647972295638	0.9927199501873907	0.0
0.08554730971800917	0.9924636994772978	0.0
0.08704813971306197	0.9922030928158638	0.0
0.08854896970811475	0.9919381353923871	0.0
0.09004979970316755	0.9916688324829321	0.0
0.09155062969822034	0.9913951894498946	0.0
0.09305145969327314	0.9911172117421446	0.0
0.09455228968832592	0.990834904894719	0.0
0.09605311968337872	0.9905482745289014	0.0
0.0975539496784315	0.9902573263519455	0.0
0.0990547796734843	0.9899620661569998	0.0
0.10055560966853709	0.9896624998229299	0.0
0.10205643966358988	0.989358633314369	0.0
0.10355726965864268	0.989050472681399	0.0
0.10505809965369547	0.9887380240594952	0.0
0.10655892964874826	0.9884212936695732	0.0
0.10805975964380105	0.9881002878175601	0.0
0.10956058963885383	0.987775012894351	0.0
0.11106141963390664	0.9874454753757401	0.0
0.11256224962895943	0.9871116818223392	0.0
0.11406307962401221	0.9867736388793441	0.0
0.115563909619065	0.9864313532764161	0.0
0.11706473961411781	0.9860848318274646	0.0
0.1185655696091706	0.9857340814306229	0.0
0.12006639960422338	0.9853791090680899	0.0
0.1215672295992762	0.9850199218059742	0.0
0.12306805959432898	0.9846565267939225	0.0
0.12456888958938177	0.9842889312653575	0.0
0.12606971958443455	0.9839171425371043	0.0
0.12757054957948735	0.9835411680092679	0.0
0.12907137957454015	0.9831610151649218	0.0
0.13057220956959295	0.9827766915702176	0.0
0.13207303956464572	0.9823882048741996	0.0
0.13357386955969852	0.9819955628083895	0.0
0.13507469955475132	0.9815987731868052	0.0
0.1365755295498041	0.9811978439057878	0.0
0.1380763595448569	0.9807927829438676	0.0
0.1395771895399097	0.9803835983614911	0.0
0.1410780195349625	0.9799702983008797	0.0
0.14257884953001526	0.9795528909858813	0.0
0.1440796795250681	0.9791313847218207	0.0
0.14558050952012086	0.9787057878952832	0.0
0.14708133951517366	0.9782761089739076	0.0
0.14858216951022643	0.9778423565062497	0.0
0.15008299950527926	0.9774045391214807	0.0
0.15158382950033203	0.9769626655295228	0.0
0.15308465949538483	0.9765167445205446	0.0
0.1545854894904376	0.9760667849648809	0.0
0.15608631948549043	0.9756127958127713	0.0
0.1575871494805432	0.975154786094275	0.0
0.159087979475596	0.9746927649190625	0.0
0.16058880947064877	0.974226741476186	0.0
0.1620896394657016	0.9737567250338529	0.0
0.16359046946075437	0.973282724939282	0.0
0.16509129945580717	0.972804750618471	0.0
0.16659212945085994	0.9723228115759485	0.0
0.16809295944591277	0.9718369173947127	0.0
0.16959378944096554	0.971347077735953	0.0
0.17109461943601834	0.9708533023387185	0.0
0.17259544943107114	0.9703556010197896	0.0
0.17409627942612393	0.969853983673534	0.0
0.1755971094211767	0.9693484602716932	0.0
0.1770979394162295	0.9688390408631281	0.0
0.1785987694112823	0.9683257355734497	0.0
0.1800995994063351	0.9678085546050263	0.0
0.18160042940138788	0.9672875082366427	0.0
0.18310125939644067	0.9667626068233278	0.0
0.18460208939149347	0.9662338607961262	0.0
0.18610291938654627	0.9657012806618877	0.0
0.18760374938159904	0.9651648770028477	0.0
0.18910457937665184	0.9646246604766453	0.0
0.19060540937170464	0.9640806418160498	0.0
0.19210623936675744	0.9635328318286017	0.0
0.1936070693618102	0.9629812413964691	0.0
0.195107899356863	0.9624258814762318	0.0
0.1966087293519158	0.9618667630984566	0.0
0.1981095593469686	0.9613038973677125	0.0
0.19961038934202138	0.9607372954622099	0.0
0.20111121933707418	0.960166968633559	0.0
0.20261204933212695	0.9595929282065281	0.0
0.20411287932717975	0.9590151855787382	0.0
0.20561370932223258	0.958433752220444	0.0
0.20711453931728535	0.957848639674366	0.0
0.20861536931233815	0.957259859555339	0.0
0.21011619930739095	0.9566674235501289	0.0
0.21161702930244372	0.9560713434170703	0.0
0.21311785929749652	0.9554716309860036	0.0
0.2146186892925493	0.9548682981577616	0.0
0.2161195192876021	0.954261356904053	0.0
0.21762034928265492	0.9536508192671889	0.0
0.21912117927770766	0.9530366973597921	0.0
0.2206220092727605	0.9524190033645562	0.0
0.2221228392678133	0.9517977495339512	0.0
0.22362366926286606	0.9511729481900055	0.0
0.22512449925791886	0.9505446117239408	0.0
0.22662532925297169	0.9499127525960099	0.0
0.22812615924802443	0.9492773833350933	0.0
0.22962698924307726	0.9486385165385395	0.0
0.23112781923813	0.9479961648718244	0.0
0.23262864923318283	0.9473503410682523	0.0
0.23412947922823563	0.9467010579287823	0.0
0.2356303092232884	0.9460483283215931	0.0
0.2371311392183412	0.9453921651819358	0.0
0.238631969213394	0.9447325815117538	0.0
0.24013279920844677	0.9440695903794488	0.0
0.2416336292034996	0.9434032049195421	0.0
0.2431344591985524	0.942733438332376	0.0
0.24463528919360517	0.9420603038839374	0.0
0.24613611918865796	0.9413838149054943	0.0
0.24763694918371074	0.940703984793197	0.0
0.24913777917876354	0.9400208270079312	0.0
0.25063860917381636	0.9393343550749348	0.0
0.2521394391688691	0.9386445825835172	0.0
0.2536402691639219	0.9379515231867871	0.0
0.2551410991589747	0.9372551906013653	0.0
0.2566419291540275	0.9365555986070088	0.0
0.2581427591490803	0.9358527610463278	0.0
0.25964358914413305	0.9351466918245098	0.0
0.2611444191391859	0.9344374049090056	0.0
0.2626452491342387	0.9337249143291535	0.0
0.26414607912929144	0.9330092341758983	0.0
0.26564690912434424	0.9322903786016656	0.0
0.26714773911939704	0.931568361819677	0.0
0.26864856911444984	0.9308431981039093	0.0
0.27014939910950264	0.9301149017887089	0.0
0.27165022910455544	0.9293834872684116	0.0
0.2731510590996082	0.9286489689971158	0.0
0.27465188909466104	0.9279113614883336	0.0
0.2761527190897138	0.927170679314646	0.0
0.2776535490847666	0.9264269371073067	0.0
0.2791543790798194	0.9256801495560343	0.0
0.2806552090748722	0.9249303314087319	0.0
0.282156039069925	0.9241774974709582	0.0
0.2836568690649778	0.9234216626056863	0.0
0.2851576990600305	0.9226628417330569	0.0
0.2866585290550834	0.9219010498299691	0.0
0.2881593590501362	0.9211363019297735	0.0
0.2896601890451889	0.9203686131219404	0.0
0.2911610190402417	0.9195979985516799	0.0
0.2926618490352945	0.9188244734196399	0.0
0.2941626790303473	0.9180480529815295	0.0
0.2956635090254001	0.9172687525478566	0.0
0.29716433902045286	0.9164865874835412	0.0
0.2986651690155057	0.9157015732074846	0.0
0.3001659990105585	0.9149137251924618	0.0
0.30166682900561126	0.914123058964564	0.0
0.30316765900066406	0.9133295901029165	0.0
0.30466848899571686	0.9125333342393308	0.0
0.30616931899076966	0.9117343070579274	0.0
0.30767014898582246	0.910932524294921	0.0
0.3091709789808752	0.9101280017380524	0.0
0.31067180897592805	0.9093207552264556	0.0
0.31217263897098085	0.9085108006501883	0.0
0.3136734689660336	0.9076981539498867	0.0
0.3151742989610864	0.9068828311164183	0.0
0.3166751289561392	0.9060648481905581	0.0
0.318175958951192	0.905244221262546	0.0
0.3196767889462448	0.904420966471857	0.0
0.32117761894129754	0.9035951000067338	0.0
0.3226784489363504	0.9027666381039133	0.0
0.3241792789314032	0.9019355970482184	0.0
0.32568010892645594	0.9011019931721834	0.0
0.32718093892150873	0.900265842855801	0.0
0.32868176891656153	0.8994271625259828	0.0
0.33018259891161433	0.898585968656274	0.0
0.33168342890666713	0.8977422777665562	0.0
0.3331842589017199	0.896896106422628	0.0
0.3346850888967727	0.8960474712358569	0.0
0.33618591889182553	0.8951963888627198	0.0
0.3376867488868783	0.8943428760046525	0.0
0.3391875788819311	0.8934869494074043	0.0
0.3406884088769839	0.8926286258608741	0.0
0.34218923887203667	0.891767922198683	0.0
0.34369006886708947	0.8909048552977882	0.0
0.34519089886214227	0.8900394420781172	0.0
0.346691728857195	0.889171699502233	0.0
0.34819255885224787	0.8883016445748453	0.0
0.3496933888473006	0.8874292943425761	0.0
0.3511942188423534	0.8865546658935737	0.0
0.3526950488374062	0.8856777763570344	0.0
0.354195878832459	0.8847986429028902	0.0
0.3556967088275118	0.8839172827414875	0.0
0.3571975388225646	0.8830337131230885	0.0
0.35869836881761735	0.8821479513376107	0.0
0.3601991988126702	0.8812600147142228	0.0
0.361700028807723	0.880369920620877	0.0
0.36320085880277575	0.8794776864640401	0.0
0.36470168879782855	0.8785833296882888	0.0
0.36620251879288135	0.8776868677758572	0.0
0.36770334878793415	0.8767883182463619	0.0
0.36920417878298695	0.8758876986563545	0.0
0.3707050087780397	0.8749850265990298	0.0
0.37220583877309255	0.87408031970366	0.0
0.37370666876814534	0.8731735956353969	0.0
0.3752074987631981	0.872264872094853	0.0
0.3767083287582509	0.8713541668176434	0.0
0.3782091587533037	0.8704414975740722	0.0
0.3797099887483565	0.8695268821686989	0.0
0.3812108187434093	0.8686103384399836	0.0
0.38271164873846203	0.8676918842598913	0.0
0.3842124787335149	0.8667715375335531	0.0
0.3857133087285677	0.8658493161987674	0.0
0.3872141387236204	0.8649252382258225	0.0
0.38871496871867317	0.8639993216168688	0.0
0.390215798713726	0.8630715844056772	0.0
0.3917166287087788	0.8621420446572546	0.0
0.3932174587038316	0.8612107204673821	0.0
0.3947182886988844	0.8602776299622952	0.0
0.3962191186939372	0.8593427912982755	0.0
0.39771994868898997	0.8584062226612411	0.0
0.39922077868404277	0.8574679422663659	0.0
0.40072160867909556	0.8565279683577782	0.0
0.40222243867414836	0.8555863192080227	0.0
0.4037232686692012	0.8546430131177742	0.0
0.4052240986642539	0.8536980684154379	0.0
0.4067249286593067	0.8527515034567642	0.0
0.4082257586543595	0.8518033366244345	0.0
0.40972658864941236	0.8508535863276733	0.0
0.41122741864446516	0.8499022710018639	0.0
0.41272824863951796	0.8489494091082419	0.0
0.4142290786345707	0.8479950191333439	0.0
0.4157299086296235	0.8470391195887683	0.0
0.4172307386246763	0.8460817290106967	0.0
0.4187315686197291	0.8451228659595215	0.0
0.4202323986147819	0.8441625490195572	0.0
0.42173322860983464	0.843200796798534	0.0
0.42323405860488744	0.8422376279272172	0.0
0.42473488859994024	0.8412730610590121	0.0
0.42623571859499304	0.840307114869697	0.0
0.42773654859004584	0.8393398080569086	0.0
0.4292373785850986	0.8383711593398135	0.0
0.4307382085801514	0.8374011874586701	0.0
0.4322390385752042	0.8364299111745025	0.0
0.43373986857025704	0.8354573492686486	0.0
0.43524069856530984	0.8344835205424468	0.0
0.43674152856036264	0.8335084438168112	0.0
0.4382423585554153	0.8325321379317648	0.0
0.4397431885504682	0.8315546217461822	0.0
0.441244018545521	0.8305759141373545	0.0
0.4427448485405738	0.8295960340005952	0.0
0.4442456785356266	0.8286150002487959	0.0
0.4457465085306793	0.8276328318121767	0.0
0.4472473385257321	0.8266495476377946	0.0
0.4487481685207849	0.8256651666891706	0.0
0.4502489985158377	0.8246797079459187	0.0
0.4517498285108905	0.823693190403336	0.0
0.45325065850594337	0.8227056330720821	0.0
0.45475148850099606	0.8217170549777238	0.0
0.45625231849604886	0.8207274751603826	0.0
0.45775314849110166	0.8197369126743458	0.0
0.4592539784861545	0.8187453865876453	0.0
0.4607548084812073	0.8177529159817329	0.0
0.46225563847626	0.8167595199510648	0.0
0.46375646847131285	0.8157652176027498	0.0
0.46525729846636565	0.8147700280560738	0.0
0.46675812846141845	0.8137739704422353	0.0
0.46825895845647125	0.812777063903875	0.0
0.46975978845152405	0.8117793275947267	0.0
0.4712606184465768	0.810780780679288	0.0
0.4727614484416296	0.8097814423323225	0.0
0.4742622784366824	0.8087813317385797	0.0
0.4757631084317352	0.8077804680923157	0.0
0.477263938426788	0.806778870597051	0.0
0.47876476842184074	0.8057765584650509	0.0
0.48026559841689354	0.8047735509169978	0.0
0.48176642841194633	0.803769867181674	0.0
0.4832672584069992	0.8027655264954887	0.0
0.484768088402052	0.8017605481021188	0.0
0.4862689183971048	0.8007549512521955	0.0
0.4877697483921575	0.7997487552028074	0.0
0.48927057838721033	0.7987419792172339	0.0
0.49077140838226313	0.7977346425645362	0.0
0.49227223837731593	0.7967267645191473	0.0
0.49377306837236873	0.7957183643605439	0.0
0.4952738983674215	0.7947094613728262	0.0
0.49677472836247427	0.7937000748443535	0.0
0.49827555835752707	0.7926902240673734	0.0
0.49977638835257987	0.7916799283376569	0.0
0.5012772183476327	0.7906692069541377	0.0
0.5027780483426855	0.789658079218489	0.0
0.5042788783377382	0.7886465644348181	0.0
0.5057797083327911	0.7876346819091712	0.0
0.5072805383278438	0.786622450949313	0.0
0.5087813683228967	0.7856098908642403	0.0
0.5102821983179494	0.7845970209639038	0.0
0.5117830283130022	0.7835838605587314	0.0
0.513283858308055	0.7825704289593788	0.0
0.5147846883031078	0.7815567454762322	0.0
0.5162855182981606	0.7805428294191072	0.0
0.5177863482932135	0.7795287000969259	0.0
0.5192871782882661	0.7785143768171903	0.0
0.520788008283319	0.7774998788857974	0.0
0.5222888382783718	0.7764852256065856	0.0
0.5237896682734245	0.775470436280954	0.0
0.5252904982684774	0.7744555302075288	0.0
0.5267913282635301	0.7734405266817572	0.0
0.5282921582585829	0.7724254449955896	0.0
0.5297929882536357	0.7714103044371112	0.0
0.5312938182486885	0.7703951242901165	0.0
0.5327946482437413	0.7693799238337945	0.0
0.5342954782387941	0.7683647223423573	0.0
0.5357963082338468	0.7673495390847435	0.0
0.5372971382288997	0.7663343933240993	0.0
0.5387979682239524	0.7653193043175318	0.0
0.5402987982190053	0.764304291315724	0.0
0.5417996282140581	0.7632893735625713	0.0
0.5433004582091109	0.7622745702948247	0.0
0.5448012882041636	0.7612599007417107	0.0
0.5463021181992164	0.7602453841245822	0.0
0.5478029481942692	0.7592310396565787	0.0
0.5493037781893221	0.7582168865422774	0.0
0.5508046081843748	0.7572029439772917	0.0
0.5523054381794276	0.7561892311479138	0.0
0.5538062681744804	0.7551757672307781	0.0
0.5553070981695332	0.7541625713925227	0.0
0.556807928164586	0.753149662789386	0.0
0.5583087581596388	0.7521370605669295	0.0
0.5598095881546916	0.7511247838595816	0.0
0.5613104181497444	0.750112851790359	0.0
0.5628112481447971	0.7491012834705059	0.0
0.56431207813985	0.7480900979990214	0.0
0.5658129081349027	0.7470793144625731	0.0
0.5673137381299556	0.7460689519348462	0.0
0.5688145681250083	0.7450590294763673	0.0
0.570315398120061	0.7440495661341441	0.0
0.5718162281151139	0.7430405809412292	0.0
0.5733170581101668	0.7420320929164861	0.0
0.5748178881052195	0.7410241210640813	0.0
0.5763187181002724	0.740016684373312	0.0
0.5778195480953251	0.7390098018181399	0.0
0.5793203780903778	0.7380034923568599	0.0
0.5808212080854307	0.7369977749318147	0.0
0.5823220380804834	0.7359926684689643	0.0
0.5838228680755363	0.7349881918776241	0.0
0.585323698070589	0.7339843640500351	0.0
0.5868245280656418	0.7329812038610652	0.0
0.5883253580606946	0.7319787301678624	0.0
0.5898261880557474	0.7309769618095067	0.0
0.5913270180508002	0.7299759176066557	0.0
0.592827848045853	0.7289756163612064	0.0
0.5943286780409057	0.7279760768559705	0.0
0.5958295080359586	0.7269773178542973	0.0
0.5973303380310114	0.7259793580997519	0.0
0.5988311680260642	0.7249822163157935	0.0
0.600331998021117	0.723985911205385	0.0
0.6018328280161698	0.7229904614507024	0.0
0.6033336580112225	0.7219958857127793	0.0
0.6048344880062754	0.7210022026311236	0.0
0.6063353180013281	0.720009430823443	0.0
0.607836147996381	0.7190175888852353	0.0
0.6093369779914337	0.7180266953896027	0.0
0.6108378079864865	0.7170367688867281	0.0
0.6123386379815393	0.7160478279036231	0.0
0.6138394679765921	0.7150598909438043	0.0
0.6153402979716449	0.7140729764868966	0.0
0.6168411279666978	0.713087102988389	0.0
0.6183419579617504	0.712102288879238	0.0
0.6198427879568033	0.7111185525655287	0.0
0.6213436179518561	0.7101359124281669	0.0
0.6228444479469089	0.7091543868225406	0.0
0.6243452779419617	0.7081739940781776	0.0
0.6258461079370145	0.7071947524983901	0.0
0.6273469379320672	0.7062166803600484	0.0
0.62884776792712	0.7052397959130872	0.0
0.6303485979221728	0.704264117380319	0.0
0.6318494279172256	0.703289662956993	0.0
0.6333502579122784	0.7023164508105634	0.0
0.6348510879073311	0.7013444990803115	0.0
0.636351917902384	0.7003738258769696	0.0
0.6378527478974367	0.6994044492824923	0.0
0.6393535778924896	0.6984363873496241	0.0
0.6408544078875424	0.6974696581016796	0.0
0.6423552378825951	0.6965042795321366	0.0
0.6438560678776479	0.6955402696043333	0.0
0.6453568978727008	0.6945776462511118	0.0
0.6468577278677535	0.6936164273745762	0.0
0.6483585578628064	0.6926566308457134	0.0
0.6498593878578591	0.6916982745040289	0.0
0.6513602178529119	0.6907413761573051	0.0
0.6528610478479647	0.6897859535811841	0.0
0.6543618778430175	0.6888320245189345	0.0
0.6558627078380703	0.6878796066810715	0.0
0.6573635378331231	0.6869287177450871	0.0
0.6588643678281758	0.6859793753550608	0.0
0.6603651978232287	0.6850315971213988	0.0
0.6618660278182814	0.684085400620481	0.0
0.6633668578133343	0.6831408033943493	0.0
0.6648676878083871	0.6821978229503616	0.0
0.6663685178034398	0.6812564767609224	0.0
0.6678693477984926	0.680316782263102	0.0
0.6693701777935454	0.6793787568583901	0.0
0.6708710077885982	0.6784424179123449	0.0
0.6723718377836511	0.6775077827542417	0.0
0.6738726677787038	0.6765748686768046	0.0
0.6753734977737565	0.6756436929358944	0.0
0.6768743277688094	0.6747142727501818	0.0
0.6783751577638621	0.6737866253007836	0.0
0.679875987758915	0.6728607677309707	0.0
0.6813768177539677	0.671936717145931	0.0
0.6828776477490205	0.6710144906123309	0.0
0.6843784777440733	0.6700941051581375	0.0
0.6858793077391261	0.6691755777721873	0.0
0.6873801377341789	0.6682589254039265	0.0
0.6888809677292317	0.6673441649630987	0.0
0.6903817977242845	0.6664313133194406	0.0
0.6918826277193373	0.6655203873023781	0.0
0.69338345771439	0.6646114037006491	0.0
0.6948842877094429	0.6637043792620996	0.0
0.6963851177044957	0.6627993306932956	0.0
0.6978859476995485	0.661896274659245	0.0
0.6993867776946012	0.6609952277830669	0.0
0.7008876076896541	0.6600962066457166	0.0
0.7023884376847068	0.6591992277856698	0.0
0.7038892676797597	0.6583043076986045	0.0
0.7053900976748124	0.6574114628371436	0.0
0.7068909276698653	0.6565207096104576	0.0
0.708391757664918	0.6556320643840243	0.0
0.7098925876599708	0.6547455434793208	0.0
0.7113934176550236	0.6538611631735188	0.0
0.7128942476500764	0.6529789396991652	0.0
0.7143950776451292	0.652098889243899	0.0
0.715895907640182	0.6512210279501865	0.0
0.7173967376352347	0.6503453719149046	0.0
0.7188975676302876	0.649471937189181	0.0
0.7203983976253404	0.6486007397779896	0.0
0.7218992276203932	0.6477317956398839	0.0
0.723400057615446	0.6468651206867222	0.0
0.7249008876104988	0.6460007307833794	0.0
0.7264017176055515	0.6451386417474011	0.0
0.7279025476006044	0.6442788693487422	0.0
0.7294033775956571	0.6434214293094401	0.0
0.73090420759071	0.6425663373033539	0.0
0.7324050375857627	0.641713608955868	0.0
0.7339058675808154	0.6408632598436372	0.0
0.7354066975758683	0.6400153054941418	0.0
0.736907527570921	0.6391697613855822	0.0
0.7384083575659739	0.6383266429464776	0.0
0.7399091875610266	0.6374859655554449	0.0
0.7414100175560794	0.6366477445408106	0.0
0.7429108475511322	0.6358119951804048	0.0
0.7444116775461851	0.6349787327012915	0.0
0.7459125075412378	0.6341479722793795	0.0
0.7474133375362907	0.6333197290392631	0.0
0.7489141675313434	0.6324940180538173	0.0
0.7504149975263962	0.6316708543439589	0.0
0.751915827521449	0.6308502528784542	0.0
0.7534166575165018	0.6300322285734301	0.0
0.7549174875115546	0.6292167962923177	0.0
0.7564183175066074	0.6284039708454215	0.0
0.7579191475016601	0.6275937669896989	0.0
0.759419977496713	0.6267861994284424	0.0
0.7609208074917657	0.6259812828110293	0.0
0.7624216374868186	0.6251790317326685	0.0
0.7639224674818714	0.6243794607340445	0.0
0.7654232974769241	0.6235825843011495	0.0
0.7669241274719769	0.6227884168649214	0.0
0.7684249574670298	0.6219969728009765	0.0
0.7699257874620825	0.621208266429383	0.0
0.7714266174571354	0.6204223120143496	0.0
0.772927447452188	0.6196391237639495	0.0
0.7744282774472409	0.6188587158299074	0.0
0.7759291074422937	0.6180811023072467	0.0
0.7774299374373463	0.6173062972341149	0.0
0.7789307674323993	0.6165343145914002	0.0
0.780431597427452	0.6157651683026014	0.0
0.7819324274225049	0.6149988722333677	0.0
0.7834332574175576	0.6142354401914842	0.0
0.7849340874126104	0.6134748859264254	0.0
0.7864349174076632	0.6127172231291629	0.0
0.787935747402716	0.6119624654318804	0.0
0.7894365773977688	0.61121062640768	0.0
0.7909374073928216	0.6104617195704285	0.0
0.7924382373878744	0.6097157583743862	0.0
0.7939390673829272	0.6089727562140463	0.0
0.7954398973779799	0.6082327264237756	0.0
0.7969407273730328	0.6074956822776499	0.0
0.7984415573680855	0.6067616369891563	0.0
0.7999423873631384	0.6060306037109199	0.0
0.8014432173581911	0.6053025955345586	0.0
0.8029440473532439	0.6045776254902946	0.0
0.8044448773482967	0.6038557065467739	0.0
0.8059457073433495	0.6031368516107961	0.0
0.8074465373384024	0.6024210735271146	0.0
0.8089473673334551	0.6017083850781454	0.0
0.8104481973285078	0.6009987989837295	0.0
0.8119490273235607	0.6002923279009016	0.0
0.8134498573186134	0.5995889844236525	0.0
0.8149506873136664	0.5988887810826735	0.0
0.816451517308719	0.5981917303451181	0.0
0.8179523473037718	0.5974978446143854	0.0
0.8194531772988247	0.5968071362298741	0.0
0.8209540072938774	0.5961196174667077	0.0
0.8224548372889303	0.5954353005355412	0.0
0.8239556672839831	0.59475419758238	0.0
0.8254564972790359	0.5940763206881944	0.0
0.8269573272740887	0.5934016818688858	0.0
0.8284581572691414	0.5927302930748827	0.0
0.8299589872641943	0.5920621661910077	0.0
0.831459817259247	0.5913973130362462	0.0
0.8329606472542999	0.5907357453635065	0.0
0.8344614772493526	0.5900774748594163	0.0
0.8359623072444053	0.5894225131440748	0.0
0.8374631372394582	0.5887708717708502	0.0
0.8389639672345109	0.5881225622261258	0.0
0.8404647972295638	0.5874775959291466	0.0
0.8419656272246165	0.5868359842317551	0.0
0.8434664572196693	0.5861977384182185	0.0
0.8449672872147221	0.5855628697049432	0.0
0.8464681172097749	0.5849313892403419	0.0
0.8479689472048277	0.5843033081046206	0.0
0.8494697771998805	0.5836786373094751	0.0
0.8509706071949332	0.5830573877980159	0.0
0.8524714371899861	0.5824395704444839	0.0
0.8539722671850388	0.5818251960540587	0.0
0.8554730971800917	0.5812142753626959	0.0
0.8569739271751444	0.5806068190368474	0.0
0.8584747571701972	0.5800028376733456	0.0
0.85997558716525	0.579402341799149	0.0
0.8614764171603028	0.5788053418712097	0.0
0.8629772471553557	0.5782118482762463	0.0
0.8644780771504084	0.5776218713305015	0.0
0.8659789071454613	0.5770354212796598	0.0
0.8674797371405141	0.5764525082985216	0.0
0.8689805671355667	0.5758731424909997	0.0
0.8704813971306197	0.5752973338897576	0.0
0.8719822271256723	0.5747250924561264	0.0
0.8734830571207253	0.5741564280798547	0.0
0.874983887115778	0.5735913505790599	0.0
0.8764847171108306	0.5730298696999198	0.0
0.8779855471058836	0.572471995116491	0.0
0.8794863771009364	0.5719177364306617	0.0
0.8809872070959892	0.5713671031718757	0.0
0.882488037091042	0.5708201047969793	0.0
0.8839888670860947	0.570276750690058	0.0
0.8854896970811476	0.5697370501622838	0.0
0.8869905270762003	0.5692010124517733	0.0
0.8884913570712532	0.5686686467233295	0.0
0.8899921870663059	0.5681399620683942	0.0
0.8914930170613586	0.5676149675048439	0.0
0.8929938470564115	0.567093671976796	0.0
0.8944946770514642	0.5665760843544874	0.0
0.8959955070465171	0.5660622134341023	0.0
0.8974963370415698	0.5655520679376841	0.0
0.8989971670366227	0.5650456565129064	0.0
0.9004979970316754	0.5645429877329784	0.0
0.9019988270267282	0.5640440700964512	0.0
0.903499657021781	0.5635489120270805	0.0
0.9050004870168338	0.5630575218737257	0.0
0.9065013170118867	0.5625699079102384	0.0
0.9080021470069394	0.5620860783352488	0.0
0.9095029770019921	0.5616060412719674	0.0
0.911003806997045	0.5611298047682431	0.0
0.9125046369920977	0.5606573767962691	0.0
0.9140054669871507	0.5601887652525438	0.0
0.9155062969822033	0.5597239779576972	0.0
0.9170071269772561	0.5592630226563555	0.0
0.918507956972309	0.5588059070170525	0.0
0.9200087869673617	0.558352638632085	0.0
0.9215096169624146	0.5579032250173918	0.0
0.9230104469574674	0.5574576736124744	0.0
0.92451127695252	0.5570159917802184	0.0
0.926012106947573	0.5565781868068088	0.0
0.9275129369426257	0.5561442659016537	0.0
0.9290137669376786	0.5557142361971862	0.0
0.9305145969327313	0.5552881047488403	0.0
0.932015426927784	0.554865878534906	0.0
0.9335162569228369	0.5544475644564498	0.0
0.9350170869178897	0.5540331693371746	0.0
0.9365179169129425	0.5536226999233164	0.0
0.9380187469079952	0.5532161628836466	0.0
0.9395195769030481	0.5528135648092569	0.0
0.9410204068981008	0.5524149122134753	0.0
0.9425212368931536	0.5520202115318786	0.0
0.9440220668882064	0.5516294691220693	0.0
0.9455228968832592	0.5512426912637062	0.0
0.947023726878312	0.5508598841583137	0.0
0.9485245568733648	0.5504810539292696	0.0
0.9500253868684175	0.5501062066217448	0.0
0.9515262168634704	0.5497353482025082	0.0
0.9530270468585231	0.54936848455994	0.0
0.954527876853576	0.5490056215040121	0.0
0.9560287068486287	0.5486467647660441	0.0
0.9575295368436815	0.5482919199988271	0.0
0.9590303668387343	0.5479410927763773	0.0
0.9605311968337871	0.5475942885940167	0.0
0.96203202682884	0.5472515128681936	0.0
0.9635328568238927	0.5469127709365136	0.0
0.9650336868189454	0.5465780680575839	0.0
0.9665345168139984	0.5462474094110749	0.0
0.968035346809051	0.5459208000975475	0.0
0.969536176804104	0.5455982451384386	0.0
0.9710370067991567	0.5452797494760724	0.0
0.9725378367942096	0.5449653179734828	0.0
0.9740386667892623	0.5446549554145177	0.0
0.975539496784315	0.5443486665036458	0.0
0.9770403267793679	0.5440464558660316	0.0
0.9785411567744207	0.5437483280474	0.0
0.9800419867694735	0.5434542875140923	0.0
0.9815428167645263	0.5431643386529463	0.0
0.983043646759579	0.5428784857712606	0.0
0.9845444767546319	0.5425967330968491	0.0
0.9860453067496846	0.5423190847779285	0.0
0.9875461367447375	0.5420455448830706	0.0
0.9890469667397902	0.5417761174012885	0.0
0.990547796734843	0.5415108062418986	0.0
0.9920486267298958	0.5412496152345574	0.0
0.9935494567249485	0.5409925481291976	0.0
0.9950502867200014	0.5407396085960351	0.0
0.9965511167150541	0.5404908002255526	0.0
0.9980519467101069	0.5402461265285007	0.0
0.9995527767051597	0.5400055909358774	0.0
1.0010536067002125	0.5397691967988641	0.0
1.0025544366952654	0.539536947388871	0.0
1.0040552666903182	0.5393088458975419	0.0
1.005556096685371	0.5390848954366595	0.0
1.0070569266804237	0.5388650990382828	0.0
1.0085577566754764	0.5386494596546263	0.0
1.0100585866705294	0.5384379801580941	0.0
1.0115594166655821	0.5382306633413549	0.0
1.0130602466606349	0.5380275119172151	0.0
1.0145610766556876	0.5378285285187218	0.0
1.0160619066507404	0.537633715699167	0.0
1.0175627366457933	0.537443075932011	0.0
1.019063566640846	0.5372566116110715	0.0
1.0205643966358988	0.5370743250503098	0.0
1.0220652266309516	0.5368962184840304	0.0
1.0235660566260043	0.5367222940668352	0.0
1.0250668866210573	0.5365525538735891	0.0
1.02656771661611	0.5363869998995411	0.0
1.0280685466111628	0.5362256340602725	0.0
1.0295693766062155	0.536068458191808	0.0
1.0310702066012682	0.535915474050495	0.0
1.0325710365963212	0.535766683313186	0.0
1.034071866591374	0.535622087577215	0.0
1.035572696586427	0.5354816883603941	0.0
1.0370735265814794	0.5353454871010711	0.0
1.0385743565765322	0.5352134851582253	0.0
1.0400751865715852	0.5350856838114113	0.0
1.041576016566638	0.5349620842608235	0.0
1.0430768465616909	0.5348426876274126	0.0
1.0445776765567436	0.5347274949528378	0.0
1.0460785065517963	0.5346165071995295	0.0
1.047579336546849	0.5345097252508182	0.0
1.0490801665419018	0.5344071499108691	0.0
1.0505809965369548	0.5343087819048076	0.0
1.0520818265320075	0.5342146218787239	0.0
1.0535826565270603	0.5341246703997723	0.0
1.055083486522113	0.5340389279562212	0.0
1.0565843165171658	0.5339573949574663	0.0
1.0580851465122187	0.5338800717341269	0.0
1.0595859765072715	0.5338069585381133	0.0
1.0610868065023242	0.5337380555426775	0.0
1.062587636497377	0.533673362842433	0.0
1.0640884664924297	0.5336128804534995	0.0
1.0655892964874827	0.5335566083135566	0.0
1.0670901264825354	0.533504546281842	0.0
1.0685909564775882	0.5334566941392915	0.0
1.070091786472641	0.5334130515885741	0.0
1.0715926164676937	0.5333736182542123	0.0
1.0730934464627466	0.533338393682592	0.0
1.0745942764577994	0.5333073773420935	0.0
1.0760951064528521	0.5332805686231105	0.0
1.0775959364479049	0.5332579668382468	0.0
1.0790967664429576	0.5332395712222504	0.0
1.0805975964380106	0.5332253809322013	0.0
1.0820984264330633	0.5332153950475115	0.0
1.0835992564281163	0.5332096125701082	0.0
1.0851000864231688	0.5332080324244536	0.0
1.0866009164182218	0.5332106534576612	0.0
1.0881017464132745	0.5332174744395285	0.0
1.0896025764083273	0.5332284940627158	0.0
1.0911034064033802	0.5332437109428334	0.0
1.0926042363984327	0.5332631236184053	0.0
1.0941050663934857	0.5332867305511351	0.0
1.0956058963885384	0.5333145301258879	0.0
1.0971067263835912	0.5333465206508453	0.0
1.0986075563786442	0.5333827003575761	0.0
1.100108386373697	0.5334230674011691	0.0
1.1016092163687496	0.5334676198602594	0.0
1.1031100463638024	0.5335163557372237	0.0
1.1046108763588551	0.5335692729582667	0.0
1.106111706353908	0.5336263693734502	0.0
1.1076125363489608	0.5336876427569028	0.0
1.1091133663440136	0.5337530908068405	0.0
1.1106141963390663	0.5338227111457695	0.0
1.112115026334119	0.5338965013204876	0.0
1.113615856329172	0.5339744588022696	0.0
1.1151166863242248	0.5340565809870029	0.0
1.1166175163192775	0.5341428651951899	0.0
1.1181183463143303	0.5342333086721748	0.0
1.1196191763093832	0.5343279085882322	0.0
1.121120006304436	0.5344266620386662	0.0
1.1226208362994887	0.5345295660439072	0.0
1.1241216662945415	0.5346366175496605	0.0
1.1256224962895942	0.5347478134270727	0.0
1.1271233262846472	0.5348631504727374	0.0
1.1286241562797	0.5349826254089395	0.0
1.1301249862747527	0.5351062348836954	0.0
1.1316258162698054	0.535233975470912	0.0
1.1331266462648582	0.5353658436705286	0.0
1.1346274762599111	0.5355018359086309	0.0
1.1361283062549639	0.5356419485375176	0.0
1.1376291362500166	0.5357861778359407	0.0
1.1391299662450696	0.5359345200091402	0.0
1.140630796240122	0.536086971189036	0.0
1.142131626235175	0.5362435274343155	0.0
1.1436324562302278	0.5364041847306057	0.0
1.1451332862252805	0.5365689389905834	0.0
1.1466341162203335	0.5367377860541032	0.0
1.1481349462153863	0.5369107216883618	0.0
1.149635776210439	0.5370877415880088	0.0
1.1511366062054917	0.5372688413752761	0.0
1.1526374362005447	0.5374540166001506	0.0
1.1541382661955975	0.5376432627404666	0.0
1.1556390961906502	0.5378365752021047	0.0
1.157139926185703	0.5380339493190791	0.0
1.1586407561807557	0.5382353803536823	0.0
1.1601415861758086	0.5384408634966953	0.0
1.1616424161708614	0.5386503938674025	0.0
1.1631432461659141	0.5388639665139006	0.0
1.1646440761609669	0.539081576413089	0.0
1.1661449061560196	0.5393032184709001	0.0
1.1676457361510726	0.5395288875224242	0.0
1.1691465661461253	0.5397585783320475	0.0
1.170647396141178	0.5399922855936178	0.0
1.1721482261362308	0.5402300039305895	0.0
1.1736490561312836	0.5404717278961356	0.0
1.1751498861263365	0.540717451973378	0.0
1.1766507161213893	0.54096717057542	0.0
1.178151546116442	0.5412208780456204	0.0
1.1796523761114948	0.5414785686576605	0.0
1.1811532061065475	0.5417402366157257	0.0
1.1826540361016005	0.5420058760546803	0.0
1.1841548660966532	0.5422754810401664	0.0
1.185655696091706	0.5425490455688058	0.0
1.187156526086759	0.5428265635683254	0.0
1.1886573560818114	0.543108028897734	0.0
1.1901581860768644	0.5433934353474587	0.0
1.1916590160719172	0.5436827766395259	0.0
1.1931598460669701	0.5439760464276938	0.0
1.1946606760620229	0.544273238297634	0.0
1.1961615060570754	0.5445743457670391	0.0
1.1976623360521284	0.5448793622858821	0.0
1.199163166047181	0.5451882812364549	0.0
1.200663996042234	0.5455010959336052	0.0
1.2021648260372868	0.5458177996248896	0.0
1.2036656560323395	0.5461383854906949	0.0
1.2051664860273923	0.5464628466444371	0.0
1.206667316022445	0.5467911761327102	0.0
1.208168146017498	0.5471233669354933	0.0
1.2096689760125507	0.5474594119662336	0.0
1.2111698060076035	0.5477993040720205	0.0
1.2126706360026562	0.5481430360338377	0.0
1.214171465997709	0.5484906005666251	0.0
1.215672295992762	0.5488419903195139	0.0
1.2171731259878147	0.5491971978759768	0.0
1.2186739559828674	0.5495562157539563	0.0
1.2201747859779202	0.5499190364060574	0.0
1.221675615972973	0.5502856522197297	0.0
1.2231764459680259	0.5506560555174445	0.0
1.2246772759630786	0.5510302385567843	0.0
1.2261781059581316	0.551408193530696	0.0
1.2276789359531841	0.5517899125676349	0.0
1.2291797659482369	0.5521753877317369	0.0
1.2306805959432898	0.5525646110229486	0.0
1.2321814259383426	0.5529575743772757	0.0
1.2336822559333955	0.5533542696668877	0.0
1.235183085928448	0.5537546887002835	0.0
1.2366839159235008	0.5541588232225435	0.0
1.2381847459185538	0.5545666649154336	0.0
1.2396855759136065	0.5549782053975603	0.0
1.2411864059086595	0.5553934362246103	0.0
1.2426872359037122	0.5558123488894907	0.0
1.2441880658987647	0.5562349348224899	0.0
1.2456888958938177	0.5566611853914588	0.0
1.2471897258888704	0.5570910919020162	0.0
1.2486905558839234	0.5575246455977	0.0
1.2501913858789762	0.5579618376601153	0.0
1.251692215874029	0.5584026592091564	0.0
1.2531930458690816	0.55884710130318	0.0
1.2546938758641344	0.5592951549391357	0.0
1.2561947058591874	0.5597468110528169	0.0
1.25769553585424	0.5602020605189761	0.0
1.2591963658492928	0.5606608941515386	0.0
1.2606971958443456	0.5611233027037362	0.0
1.2621980258393983	0.5615892768683606	0.0
1.2636988558344513	0.5620588072778713	0.0
1.265199685829504	0.5625318845046391	0.0
1.2667005158245568	0.5630084990610824	0.0
1.2682013458196095	0.5634886413998366	0.0
1.2697021758146623	0.5639723019139856	0.0
1.2712030058097152	0.5644594709371987	0.0
1.272703835804768	0.5649501387439396	0.0
1.2742046657998207	0.5654442955496692	0.0
1.2757054957948735	0.5659419315109545	0.0
1.2772063257899262	0.5664430367257056	0.0
1.2787071557849792	0.5669476012334024	0.0
1.280207985780032	0.5674556150151988	0.0
1.2817088157750849	0.5679670679941379	0.0
1.2832096457701374	0.5684819500353677	0.0
1.2847104757651902	0.5690002509462728	0.0
1.2862113057602431	0.5695219604766935	0.0
1.2877121357552959	0.5700470683190791	0.0
1.2892129657503488	0.570575564108771	0.0
1.2907137957454016	0.5711074374240818	0.0
1.292214625740454	0.5716426777865249	0.0
1.293715455735507	0.5721812746610229	0.0
1.2952162857305598	0.5727232174560517	0.0
1.2967171157256128	0.5732684955238965	0.0
1.2982179457206655	0.5738170981607671	0.0
1.2997187757157183	0.5743690146070646	0.0
1.301219605710771	0.5749242340475099	0.0
1.3027204357058237	0.5754827456113591	0.0
1.3042212657008767	0.5760445383726172	0.0
1.3057220956959295	0.5766096013502165	0.0
1.3072229256909822	0.5771779235081574	0.0
1.308723755686035	0.5777494937557999	0.0
1.3102245856810877	0.5783243009479869	0.0
1.3117254156761406	0.5789023338853051	0.0
1.3132262456711934	0.5794835813141872	0.0
1.3147270756662461	0.580068031927167	0.0
1.3162279056612989	0.5806556743631044	0.0
1.3177287356563516	0.5812464972072962	0.0
1.3192295656514046	0.5818404889917737	0.0
1.3207303956464573	0.5824376381954134	0.0
1.32223122564151	0.5830379332442133	0.0
1.3237320556365628	0.5836413625114696	0.0
1.3252328856316156	0.5842479143179329	0.0
1.3267337156266685	0.5848575769320169	0.0
1.3282345456217213	0.5854703385700727	0.0
1.3297353756167742	0.586086187396521	0.0
1.3312362056118268	0.5867051115240706	0.0
1.3327370356068795	0.5873270990139563	0.0
1.3342378656019325	0.5879521378760799	0.0
1.3357386955969852	0.5885802160692566	0.0
1.3372395255920382	0.589211321501444	0.0
1.3387403555870907	0.589845442029887	0.0
1.3402411855821437	0.5904825654614201	0.0
1.3417420155771964	0.5911226795525155	0.0
1.3432428455722492	0.5917657720096592	0.0
1.3447436755673021	0.5924118304894358	0.0
1.3462445055623549	0.5930608425988201	0.0
1.3477453355574076	0.5937127958953866	0.0
1.3492461655524604	0.5943676778874402	0.0
1.350746995547513	0.5950254760343097	0.0
1.352247825542566	0.595686177746513	0.0
1.3537486555376188	0.5963497703860101	0.0
1.3552494855326715	0.5970162412663719	0.0
1.3567503155277243	0.5976855776530101	0.0
1.358251145522777	0.5983577667634549	0.0
1.35975197551783	0.5990327957674269	0.0
1.3612528055128827	0.599710651787222	0.0
1.3627536355079355	0.6003913218978291	0.0
1.3642544655029882	0.6010747931271561	0.0
1.365755295498041	0.6017610524562352	0.0
1.367256125493094	0.6024500868195527	0.0
1.3687569554881467	0.6031418831050963	0.0
1.3702577854831994	0.6038364281547146	0.0
1.3717586154782522	0.6045337087643178	0.0
1.3732594454733051	0.605233711684005	0.0
1.3747602754683579	0.6059364236184072	0.0
1.3762611054634106	0.6066418312268496	0.0
1.3777619354584634	0.6073499211235814	0.0
1.3792627654535161	0.6080606798780674	0.0
1.380763595448569	0.6087740940150603	0.0
1.3822644254436218	0.6094901500149724	0.0
1.3837652554386746	0.6102088343141111	0.0
1.3852660854337275	0.6109301333047993	0.0
1.38676691542878	0.6116540333356537	0.0
1.388267745423833	0.6123805207118804	0.0
1.3897685754188858	0.6131095816954185	0.0
1.3912694054139385	0.6138412025051746	0.0
1.3927702354089915	0.6145753693173769	0.0
1.3942710654040442	0.6153120682656624	0.0
1.395771895399097	0.61605128544142	0.0
1.3972727253941497	0.6167930068938879	0.0
1.3987735553892024	0.6175372186305677	0.0
1.4002743853842554	0.6182839066173573	0.0
1.4017752153793082	0.6190330567788097	0.0
1.403276045374361	0.6197846549983664	0.0
1.4047768753694136	0.6205386871186174	0.0
1.4062777053644664	0.6212951389415554	0.0
1.4077785353595194	0.6220539962287723	0.0
1.409279365354572	0.6228152447017491	0.0
1.4107801953496248	0.6235788700420247	0.0
1.4122810253446776	0.6243448578915575	0.0
1.4137818553397306	0.625113193852923	0.0
1.4152826853347833	0.6258838634894895	0.0
1.416783515329836	0.6266568523257966	0.0
1.4182843453248888	0.6274321458476855	0.0
1.4197851753199415	0.6282097295026171	0.0
1.4212860053149945	0.6289895886999156	0.0
1.4227868353100472	0.6297717088110024	0.0
1.4242876653051	0.6305560751696708	0.0
1.4257884953001527	0.6313426730722977	0.0
1.4272893252952055	0.6321314877781938	0.0
1.4287901552902584	0.6329225045097814	0.0
1.4302909852853112	0.6337157084527986	0.0
1.431791815280364	0.6345110847567085	0.0
1.4332926452754169	0.6353086185348421	0.0
1.4347934752704694	0.6361082948647003	0.0
1.4362943052655224	0.636910098788203	0.0
1.4377951352605751	0.6377140153119709	0.0
1.4392959652556279	0.6385200294075681	0.0
1.4407967952506808	0.6393281260117673	0.0
1.4422976252457334	0.6401382900268566	0.0
1.4437984552407863	0.6409505063208248	0.0
1.445299285235839	0.6417647597277027	0.0
1.446800115230892	0.6425810350477916	0.0
1.4483009452259448	0.6433993170479633	0.0
1.4498017752209975	0.6442195904618989	0.0
1.4513026052160503	0.6450418399903605	0.0
1.452803435211103	0.6458660503015141	0.0
1.454304265206156	0.6466922060311129	0.0
1.4558050952012087	0.6475202917828673	0.0
1.4573059251962615	0.6483502921286585	0.0
1.4588067551913142	0.6491821916088155	0.0
1.460307585186367	0.6500159747324741	0.0
1.46180841518142	0.6508516259777487	0.0
1.4633092451764727	0.6516891297920538	0.0
1.4648100751715254	0.6525284705923535	0.0
1.4663109051665781	0.6533696327655155	0.0
1.4678117351616309	0.6542126006685393	0.0
1.4693125651566838	0.6550573586288707	0.0
1.4708133951517366	0.6559038909446752	0.0
1.4723142251467893	0.6567521818850454	0.0
1.473815055141842	0.6576022156904617	0.0
1.4753158851368948	0.6584539765729072	0.0
1.4768167151319478	0.6593074487161995	0.0
1.4783175451270005	0.6601626162763584	0.0
1.4798183751220533	0.661019463381813	0.0
1.481319205117106	0.6618779741337397	0.0
1.4828200351121588	0.6627381326063208	0.0
1.4843208651072117	0.6635999228470665	0.0
1.4858216951022645	0.6644633288771091	0.0
1.4873225250973174	0.6653283346913965	0.0
1.4888233550923702	0.6661949242591945	0.0
1.4903241850874227	0.6670630815241991	0.0
1.4918250150824757	0.6679327904048917	0.0
1.4933258450775284	0.6688040347948632	0.0
1.4948266750725814	0.6696767985631253	0.0
1.4963275050676341	0.6705510655543142	0.0
1.4978283350626869	0.6714268195891154	0.0
1.4993291650577396	0.6723040444644761	0.0
1.5008299950527924	0.6731827239539508	0.0
1.5023308250478453	0.6740628418080238	0.0
1.503831655042898	0.6749443817543551	0.0
1.5053324850379508	0.6758273274981017	0.0
1.5068333150330036	0.6767116627222706	0.0
1.5083341450280563	0.6775973710879998	0.0
1.5098349750231093	0.6784844362348491	0.0
1.511335805018162	0.6793728417810913	0.0
1.5128366350132147	0.6802625713241195	0.0
1.5143374650082675	0.6811536084406467	0.0
1.5158382950033202	0.6820459366870858	0.0
1.5173391249983732	0.6829395395998052	0.0
1.518839954993426	0.6838344006955429	0.0
1.5203407849884787	0.6847305034715908	0.0
1.5218416149835314	0.6856278314061742	0.0
1.5233424449785842	0.6865263679588259	0.0
1.5248432749736371	0.687426096570598	0.0
1.5263441049686899	0.6883270006644187	0.0
1.5278449349637429	0.6892290636454435	0.0
1.5293457649587954	0.6901322689013222	0.0
1.5308465949538481	0.6910365998025721	0.0
1.532347424948901	0.6919420397028742	0.0
1.5338482549439538	0.6928485719393559	0.0
1.5353490849390068	0.6937561798329652	0.0
1.5368499149340595	0.6946648466887959	0.0
1.538350744929112	0.6955745557963053	0.0
1.539851574924165	0.6964852904298375	0.0
1.5413524049192178	0.6973970338487703	0.0
1.5428532349142707	0.6983097692979089	0.0
1.5443540649093235	0.6992234800078159	0.0
1.545854894904376	0.7001381491951163	0.0
1.547355724899429	0.7010537600628579	0.0
1.5488565548944817	0.7019702958008035	0.0
1.5503573848895347	0.7028877395857585	0.0
1.5518582148845874	0.7038060745819764	0.0
1.5533590448796402	0.7047252839413607	0.0
1.5548598748746927	0.7056453508038532	0.0
1.5563607048697456	0.7065662582978381	0.0
1.5578615348647986	0.7074879895403632	0.0
1.5593623648598514	0.7084105276375152	0.0
1.560863194854904	0.7093338556847789	0.0
1.5623640248499568	0.7102579567672941	0.0
1.5638648548450098	0.7111828139603366	0.0
1.5653656848400623	0.7121084103294711	0.0
1.5668665148351153	0.7130347289310194	0.0
1.568367344830168	0.7139617528122899	0.0
1.5698681748252208	0.7148894650119706	0.0
1.5713690048202735	0.7158178485605592	0.0
1.5728698348153265	0.716746886480468	0.0
1.5743706648103795	0.7176765617865828	0.0
1.575871494805432	0.7186068574864973	0.0
1.5773723248004847	0.7195377565808517	0.0
1.5788731547955377	0.7204692420636675	0.0
1.5803739847905902	0.7214012969227622	0.0
1.5818748147856432	0.7223339041399599	0.0
1.5833756447806961	0.7232670466915272	0.0
1.584876474775749	0.7242007075484918	0.0
1.5863773047708014	0.7251348696769467	0.0
1.5878781347658544	0.7260695160384409	0.0
1.5893789647609073	0.7270046295902712	0.0
1.5908797947559599	0.7279401932858851	0.0
1.5923806247510128	0.7288761900750971	0.0
1.5938814547460656	0.7298126029045918	0.0
1.595382284741118	0.7307494147181753	0.0
1.596883114736171	0.7316866084570941	0.0
1.598383944731224	0.7326241670604523	0.0
1.5998847747262768	0.7335620734654549	0.0
1.6013856047213293	0.7345003106078593	0.0
1.6028864347163823	0.7354388614222382	0.0
1.6043872647114352	0.7363777088423493	0.0
1.6058880947064877	0.7373168358014653	0.0
1.6073889247015407	0.7382562252327052	0.0
1.6088897546965935	0.7391958600694469	0.0
1.6103905846916464	0.7401357232456057	0.0
1.611891414686699	0.7410757976959581	0.0
1.613392244681752	0.7420160663565526	0.0
1.6148930746768049	0.7429565121649397	0.0
1.6163939046718574	0.7438971180606909	0.0
1.6178947346669101	0.7448378669855561	0.0
1.619395564661963	0.7457787418839695	0.0
1.6208963946570156	0.7467197257032594	0.0
1.6223972246520686	0.7476608013940388	0.0
1.6238980546471213	0.7486019519105406	0.0
1.6253988846421743	0.7495431602110565	0.0
1.6268997146372268	0.7504844092580901	0.0
1.6284005446322798	0.7514256820188808	0.0
1.6299013746273328	0.7523669614655744	0.0
1.6314022046223853	0.7533082305757708	0.0
1.632903034617438	0.7542494723326305	0.0
1.634403864612491	0.7551906697254271	0.0
1.6359046946075435	0.7561318057497827	0.0
1.6374055246025965	0.7570728634080099	0.0
1.6389063545976494	0.7580138257095108	0.0
1.6404071845927022	0.7589546756710196	0.0
1.6419080145877547	0.7598953963170334	0.0
1.6434088445828077	0.7608359706800945	0.0
1.6449096745778606	0.761776381801158	0.0
1.6464105045729132	0.7627166127299435	0.0
1.6479113345679661	0.7636566465252446	0.0
1.6494121645630189	0.7645964662552883	0.0
1.6509129945580718	0.7655360549980682	0.0
1.6524138245531244	0.7664753958416433	0.0
1.6539146545481773	0.7674144718845928	0.0
1.65541548454323	0.7683532662362168	0.0
1.6569163145382828	0.7692917620169558	0.0
1.6584171445333356	0.770229942358672	0.0
1.6599179745283885	0.7711677904050371	0.0
1.661418804523441	0.7721052893118813	0.0
1.662919634518494	0.7730424222474696	0.0
1.6644204645135467	0.773979172392824	0.0
1.6659212945085997	0.7749155229421323	0.0
1.6674221245036522	0.7758514571030684	0.0
1.6689229544987052	0.7767869580971036	0.0
1.6704237844937582	0.7777220091598229	0.0
1.6719246144888107	0.778656593541291	0.0
1.6734254444838634	0.7795906945063568	0.0
1.6749262744789164	0.780524295335018	0.0
1.676427104473969	0.7814573793226701	0.0
1.6779279344690219	0.7823899297805776	0.0
1.6794287644640746	0.7833219300360998	0.0
1.6809295944591276	0.7842533634330497	0.0
1.6824304244541801	0.7851842133320169	0.0
1.683931254449233	0.7861144631107259	0.0
1.685432084444286	0.7870440961642758	0.0
1.6869329144393386	0.7879730959055393	0.0
1.6884337444343913	0.7889014457655658	0.0
1.6899345744294443	0.7898291291936997	0.0
1.6914354044244972	0.7907561296581249	0.0
1.6929362344195498	0.7916824306460204	0.0
1.6944370644146027	0.7926080156639977	0.0
1.6959378944096555	0.7935328682383573	0.0
1.697438724404708	0.7944569719154191	0.0
1.698939554399761	0.7953803102618824	0.0
1.700440384394814	0.7963028668651163	0.0
1.7019412143898665	0.7972246253334491	0.0
1.7034420443849194	0.7981455692965805	0.0
1.7049428743799722	0.7990656824058144	0.0
1.7064437043750251	0.7999849483343834	0.0
1.7079445343700776	0.8009033507778057	0.0
1.7094453643651306	0.8018208734542115	0.0
1.7109461943601834	0.8027375001045447	0.0
1.712447024355236	0.8036532144930788	0.0
1.7139478543502888	0.8045680004075034	0.0
1.7154486843453418	0.8054818416593851	0.0
1.7169495143403943	0.8063947220844746	0.0
1.7184503443354473	0.8073066255429517	0.0
1.7199511743305	0.8082175359197494	0.0
1.721452004325553	0.8091274371249074	0.0
1.7229528343206055	0.8100363130938504	0.0
1.7244536643156585	0.810944147787683	0.0
1.7259544943107115	0.8118509251935232	0.0
1.727455324305764	0.8127566293247596	0.0
1.7289561543008167	0.8136612442214612	0.0
1.7304569842958697	0.8145647539505574	0.0
1.7319578142909227	0.8154671426062511	0.0
1.7334586442859752	0.8163683943101661	0.0
1.7349594742810281	0.8172684932117982	0.0
1.736460304276081	0.8181674234887862	0.0
1.7379611342711334	0.8190651693471663	0.0
1.7394619642661864	0.8199617150216727	0.0
1.7409627942612393	0.8208570447760883	0.0
1.7424636242562919	0.821751142903472	0.0
1.7439644542513446	0.8226439937264687	0.0
1.7454652842463976	0.8235355815976614	0.0
1.7469661142414505	0.8244258908998131	0.0
1.748466944236503	0.8253149060461369	0.0
1.749967774231556	0.8262026114806437	0.0
1.7514686042266088	0.8270889916784164	0.0
1.7529694342216613	0.8279740311458565	0.0
1.7544702642167143	0.8288577144210151	0.0
1.7559710942117672	0.8297400260738352	0.0
1.75747192420682	0.8306209507065262	0.0
1.7589727542018727	0.8315004729537375	0.0
1.7604735841969255	0.8323785774828943	0.0
1.7619744141919784	0.8332552489944516	0.0
1.763475244187031	0.8341304722222878	0.0
1.764976074182084	0.8350042319338381	0.0
1.7664769041771367	0.835876512930415	0.0
1.7679777341721894	0.8367473000475626	0.0
1.7694785641672421	0.837616578155211	0.0
1.770979394162295	0.8384843321580465	0.0
1.772480224157348	0.8393505469957772	0.0
1.7739810541524006	0.8402152076432806	0.0
1.7754818841474533	0.8410782991110896	0.0
1.7769827141425063	0.8419398064454772	0.0
1.7784835441375588	0.8427997147288477	0.0
1.7799843741326118	0.8436580090799329	0.0
1.7814852041276648	0.844514674654053	0.0
1.7829860341227173	0.8453696966434304	0.0
1.78448686411777	0.8462230602774399	0.0
1.785987694112823	0.8470747508228597	0.0
1.787488524107876	0.8479247535841594	0.0
1.7889893541029285	0.8487730539037064	0.0
1.7904901840979814	0.8496196371621235	0.0
1.7919910140930342	0.8504644887784532	0.0
1.7934918440880867	0.8513075942104207	0.0
1.7949926740831397	0.8521489389547539	0.0
1.7964935040781926	0.852988508547358	0.0
1.7979943340732454	0.8538262885636786	0.0
1.7994951640682981	0.8546622646188131	0.0
1.8009959940633509	0.855496422367942	0.0
1.8024968240584038	0.8563287475064075	0.0
1.8039976540534564	0.8571592257700211	0.0
1.8054984840485093	0.85798784293534	0.0
1.806999314043562	0.8588145848199394	0.0
1.8085001440386146	0.859639437282547	0.0
1.8100009740336676	0.8604623862233531	0.0
1.8115018040287205	0.8612834175843035	0.0
1.8130026340237735	0.8621025173492838	0.0
1.814503464018826	0.8629196715443302	0.0
1.8160042940138788	0.8637348662379749	0.0
1.8175051240089317	0.8645480875413705	0.0
1.8190059540039842	0.8653593216086252	0.0
1.8205067839990372	0.866168554636883	0.0
1.82200761399409	0.866975772866749	0.0
1.8235084439891427	0.8677809625824204	0.0
1.8250092739841954	0.8685841101119469	0.0
1.8265101039792484	0.8693852018273984	0.0
1.8280109339743014	0.8701842241451978	0.0
1.8295117639693539	0.8709811635262964	0.0
1.8310125939644066	0.8717760064763245	0.0
1.8325134239594596	0.8725687395459825	0.0
1.8340142539545121	0.873359349331159	0.0
1.835515083949565	0.8741478224731472	0.0
1.837015913944618	0.8749341456589151	0.0
1.8385167439396708	0.8757183056212947	0.0
1.8400175739347233	0.8765002891391624	0.0
1.8415184039297763	0.8772800830377936	0.0
1.8430192339248292	0.8780576741889674	0.0
1.8445200639198818	0.8788330495111677	0.0
1.8460208939149347	0.8796061959698461	0.0
1.8475217239099875	0.8803771005776481	0.0
1.84902255390504	0.8811457503945865	0.0
1.850523383900093	0.8819121325282926	0.0
1.852024213895146	0.8826762341341636	0.0
1.8535250438901987	0.8834380424156636	0.0
1.8550258738852514	0.8841975446244448	0.0
1.8565267038803042	0.8849547280606017	0.0
1.8580275338753571	0.8857095800727927	0.0
1.8595283638704097	0.8864620880586243	0.0
1.8610291938654626	0.8872122394647063	0.0
1.8625300238605154	0.8879600217868542	0.0
1.864030853855568	0.8887054225702521	0.0
1.8655316838506208	0.8894484294098539	0.0
1.8670325138456738	0.8901890299504254	0.0
1.8685333438407268	0.8909272118867193	0.0
1.8700341738357793	0.8916629629637668	0.0
1.871535003830832	0.8923962709769387	0.0
1.873035833825885	0.8931271237723043	0.0
1.8745366638209375	0.8938555092466892	0.0
1.8760374938159905	0.8945814153479381	0.0
1.8775383238110435	0.8953048300750795	0.0
1.8790391538060962	0.8960257414784628	0.0
1.8805399838011487	0.8967441376600342	0.0
1.8820408137962017	0.8974600067735197	0.0
1.8835416437912547	0.8981733370244814	0.0
1.8850424737863072	0.8988841166707002	0.0
1.88654330378136	0.899592334022165	0.0
1.888044133776413	0.9002979774413719	0.0
1.8895449637714654	0.9010010353435014	0.0
1.8910457937665184	0.901701496196516	0.0
1.8925466237615713	0.902399348521294	0.0
1.894047453756624	0.9030945808920944	0.0
1.8955482837516766	0.9037871819364139	0.0
1.8970491137467296	0.9044771403352934	0.0
1.8985499437417825	0.9051644448234771	0.0
1.900050773736835	0.9058490841896203	0.0
1.901551603731888	0.9065310472763578	0.0
1.9030524337269408	0.9072103229805576	0.0
1.9045532637219937	0.9078869002534994	0.0
1.9060540937170463	0.908560768100964	0.0
1.9075549237120992	0.9092319155834506	0.0
1.909055753707152	0.9099003318164005	0.0
1.9105565837022047	0.9105660059701869	0.0
1.9120574136972575	0.9112289272704581	0.0
1.9135582436923104	0.9118890849981588	0.0
1.915059073687363	0.9125464684897843	0.0
1.916559903682416	0.9132010671375145	0.0
1.9180607336774687	0.9138528703893308	0.0
1.9195615636725216	0.914501867749261	0.0
1.9210623936675741	0.915148048777376	0.0
1.922563223662627	0.9157914030901317	0.0
1.92406405365768	0.9164319203604158	0.0
1.9255648836527326	0.9170695903176616	0.0
1.9270657136477853	0.917704402748107	0.0
1.9285665436428383	0.9183363474948476	0.0
1.9300673736378908	0.9189654144580454	0.0
1.9315682036329438	0.9195915935950604	0.0
1.9330690336279968	0.9202148749205541	0.0
1.9345698636230495	0.9208352485067128	0.0
1.936070693618102	0.9214527044832739	0.0
1.937571523613155	0.9220672330378014	0.0
1.939072353608208	0.9226788244157542	0.0
1.9405731836032605	0.9232874689206495	0.0
1.9420740135983134	0.9238931569141133	0.0
1.9435748435933662	0.9244958788162054	0.0
1.9450756735884192	0.9250956251053571	0.0
1.9465765035834717	0.92569238631858	0.0
1.9480773335785246	0.9262861530516665	0.0
1.9495781635735774	0.9268769159592432	0.0
1.95107899356863	0.9274646657549114	0.0
1.9525798235636829	0.928049393211409	0.0
1.9540806535587358	0.9286310891607221	0.0
1.9555814835537884	0.9292097444941904	0.0
1.9570823135488413	0.9297853501626884	0.0
1.958583143543894	0.9303578971766607	0.0
1.960083973538947	0.9309273766063956	0.0
1.9615848035339996	0.9314937795819799	0.0
1.9630856335290525	0.932057097293534	0.0
1.9645864635241053	0.9326173209912882	0.0
1.966087293519158	0.9331744419857336	0.0
1.9675881235142108	0.9337284516477078	0.0
1.9690889535092637	0.9342793414084867	0.0
1.9705897835043162	0.9348271027600671	0.0
1.9720906134993692	0.9353717272550127	0.0
1.973591443494422	0.9359132065067848	0.0
1.975092273489475	0.9364515321897906	0.0
1.9765931034845274	0.9369866960394461	0.0
1.9780939334795804	0.9375186898523561	0.0
1.9795947634746334	0.9380475054863987	0.0
1.981095593469686	0.9385731348608581	0.0
1.9825964234647386	0.9390955699564636	0.0
1.9840972534597916	0.9396148028155721	0.0
1.9855980834548446	0.940130825542223	0.0
1.987098913449897	0.9406436303022871	0.0
1.98859974344495	0.9411532093235135	0.0
1.9901005734400028	0.9416595548956719	0.0
1.9916014034350553	0.9421626593707499	0.0
1.9931022334301083	0.9426625151627945	0.0
1.9946030634251612	0.9431591147482653	0.0
1.9961038934202138	0.943652450666001	0.0
1.9976047234152667	0.9441425155173746	0.0
1.9991055534103195	0.9446293019663186	0.0
2.0006063834053722	0.9451128027395042	0.0
2.002107213400425	0.945593010626437	0.0
2.0036080433954777	0.9460699184794116	0.0
2.005108873390531	0.9465435192137548	0.0
2.006609703385583	0.9470138058078625	0.0
2.0081105333806364	0.9474807713033252	0.0
2.009611363375689	0.9479444088049535	0.0
2.011112193370742	0.9484047114808314	0.0
2.0126130233657946	0.9488616725625675	0.0
2.0141138533608474	0.9493152853452045	0.0
2.0156146833559005	0.9497655431873855	0.0
2.017115513350953	0.9502124395114686	0.0
2.0186163433460056	0.9506559678035054	0.0
2.020117173341059	0.9510961216134337	0.0
2.021618003336111	0.9515328945550537	0.0
2.0231188333311643	0.9519662803061678	0.0
2.024619663326217	0.9523962726087367	0.0
2.0261204933212698	0.9528228652687425	0.0
2.0276213233163225	0.9532460521564694	0.0
2.0291221533113752	0.9536658272064626	0.0
2.0306229833064284	0.9540821844176531	0.0
2.0321238133014807	0.9544951178534097	0.0
2.0336246432965335	0.9549046216415669	0.0
2.0351254732915867	0.9553106899746023	0.0
2.036626303286639	0.9557133171096501	0.0
2.038127133281692	0.9561124973685157	0.0
2.039627963276745	0.9565082251377958	0.0
2.0411287932717976	0.9569004948688886	0.0
2.0426296232668504	0.9572893010782322	0.0
2.044130453261903	0.9576746383471338	0.0
2.0456312832569563	0.9580565013220388	0.0
2.0471321132520086	0.9584348847143673	0.0
2.048632943247062	0.9588097833007327	0.0
2.0501337732421145	0.9591811919230423	0.0
2.0516346032371673	0.959549105488424	0.0
2.05313543323222	0.9599135189692859	0.0
2.0546362632272728	0.9602744274035029	0.0
2.0561370932223255	0.9606318258943545	0.0
2.0576379232173783	0.9609857096106235	0.0
2.059138753212431	0.9613360737866744	0.0
2.060639583207484	0.9616829137224309	0.0
2.0621404132025365	0.9620262247834858	0.0
2.0636412431975897	0.9623660024010696	0.0
2.0651420731926424	0.962702242072247	0.0
2.066642903187695	0.9630349393597896	0.0
2.068143733182748	0.9633640898923355	0.0
2.0696445631778007	0.963689689364471	0.0
2.071145393172854	0.9640117335365959	0.0
2.072646223167906	0.9643302182351852	0.0
2.074147053162959	0.9646451393526211	0.0
2.075647883158012	0.9649564928474202	0.0
2.0771487131530644	0.9652642747441622	0.0
2.0786495431481176	0.9655684811334704	0.0
2.0801503731431703	0.9658691081722326	0.0
2.081651203138223	0.9661661520835075	0.0
2.083152033133276	0.9664596091565384	0.0
2.0846528631283285	0.9667494757469277	0.0
2.0861536931233817	0.96703574827648	0.0
2.087654523118434	0.9673184232334026	0.0
2.089155353113487	0.9675974971722076	0.0
2.09065618310854	0.9678729667138495	0.0
2.0921570131035927	0.9681448285456582	0.0
2.0936578430986454	0.9684130794213963	0.0
2.095158673093698	0.9686777161613259	0.0
2.096659503088751	0.9689387356522062	0.0
2.0981603330838037	0.9691961348473049	0.0
2.0996611630788564	0.9694499107664212	0.0
2.1011619930739096	0.9697000604959211	0.0
2.102662823068962	0.9699465811887468	0.0
2.104163653064015	0.970189470064445	0.0
2.105664483059068	0.970428724409122	0.0
2.1071653130541206	0.9706643415756545	0.0
2.1086661430491733	0.9708963189835254	0.0
2.110166973044226	0.9711246541187629	0.0
2.111667803039279	0.971349344534215	0.0
2.1131686330343316	0.9715703878493512	0.0
2.1146694630293843	0.9717877817503626	0.0
2.1161702930244375	0.9720015239901408	0.0
2.11767112301949	0.9722116123883499	0.0
2.119171953014543	0.972418044831324	0.0
2.1206727830095957	0.9726208192721449	0.0
2.1221736130046485	0.9728199337306546	0.0
2.123674442999701	0.973015386293449	0.0
2.125175272994754	0.973207175113801	0.0
2.126676102989807	0.9733952984119091	0.0
2.1281769329848594	0.9735797544745608	0.0
2.129677762979912	0.9737605416553545	0.0
2.1311785929749654	0.973937658374645	0.0
2.132679422970018	0.9741111031195336	0.0
2.134180252965071	0.974280874443906	0.0
2.1356810829601236	0.9744469709683068	0.0
2.1371819129551763	0.9746093913801478	0.0
2.138682742950229	0.9747681344334231	0.0
2.140183572945282	0.9749231989490206	0.0
2.141684402940335	0.9750745838143678	0.0
2.1431852329353873	0.9752222879837408	0.0
2.1446860629304405	0.9753663104780751	0.0
2.1461868929254933	0.9755066503849887	0.0
2.147687722920546	0.9756433068587457	0.0
2.1491885529155987	0.9757762791203008	0.0
2.1506893829106515	0.9759055664572275	0.0
2.1521902129057042	0.9760311682237522	0.0
2.153691042900757	0.9761530838406334	0.0
2.1551918728958097	0.9762713127953676	0.0
2.156692702890863	0.9763858546418724	0.0
2.158193532885915	0.976496709000749	0.0
2.1596943628809684	0.9766038755589559	0.0
2.161195192876021	0.9767073540701363	0.0
2.162696022871074	0.976807144354346	0.0
2.1641968528661266	0.9769032462980607	0.0
2.1656976828611794	0.9769956598542192	0.0
2.1671985128562326	0.977084385042188	0.0
2.168699342851285	0.9771694219477001	0.0
2.1702001728463376	0.9772507707228103	0.0
2.171701002841391	0.9773284315858741	0.0
2.1732018328364435	0.9774024048215706	0.0
2.1747026628314963	0.977472690780816	0.0
2.176203492826549	0.9775392898807606	0.0
2.1777043228216018	0.9776022026047019	0.0
2.1792051528166545	0.9776614295021135	0.0
2.1807059828117072	0.9777169711885628	0.0
2.1822068128067604	0.9777688283457392	0.0
2.1837076428018127	0.9778170017212776	0.0
2.1852084727968655	0.9778614921288524	0.0
2.1867093027919187	0.9779023004481155	0.0
2.1882101327869714	0.9779394276246021	0.0
2.189710962782024	0.9779728746697038	0.0
2.191211792777077	0.9780026426606386	0.0
2.1927126227721296	0.978028732740441	0.0
2.1942134527671824	0.9780511461178056	0.0
2.195714282762235	0.9780698840671561	0.0
2.1972151127572883	0.9780849479285559	0.0
2.198715942752341	0.9780963391076156	0.0
2.200216772747394	0.9781040590755319	0.0
2.2017176027424465	0.9781081093689264	0.0
2.2032184327374993	0.9781084915898571	0.0
2.204719262732552	0.9781052074058072	0.0
2.2062200927276048	0.9780982585495421	0.0
2.2077209227226575	0.9780876468191029	0.0
2.2092217527177103	0.9780733740777184	0.0
2.210722582712763	0.9780554422537893	0.0
2.212223412707816	0.9780338533407668	0.0
2.213724242702869	0.9780086093971724	0.0
2.2152250726979217	0.9779797125465204	0.0
2.2167259026929744	0.9779471649771205	0.0
2.218226732688027	0.977910968942251	0.0
2.21972756268308	0.9778711267599565	0.0
2.2212283926781327	0.9778276408129396	0.0
2.222729222673186	0.9777805135485697	0.0
2.224230052668238	0.9777297474787915	0.0
2.225730882663291	0.9776753451800511	0.0
2.227231712658344	0.9776173092932822	0.0
2.228732542653397	0.9775556425237789	0.0
2.2302333726484496	0.9774903476411092	0.0
2.2317342026435023	0.9774214274790824	0.0
2.233235032638555	0.977348884935682	0.0
2.234735862633608	0.9772727229729372	0.0
2.2362366926286605	0.9771929446169627	0.0
2.2377375226237137	0.9771095529577176	0.0
2.2392383526187665	0.9770225511490428	0.0
2.2407391826138188	0.9769319424085998	0.0
2.242240012608872	0.9768377300176735	0.0
2.2437408426039247	0.9767399173212317	0.0
2.2452416725989774	0.9766385077277138	0.0
2.24674250259403	0.9765335047090493	0.0
2.248243332589083	0.9764249118005545	0.0
2.2497441625841357	0.9763127326008301	0.0
2.2512449925791884	0.976196970771646	0.0
2.2527458225742416	0.9760776300379069	0.0
2.2542466525692944	0.9759547141875258	0.0
2.255747482564347	0.9758282270713907	0.0
2.2572483125594	0.9756981726032877	0.0
2.2587491425544526	0.9755645547596558	0.0
2.2602499725495053	0.9754273775796833	0.0
2.261750802544558	0.9752866451651164	0.0
2.263251632539611	0.9751423616801825	0.0
2.2647524625346636	0.974994531351502	0.0
2.2662532925297163	0.9748431584680332	0.0
2.2677541225247695	0.9746882473809284	0.0
2.2692549525198222	0.9745298025034456	0.0
2.270755782514875	0.9743678283108613	0.0
2.2722566125099277	0.9742023293403416	0.0
2.2737574425049805	0.9740333101909209	0.0
2.275258272500033	0.9738607755232642	0.0
2.276759102495086	0.97368473005971	0.0
2.278259932490139	0.9735051785840924	0.0
2.279760762485192	0.973322125941761	0.0
2.281261592480244	0.973135577039233	0.0
2.2827624224752974	0.9729455368442705	0.0
2.28426325247035	0.9727520103857651	0.0
2.285764082465403	0.9725550027535982	0.0
2.2872649124604556	0.9723545190985047	0.0
2.2887657424555083	0.9721505646320838	0.0
2.290266572450561	0.9719431446265105	0.0
2.291767402445614	0.9717322644145666	0.0
2.293268232440667	0.9715179293894537	0.0
2.2947690624357198	0.971300145004765	0.0
2.2962698924307725	0.9710789167742713	0.0
2.2977707224258253	0.9708542502718894	0.0
2.299271552420878	0.9706261511315073	0.0
2.3007723824159307	0.9703946250469356	0.0
2.3022732124109835	0.970159677771745	0.0
2.3037740424060362	0.9699213151191408	0.0
2.3052748724010894	0.9696795429618738	0.0
2.3067757023961417	0.9694343672321775	0.0
2.308276532391195	0.9691857939215108	0.0
2.3097773623862476	0.9689338290805137	0.0
2.3112781923813004	0.9686784788188995	0.0
2.312779022376353	0.9684197493053535	0.0
2.314279852371406	0.9681576467673884	0.0
2.3157806823664586	0.9678921774911304	0.0
2.3172815123615114	0.9676233478213278	0.0
2.318782342356564	0.9673511641611992	0.0
2.3202831723516173	0.9670756329722445	0.0
2.3217840023466696	0.966796760774132	0.0
2.323284832341723	0.9665145541446505	0.0
2.3247856623367755	0.9662290197195268	0.0
2.3262864923318283	0.9659401641923069	0.0
2.327787322326881	0.9656479943141334	0.0
2.3292881523219338	0.9653525168937872	0.0
2.3307889823169865	0.9650537387974721	0.0
2.3322898123120392	0.9647516669485926	0.0
2.3337906423070924	0.964446308327776	0.0
2.335291472302145	0.9641376699726868	0.0
2.3367923022971975	0.9638257589778223	0.0
2.3382931322922507	0.9635105824944871	0.0
2.3397939622873034	0.96319214773056	0.0
2.341294792282356	0.9628704619503837	0.0
2.342795622277409	0.9625455324747075	0.0
2.3442964522724616	0.9622173666804262	0.0
2.345797282267515	0.9618859720005208	0.0
2.347298112262567	0.9615513559239304	0.0
2.3487989422576203	0.9612135259953359	0.0
2.350299772252673	0.9608724898150414	0.0
2.351800602247726	0.9605282550389184	0.0
2.3533014322427785	0.9601808293781512	0.0
2.3548022622378313	0.9598302205991052	0.0
2.356303092232884	0.9594764365232503	0.0
2.3578039222279368	0.9591194850270403	0.0
2.3593047522229895	0.9587593740416473	0.0
2.3608055822180427	0.9583961115528761	0.0
2.362306412213095	0.958029705601022	0.0
2.363807242208148	0.9576601642807577	0.0
2.365308072203201	0.9572874957408444	0.0
2.3668089021982537	0.9569117081841163	0.0
2.3683097321933064	0.9565328098673874	0.0
2.369810562188359	0.9561508091010691	0.0
2.371311392183412	0.9557657142492619	0.0
2.3728122221784647	0.9553775337294327	0.0
2.374313052173518	0.9549862760123484	0.0
2.3758138821685706	0.9545919496218751	0.0
2.377314712163623	0.9541945631349033	0.0
2.378815542158676	0.9537941251810627	0.0
2.380316372153729	0.9533906444427461	0.0
2.3818172021487816	0.9529841296546707	0.0
2.3833180321438343	0.9525745896040229	0.0
2.384818862138887	0.952162033130145	0.0
2.3863196921339402	0.951746469124407	0.0
2.3878205221289925	0.9513279065299851	0.0
2.3893213521240457	0.9509063543418091	0.0
2.3908221821190985	0.9504818216063117	0.0
2.3923230121141508	0.9500543174213079	0.0
2.393823842109204	0.9496238509358269	0.0
2.3953246721042567	0.9491904313499393	0.0
2.3968255020993094	0.9487540679145924	0.0
2.398326332094362	0.9483147699314411	0.0
2.399827162089415	0.9478725467526921	0.0
2.401327992084468	0.9474274077809703	0.0
2.4028288220795204	0.946979362469064	0.0
2.4043296520745736	0.9465284203198356	0.0
2.4058304820696264	0.9460745908859607	0.0
2.407331312064679	0.9456178837698611	0.0
2.408832142059732	0.9451583086234848	0.0
2.4103329720547846	0.9446958751481741	0.0
2.4118338020498373	0.9442305930944067	0.0
2.41333463204489	0.9437624722617036	0.0
2.414835462039943	0.9432915224984144	0.0
2.416336292034996	0.9428177537015827	0.0
2.4178371220300483	0.9423411758166766	0.0
2.4193379520251015	0.941861798837501	0.0
2.4208387820201542	0.941379632806023	0.0
2.422339612015207	0.9408946878121603	0.0
2.4238404420102597	0.9404069739935823	0.0
2.4253412720053125	0.9399165015355782	0.0
2.4268421020003657	0.9394232806708454	0.0
2.428342931995418	0.9389273216793014	0.0
2.429843761990471	0.938428634887911	0.0
2.431344591985524	0.937927230670564	0.0
2.432845421980576	0.9374231194477837	0.0
2.4343462519756294	0.9369163116866193	0.0
2.435847081970682	0.9364068179004124	0.0
2.437347911965735	0.9358946486486914	0.0
2.4388487419607876	0.9353798145368974	0.0
2.4403495719558403	0.9348623262161789	0.0
2.4418504019508935	0.9343421943833282	0.0
2.443351231945946	0.9338194297805058	0.0
2.444852061940999	0.9332940431950224	0.0
2.4463528919360518	0.9327660454591801	0.0
2.447853721931104	0.9322354474501358	0.0
2.4493545519261573	0.9317022600896276	0.0
2.45085538192121	0.9311664943438733	0.0
2.452356211916263	0.9306281612232536	0.0
2.4538570419113155	0.9300872717821658	0.0
2.4553578719063682	0.9295438371188983	0.0
2.4568587019014214	0.9289978683753505	0.0
2.4583595318964737	0.928449376736884	0.0
2.459860361891527	0.9278983734320964	0.0
2.4613611918865796	0.9273448697326155	0.0
2.4628620218816324	0.9267888769529073	0.0
2.464362851876685	0.9262304064501399	0.0
2.465863681871738	0.9256694696238766	0.0
2.467364511866791	0.9251060779159074	0.0
2.4688653418618434	0.924540242810127	0.0
2.470366171856896	0.9239719758322527	0.0
2.4718670018519493	0.9234012885495175	0.0
2.4733678318470016	0.9228281925707049	0.0
2.474868661842055	0.9222526995457899	0.0
2.4763694918371075	0.9216748211657256	0.0
2.4778703218321603	0.9210945691622742	0.0
2.479371151827213	0.9205119553078251	0.0
2.4808719818222658	0.9199269914150933	0.0
2.482372811817319	0.9193396893370217	0.0
2.4838736418123712	0.9187500609664988	0.0
2.4853744718074244	0.9181581182361294	0.0
2.486875301802477	0.9175638731181182	0.0
2.4883761317975295	0.9169673376239389	0.0
2.4898769617925827	0.9163685238041928	0.0
2.4913777917876354	0.9157674437483374	0.0
2.492878621782688	0.915164109584568	0.0
2.494379451777741	0.9145585334794454	0.0
2.4958802817727936	0.9139507276378519	0.0
2.497381111767847	0.913340704302638	0.0
2.498881941762899	0.912728475754479	0.0
2.5003827717579523	0.9121140543116231	0.0
2.501883601753005	0.9114974523296424	0.0
2.503384431748058	0.9108786822012805	0.0
2.5048852617431105	0.9102577563562041	0.0
2.5063860917381633	0.9096346872606974	0.0
2.5078869217332165	0.9090094874175271	0.0
2.509387751728269	0.9083821693657035	0.0
2.5108885817233215	0.907752745680269	0.0
2.5123894117183747	0.9071212289719814	0.0
2.513890241713427	0.906487631887192	0.0
2.51539107170848	0.905851967107579	0.0
2.516891901703533	0.9052142473498429	0.0
2.5183927316985857	0.904574485365563	0.0
2.5198935616936384	0.903932693940985	0.0
2.521394391688691	0.9032888858966689	0.0
2.5228952216837444	0.9026430740873765	0.0
2.5243960516787967	0.9019952714017926	0.0
2.5258968816738494	0.9013454907622863	0.0
2.5273977116689026	0.9006937451246099	0.0
2.528898541663955	0.9000400474777894	0.0
2.530399371659008	0.8993844108438089	0.0
2.531900201654061	0.8987268482773487	0.0
2.5334010316491136	0.8980673728656327	0.0
2.5349018616441663	0.8974059977280386	0.0
2.536402691639219	0.8967427360160266	0.0
2.5379035216342722	0.8960776009128004	0.0
2.5394043516293245	0.8954106056330438	0.0
2.5409051816243777	0.8947417634227265	0.0
2.5424060116194305	0.8940710875588316	0.0
2.5439068416144828	0.8933985913491824	0.0
2.545407671609536	0.8927242881320602	0.0
2.5469085016045887	0.8920481912760301	0.0
2.5484093315996414	0.8913703141797394	0.0
2.549910161594694	0.890690670271541	0.0
2.551410991589747	0.8900092730093689	0.0
2.5529118215848	0.8893261358803886	0.0
2.5544126515798524	0.8886412724008373	0.0
2.5559134815749056	0.8879546961156598	0.0
2.5574143115699584	0.887266420598356	0.0
2.558915141565011	0.8865764594506875	0.0
2.560415971560064	0.885884826302386	0.0
2.5619168015551166	0.8851915348109547	0.0
2.5634176315501698	0.8844965986613114	0.0
2.564918461545222	0.8838000315656361	0.0
2.566419291540275	0.8831018472631138	0.0
2.567920121535328	0.8824020595195479	0.0
2.5694209515303803	0.8817006821272639	0.0
2.5709217815254335	0.8809977289046504	0.0
2.5724226115204862	0.8802932136961017	0.0
2.573923441515539	0.8795871503716148	0.0
2.5754242715105917	0.8788795528266189	0.0
2.5769251015056445	0.8781704349815432	0.0
2.5784259315006977	0.8774598107817405	0.0
2.57992676149575	0.8767476941971836	0.0
2.581427591490803	0.8760340992220536	0.0
2.582928421485856	0.8753190398745959	0.0
2.584429251480908	0.87460253019683	0.0
2.5859300814759614	0.8738845842543054	0.0
2.587430911471014	0.8731652161357253	0.0
2.588931741466067	0.8724444399527873	0.0
2.5904325714611196	0.8717222698398261	0.0
2.5919334014561723	0.8709987199535874	0.0
2.5934342314512255	0.870273804472968	0.0
2.594935061446278	0.8695475375986778	0.0
2.596435891441331	0.8688199335529599	0.0
2.5979367214363838	0.8680910065793884	0.0
2.5994375514314365	0.8673607709425383	0.0
2.6009383814264893	0.8666292409276646	0.0
2.602439211421542	0.865896430840544	0.0
2.6039400414165947	0.8651623550070757	0.0
2.6054408714116475	0.8644270277730246	0.0
2.6069417014067002	0.8636904635037815	0.0
2.6084425314017534	0.8629526765840527	0.0
2.6099433613968057	0.8622136814175537	0.0
2.611444191391859	0.8614734924267331	0.0
2.6129450213869116	0.8607321240525438	0.0
2.6144458513819644	0.8599895907540132	0.0
2.615946681377017	0.8592459070081354	0.0
2.61744751137207	0.8585010873094707	0.0
2.618948341367123	0.8577551461698681	0.0
2.6204491713621754	0.8570080981181849	0.0
2.621950001357228	0.8562599577000312	0.0
2.6234508313522813	0.8555107394774115	0.0
2.6249516613473336	0.8547604580284414	0.0
2.626452491342387	0.8540091279471294	0.0
2.6279533213374395	0.8532567638430242	0.0
2.6294541513324923	0.8525033803409158	0.0
2.630954981327545	0.8517489920805301	0.0
2.6324558113225978	0.8509936137162787	0.0
2.633956641317651	0.8502372599169532	0.0
2.6354574713127032	0.8494799453654284	0.0
2.6369583013077564	0.8487216847582267	0.0
2.638459131302809	0.8479624928054853	0.0
2.639959961297862	0.8472023842304276	0.0
2.6414607912929147	0.8464413737692135	0.0
2.6429616212879674	0.8456794761705524	0.0
2.64446245128302	0.8449167061953824	0.0
2.645963281278073	0.8441530786166368	0.0
2.6474641112731256	0.8433886082189238	0.0
2.648964941268179	0.8426233097981829	0.0
2.650465771263231	0.841857198161456	0.0
2.6519666012582843	0.8410902881265749	0.0
2.653467431253337	0.8403225945217146	0.0
2.65496826124839	0.8395541321852773	0.0
2.6564690912434425	0.838784915965483	0.0
2.6579699212384953	0.8380149607200359	0.0
2.6594707512335485	0.837244281315991	0.0
2.660971581228601	0.8364728926292	0.0
2.6624724112236535	0.835700809544228	0.0
2.6639732412187067	0.8349280469538489	0.0
2.665474071213759	0.8341546197589141	0.0
2.666974901208812	0.8333805428679169	0.0
2.668475731203865	0.8326058311967272	0.0
2.6699765611989177	0.8318304996683035	0.0
2.6714773911939704	0.8310545632123711	0.0
2.672978221189023	0.8302780367651303	0.0
2.6744790511840764	0.8295009352688412	0.0
2.6759798811791287	0.8287232736716212	0.0
2.6774807111741814	0.8279450669271147	0.0
2.6789815411692346	0.8271663299941516	0.0
2.6804823711642873	0.826387077836506	0.0
2.68198320115934	0.8256073254224595	0.0
2.683484031154393	0.8248270877245604	0.0
2.6849848611494456	0.8240463797193721	0.0
2.6864856911444983	0.8232652163870328	0.0
2.687986521139551	0.8224836127110413	0.0
2.6894873511346042	0.8217015836779143	0.0
2.6909881811296565	0.820919144276796	0.0
2.6924890111247097	0.8201363094992937	0.0
2.6939898411197625	0.8193530943390135	0.0
2.695490671114815	0.8185695137913377	0.0
2.696991501109868	0.8177855828530839	0.0
2.6984923311049207	0.8170013165222196	0.0
2.6999931610999734	0.8162167297975058	0.0
2.701493991095026	0.8154318376781722	0.0
2.702994821090079	0.8146466551636272	0.0
2.704495651085132	0.8138611972531546	0.0
2.7059964810801844	0.8130754789455342	0.0
2.7074973110752376	0.8122895152388063	0.0
2.7089981410702904	0.8115033211299362	0.0
2.710498971065343	0.8107169116144718	0.0
2.711999801060396	0.809930301686228	0.0
2.7135006310554486	0.8091435063369866	0.0
2.7150014610505018	0.808356540556171	0.0
2.716502291045554	0.8075694193305466	0.0
2.718003121040607	0.8067821576439077	0.0
2.71950395103566	0.8059947704767138	0.0
2.7210047810307127	0.805207272805779	0.0
2.7225056110257655	0.8044196796040398	0.0
2.7240064410208182	0.8036320058401927	0.0
2.725507271015871	0.8028442664783326	0.0
2.7270081010109237	0.8020564764776638	0.0
2.7285089310059765	0.8012686507922142	0.0
2.7300097610010297	0.8004808043704654	0.0
2.731510590996082	0.799692952155146	0.0
2.7330114209911347	0.798905109082772	0.0
2.734512250986188	0.7981172900834407	0.0
2.7360130809812406	0.7973295100804466	0.0
2.7375139109762934	0.7965417839900167	0.0
2.739014740971346	0.7957541267210135	0.0
2.740515570966399	0.7949665531745583	0.0
2.7420164009614516	0.7941790782436671	0.0
2.7435172309565043	0.7933917168131384	0.0
2.7450180609515575	0.7926044837590699	0.0
2.7465188909466103	0.791817393948571	0.0
2.748019720941663	0.7910304622395128	0.0
2.7495205509367158	0.7902437034801458	0.0
2.7510213809317685	0.7894571325088497	0.0
2.7525222109268213	0.7886707641537686	0.0
2.754023040921874	0.7878846132325039	0.0
2.7555238709169267	0.7870986945518719	0.0
2.7570247009119795	0.7863130229075438	0.0
2.7585255309070322	0.7855276130837257	0.0
2.7600263609020854	0.7847424798528223	0.0
2.761527190897138	0.7839576379752511	0.0
2.763028020892191	0.7831731021989746	0.0
2.7645288508872436	0.7823888872593514	0.0
2.7660296808822964	0.7816050078786932	0.0
2.767530510877349	0.7808214787660303	0.0
2.769031340872402	0.780038314616794	0.0
2.770532170867455	0.7792555301125089	0.0
2.7720330008625074	0.7784731399204671	0.0
2.77353383085756	0.7776911586934959	0.0
2.7750346608526133	0.77690960106959	0.0
2.776535490847666	0.7761284816715808	0.0
2.778036320842719	0.7753478151069677	0.0
2.7795371508377715	0.7745676159674479	0.0
2.7810379808328243	0.7737878988286975	0.0
2.782538810827877	0.7730086782500994	0.0
2.7840396408229298	0.7722299687744263	0.0
2.785540470817983	0.7714517849275272	0.0
2.7870413008130357	0.7706741412179953	0.0
2.7885421308080884	0.7698970521369704	0.0
2.790042960803141	0.7691205321577819	0.0
2.791543790798194	0.7683445957355798	0.0
2.7930446207932467	0.7675692573071837	0.0
2.7945454507882994	0.7667945312907279	0.0
2.796046280783352	0.7660204320853494	0.0
2.797547110778405	0.7652469740709061	0.0
2.7990479407734576	0.7644741716076946	0.0
2.800548770768511	0.7637020390361439	0.0
2.8020496007635636	0.7629305906765871	0.0
2.8035504307586163	0.7621598408288688	0.0
2.805051260753669	0.7613898037721618	0.0
2.806552090748722	0.7606204937645991	0.0
2.8080529207437745	0.7598519250430759	0.0
2.8095537507388273	0.7590841118228943	0.0
2.81105458073388	0.7583170682974958	0.0
2.812555410728933	0.7575508086381797	0.0
2.8140562407239855	0.7567853469938189	0.0
2.8155570707190387	0.756020697490628	0.0
2.8170579007140915	0.7552568742318218	0.0
2.818558730709144	0.7544938912973701	0.0
2.820059560704197	0.7537317627437232	0.0
2.8215603906992497	0.7529705026035155	0.0
2.8230612206943024	0.7522101248852828	0.0
2.824562050689355	0.7514506435732348	0.0
2.8260628806844084	0.7506920726269725	0.0
2.827563710679461	0.7499344259811743	0.0
2.8290645406745134	0.7491777175453869	0.0
2.8305653706695666	0.7484219612036801	0.0
2.8320662006646193	0.7476671708144759	0.0
2.833567030659672	0.7469133602102029	0.0
2.835067860654725	0.746160543197027	0.0
2.8365686906497776	0.7454087335546866	0.0
2.8380695206448303	0.74465794503612	0.0
2.839570350639883	0.7439081913672535	0.0
2.8410711806349362	0.7431594862467568	0.0
2.842572010629989	0.7424118433457778	0.0
2.8440728406250417	0.74166527630758	0.0
2.8455736706200945	0.7409197987474552	0.0
2.847074500615147	0.7401754242523928	0.0
2.8485753306102	0.739432166380787	0.0
2.8500761606052527	0.7386900386622485	0.0
2.8515769906003055	0.7379490545973381	0.0
2.853077820595358	0.7372092276572878	0.0
2.854578650590411	0.7364705712837633	0.0
2.856079480585464	0.7357330988886582	0.0
2.857580310580517	0.7349968238537744	0.0
2.8590811405755696	0.73426175953063	0.0
2.8605819705706224	0.7335279192402241	0.0
2.862082800565675	0.7327953162727683	0.0
2.863583630560728	0.7320639638874866	0.0
2.8650844605557806	0.7313338753123139	0.0
2.8665852905508338	0.7306050637436647	0.0
2.8680861205458865	0.7298775423462794	0.0
2.869586950540939	0.7291513242528797	0.0
2.871087780535992	0.7284264225640538	0.0
2.8725886105310448	0.7277028503478903	0.0
2.8740894405260975	0.726980620639917	0.0
2.8755902705211502	0.7262597464426896	0.0
2.877091100516203	0.7255402407256993	0.0
2.8785919305112557	0.7248221164250571	0.0
2.8800927605063085	0.7241053864433592	0.0
2.8815935905013617	0.7233900636493907	0.0
2.8830944204964144	0.7226761608779446	0.0
2.8845952504914667	0.7219636909295685	0.0
2.88609608048652	0.7212526665703993	0.0
2.8875969104815726	0.7205431005318669	0.0
2.8890977404766254	0.7198350055105429	0.0
2.890598570471678	0.7191283941679296	0.0
2.892099400466731	0.7184232791302244	0.0
2.893600230461784	0.7177196729881198	0.0
2.8951010604568364	0.717017588296522	0.0
2.8966018904518895	0.7163170375745033	0.0
2.8981027204469423	0.7156180333049261	0.0
2.899603550441995	0.7149205879343216	0.0
2.9011043804370478	0.7142247138727245	0.0
2.9026052104321005	0.7135304234933982	0.0
2.9041060404271533	0.7128377291326929	0.0
2.905606870422206	0.7121466430897717	0.0
2.9071077004172587	0.7114571776264722	0.0
2.908608530412312	0.7107693449670823	0.0
2.9101093604073642	0.7100831572981732	0.0
2.9116101904024174	0.7093986267684264	0.0
2.91311102039747	0.7087157654883486	0.0
2.914611850392523	0.7080345855301735	0.0
2.9161126803875757	0.7073550989276589	0.0
2.9176135103826284	0.7066773176758778	0.0
2.919114340377681	0.7060012537310527	0.0
2.920615170372734	0.705326919010338	0.0
2.922116000367787	0.7046543253916582	0.0
2.92361683036284	0.7039834847135423	0.0
2.925117660357892	0.7033144087749597	0.0
2.9266184903529453	0.7026471093350715	0.0
2.928119320347998	0.7019815981131274	0.0
2.929620150343051	0.7013178867882557	0.0
2.9311209803381035	0.7006559869992727	0.0
2.9326218103331563	0.6999959103446056	0.0
2.9341226403282095	0.6993376683819743	0.0
2.9356234703232618	0.6986812726283782	0.0
2.937124300318315	0.69802673455979	0.0
2.9386251303133677	0.6973740656111205	0.0
2.94012596030842	0.6967232771759272	0.0
2.941626790303473	0.6960743806063444	0.0
2.943127620298526	0.6954273872128929	0.0
2.9446284502935787	0.6947823082643223	0.0
2.9461292802886314	0.6941391549874342	0.0
2.947630110283684	0.6934979385669604	0.0
2.9491309402787373	0.6928586701453922	0.0
2.9506317702737896	0.6922213608227996	0.0
2.952132600268843	0.6915860216567337	0.0
2.9536334302638956	0.6909526636619777	0.0
2.9551342602589483	0.6903212978105852	0.0
2.956635090254001	0.6896919350315197	0.0
2.958135920249054	0.6890645862106464	0.0
2.9596367502441066	0.6884392621904654	0.0
2.9611375802391593	0.6878159737701679	0.0
2.962638410234212	0.6871947317053153	0.0
2.9641392402292652	0.6865755467077203	0.0
2.9656400702243175	0.685958429445376	0.0
2.9671409002193707	0.6853433905422935	0.0
2.9686417302144235	0.6847304405783299	0.0
2.970142560209476	0.6841195900890799	0.0
2.971643390204529	0.6835108495657866	0.0
2.9731442201995817	0.6829042294550961	0.0
2.974645050194635	0.6822997401590408	0.0
2.976145880189687	0.6816973920348308	0.0
2.9776467101847404	0.6810971953947917	0.0
2.979147540179793	0.6804991605061913	0.0
2.9806483701748454	0.6799032975911325	0.0
2.9821492001698986	0.6793096168263415	0.0
2.9836500301649513	0.6787181283432255	0.0
2.985150860160004	0.6781288422275938	0.0
2.986651690155057	0.677541768519594	0.0
2.9881525201501096	0.6769569172136194	0.0
2.9896533501451628	0.6763742982581644	0.0
2.991154180140215	0.6757939215556601	0.0
2.9926550101352682	0.6752157969624416	0.0
2.994155840130321	0.6746399342885873	0.0
2.9956566701253737	0.6740663432977583	0.0
2.9971575001204265	0.6734950337072314	0.0
2.998658330115479	0.6729260151875868	0.0
3.000159160110532	0.6723592973628258	0.0
