0.0	0.9999977475127462	0.0
0.0015008299950527925	0.9999909900916509	0.0
0.003001659990105585	0.9999797278591106	0.0
0.004502489985158378	0.9999639610198229	0.0
0.00600331998021117	0.9999436898615182	0.0
0.007504149975263962	0.9999189147557053	0.0
0.009004979970316756	0.9998896361586814	0.0
0.010505809965369548	0.9998558546132168	0.0
0.01200663996042234	0.9998175707507371	0.0
0.013507469955475132	0.9997747852932968	0.0
0.015008299950527925	0.9997274990570308	0.0
0.01650912994558072	0.9996757129567085	0.0
0.01800995994063351	0.9996194280092163	0.0
0.019510789935686303	0.9995586453301644	0.0
0.021011619930739096	0.999493366126671	0.0
0.022512449925791888	0.999423591695359	0.0
0.02401327992084468	0.9993493234221454	0.0
0.025514109915897473	0.9992705627822268	0.0
0.027014939910950265	0.9991873113400608	0.0
0.028515769906003057	0.9990995707492952	0.0
0.03001659990105585	0.9990073427526304	0.0
0.031517429896108645	0.9989106291817992	0.0
0.03301825989116144	0.9988094319575309	0.0
0.03451908988621423	0.9987037530894504	0.0
0.03601991988126702	0.9985935946759833	0.0
0.037520749876319814	0.9984789589043388	0.0
0.03902157987137261	0.9983598480503344	0.0
0.0405224098664254	0.9982362644783853	0.0
0.04202323986147819	0.9981082106414105	0.0
0.043524069856530984	0.997975689080683	0.0
0.045024899851583776	0.9978387024257661	0.0
0.04652572984663657	0.9976972533944123	0.0
0.04802655984168936	0.9975513447924613	0.0
0.04952738983674215	0.9974009795137704	0.0
0.051028219831794945	0.9972461605400461	0.0
0.05252904982684774	0.997086890940799	0.0
0.05402987982190053	0.996923173873195	0.0
0.05553070981695332	0.9967550125819425	0.0
0.057031539812006114	0.9965824103991814	0.0
0.05853236980705891	0.9964053707443731	0.0
0.0600331998021117	0.996223897124151	0.0
0.06153402979716449	0.9960379931322146	0.0
0.06303485979221729	0.9958476624492016	0.0
0.06453568978727008	0.9956529088425503	0.0
0.06603651978232288	0.9954537361663647	0.0
0.06753734977737566	0.9952501483612936	0.0
0.06903817977242846	0.9950421494543893	0.0
0.07053900976748124	0.994829743558931	0.0
0.07203983976253404	0.9946129348743438	0.0
0.07354066975758683	0.9943917276859809	0.0
0.07504149975263963	0.9941661263650273	0.0
0.07654232974769241	0.9939361353682858	0.0
0.07804315974274521	0.9937017592381117	0.0
0.079543989737798	0.9934630026021656	0.0
0.0810448197328508	0.9932198701733229	0.0
0.08254564972790358	0.9929723667494383	0.0
0.08404647972295638	0.9927204972132659	0.0
0.08554730971800917	0.992464266532193	0.0
0.08704813971306197	0.9922036797581354	0.0
0.08854896970811475	0.9919387420273437	0.0
0.09004979970316755	0.9916694585602152	0.0
0.09155062969822034	0.9913958346611654	0.0
0.09305145969327314	0.9911178757183385	0.0
0.09455228968832592	0.9908355872035379	0.0
0.09605311968337872	0.9905489746719819	0.0
0.09755394967843152	0.9902580437621342	0.0
0.0990547796734843	0.9899628001954591	0.0
0.1005556096685371	0.989663249776305	0.0
0.10205643966358989	0.9893593983916569	0.0
0.10355726965864269	0.989051252010962	0.0
0.10505809965369547	0.988738816685905	0.0
0.10655892964874827	0.9884220985502375	0.0
0.10805975964380106	0.9881011038194788	0.0
0.10956058963885386	0.9877758387908753	0.0
0.11106141963390664	0.9874463098430187	0.0
0.11256224962895944	0.9871125234357564	0.0
0.11406307962401223	0.9867744861098848	0.0
0.11556390961906503	0.9864322044870063	0.0
0.11706473961411781	0.9860856852692603	0.0
0.11856556960917061	0.9857349352391145	0.0
0.1200663996042234	0.9853799612591201	0.0
0.1215672295992762	0.9850207702717735	0.0
0.12306805959432898	0.9846573692991342	0.0
0.12456888958938178	0.984289765442744	0.0
0.12606971958443458	0.9839179658833362	0.0
0.12757054957948735	0.9835419778805499	0.0
0.12907137957454015	0.983161808772781	0.0
0.13057220956959295	0.982777465976883	0.0
0.13207303956464575	0.9823889569879549	0.0
0.13357386955969852	0.9819962893791012	0.0
0.13507469955475132	0.9815994708011611	0.0
0.13657552954980412	0.9811985089824796	0.0
0.13807635954485692	0.9807934117286737	0.0
0.1395771895399097	0.980384186922351	0.0
0.1410780195349625	0.9799708425228957	0.0
0.1425788495300153	0.9795533865661679	0.0
0.1440796795250681	0.9791318271643092	0.0
0.1455805095201209	0.9787061725054215	0.0
0.14708133951517366	0.9782764308533559	0.0
0.14858216951022646	0.9778426105474197	0.0
0.15008299950527926	0.9774047200021333	0.0
0.15158382950033206	0.9769627677069919	0.0
0.15308465949538483	0.9765167622261552	0.0
0.15458548949043763	0.9760667121981781	0.0
0.15608631948549043	0.975612626335788	0.0
0.15758714948054323	0.975154513425595	0.0
0.159087979475596	0.9746923823278003	0.0
0.1605888094706488	0.9742262419759352	0.0
0.1620896394657016	0.9737561013766122	0.0
0.1635904694607544	0.9732819696092342	0.0
0.16509129945580717	0.9728038558256941	0.0
0.16659212945085997	0.9723217692501231	0.0
0.16809295944591277	0.9718357191786071	0.0
0.16959378944096556	0.9713457149788873	0.0
0.17109461943601834	0.970851766090111	0.0
0.17259544943107114	0.9703538820225407	0.0
0.17409627942612393	0.9698520723572617	0.0
0.17559710942117673	0.9693463467458738	0.0
0.1770979394162295	0.968836714910231	0.0
0.1785987694112823	0.9683231866421738	0.0
0.1800995994063351	0.9678057718031933	0.0
0.1816004294013879	0.9672844803241669	0.0
0.18310125939644067	0.9667593222050691	0.0
0.18460208939149347	0.9662303075146893	0.0
0.18610291938654627	0.965697446390297	0.0
0.18760374938159907	0.9651607490373995	0.0
0.18910457937665184	0.9646202257294078	0.0
0.19060540937170464	0.9640758868073481	0.0
0.19210623936675744	0.9635277426795916	0.0
0.19360706936181024	0.9629758038215019	0.0
0.19510789935686304	0.9624200807751818	0.0
0.1966087293519158	0.9618605841491675	0.0
0.1981095593469686	0.9612973246181042	0.0
0.1996103893420214	0.9607303129224579	0.0
0.2011112193370742	0.960159559868223	0.0
0.20261204933212698	0.9595850763266269	0.0
0.20411287932717978	0.9590068732337708	0.0
0.20561370932223258	0.9584249615903685	0.0
0.20711453931728538	0.9578393524614541	0.0
0.20861536931233815	0.9572500569760445	0.0
0.21011619930739095	0.956657086326825	0.0
0.21161702930244375	0.9560604517698872	0.0
0.21311785929749655	0.9554601646243774	0.0
0.21461868929254932	0.9548562362721962	0.0
0.21611951928760212	0.9542486781577183	0.0
0.21762034928265492	0.9536375017874446	0.0
0.21912117927770772	0.953022718729695	0.0
0.2206220092727605	0.952404340614297	0.0
0.2221228392678133	0.9517823791323418	0.0
0.2236236692628661	0.9511568460357223	0.0
0.2251244992579189	0.9505277531370034	0.0
0.22662532925297166	0.9498951123089466	0.0
0.22812615924802446	0.9492589354842954	0.0
0.22962698924307726	0.9486192346554302	0.0
0.23112781923813006	0.9479760218740371	0.0
0.23262864923318283	0.9473293092508417	0.0
0.23412947922823563	0.9466791089552299	0.0
0.23563030922328843	0.9460254332149726	0.0
0.23713113921834122	0.9453682943158881	0.0
0.238631969213394	0.944707704601532	0.0
0.2401327992084468	0.944043676472905	0.0
0.2416336292034996	0.9433762223881033	0.0
0.2431344591985524	0.9427053548619808	0.0
0.2446352891936052	0.942031086465905	0.0
0.24613611918865796	0.9413534298273739	0.0
0.24763694918371076	0.9406723976297245	0.0
0.24913777917876356	0.9399880026117888	0.0
0.25063860917381636	0.9393002575675976	0.0
0.25213943916886916	0.9386091753460662	0.0
0.25364026916392196	0.9379147688506703	0.0
0.2551410991589747	0.9372170510390728	0.0
0.2566419291540275	0.9365160349228995	0.0
0.2581427591490803	0.9358117335673443	0.0
0.2596435891441331	0.9351041600908739	0.0
0.2611444191391859	0.9343933276649192	0.0
0.2626452491342387	0.9336792495135245	0.0
0.2641460791292915	0.9329619389130558	0.0
0.2656469091243443	0.9322414091918596	0.0
0.26714773911939704	0.9315176737299511	0.0
0.26864856911444984	0.9307907459586733	0.0
0.27014939910950264	0.9300606393604306	0.0
0.27165022910455544	0.9293273674682953	0.0
0.27315105909960824	0.9285909438657305	0.0
0.27465188909466104	0.9278513821862571	0.0
0.27615271908971384	0.927108696113125	0.0
0.27765354908476664	0.9263628993790229	0.0
0.2791543790798194	0.9256140057657218	0.0
0.2806552090748722	0.9248620291037447	0.0
0.282156039069925	0.9241069832720763	0.0
0.2836568690649778	0.9233488821978387	0.0
0.2851576990600306	0.9225877398559471	0.0
0.2866585290550834	0.9218235702688062	0.0
0.2881593590501362	0.9210563875059826	0.0
0.289660189045189	0.9202862056838642	0.0
0.2911610190402418	0.9195130389653666	0.0
0.2926618490352945	0.9187369015596084	0.0
0.2941626790303473	0.9179578077215708	0.0
0.2956635090254001	0.9171757717517941	0.0
0.2971643390204529	0.9163908079960553	0.0
0.2986651690155057	0.9156029308450054	0.0
0.3001659990105585	0.9148121547339269	0.0
0.3016668290056113	0.9140184941423382	0.0
0.3031676590006641	0.9132219635936892	0.0
0.30466848899571686	0.9124225776550866	0.0
0.30616931899076966	0.911620350936902	0.0
0.30767014898582246	0.9108152980925175	0.0
0.30917097898087526	0.9100074338179412	0.0
0.31067180897592805	0.909196772851533	0.0
0.31217263897098085	0.9083833299736656	0.0
0.31367346896603365	0.907567120006403	0.0
0.31517429896108645	0.9067481578131888	0.0
0.3166751289561392	0.9059264582985217	0.0
0.318175958951192	0.9051020364075936	0.0
0.3196767889462448	0.9042749071260572	0.0
0.3211776189412976	0.9034450854796202	0.0
0.3226784489363504	0.9026125865337884	0.0
0.3241792789314032	0.9017774253934768	0.0
0.325680108926456	0.9009396172027704	0.0
0.3271809389215088	0.900099177144522	0.0
0.32868176891656153	0.8992561204401174	0.0
0.33018259891161433	0.8984104623490735	0.0
0.33168342890666713	0.8975622181687782	0.0
0.33318425890171993	0.8967114032341315	0.0
0.33468508889677273	0.895858032917267	0.0
0.33618591889182553	0.8950021226271831	0.0
0.33768674888687833	0.8941436878094591	0.0
0.33918757888193113	0.8932827439459292	0.0
0.34068840887698393	0.8924193065543615	0.0
0.34218923887203667	0.8915533911881117	0.0
0.34369006886708947	0.8906850134358614	0.0
0.34519089886214227	0.8898141889212707	0.0
0.34669172885719507	0.888940933302613	0.0
0.34819255885224787	0.888065262272554	0.0
0.34969338884730067	0.8871871915577342	0.0
0.35119421884235347	0.8863067369185283	0.0
0.35269504883740627	0.8854239141486664	0.0
0.354195878832459	0.8845387390749674	0.0
0.3556967088275118	0.8836512275569809	0.0
0.3571975388225646	0.8827613954866946	0.0
0.3586983688176174	0.8818692587882087	0.0
0.3601991988126702	0.880974833417407	0.0
0.361700028807723	0.8800781353616416	0.0
0.3632008588027758	0.8791791806394421	0.0
0.3647016887978286	0.8782779853001647	0.0
0.36620251879288135	0.8773745654236917	0.0
0.36770334878793415	0.8764689371201212	0.0
0.36920417878298695	0.8755611165294149	0.0
0.37070500877803975	0.8746511198211275	0.0
0.37220583877309255	0.8737389631940645	0.0
0.37370666876814534	0.8728246628759712	0.0
0.37520749876319814	0.8719082351231889	0.0
0.37670832875825094	0.8709896962203849	0.0
0.3782091587533037	0.870069062480206	0.0
0.3797099887483565	0.8691463502429756	0.0
0.3812108187434093	0.8682215758763673	0.0
0.3827116487384621	0.8672947557750821	0.0
0.3842124787335149	0.8663659063605503	0.0
0.3857133087285677	0.8654350440806133	0.0
0.3872141387236205	0.8645021854091699	0.0
0.3887149687186733	0.8635673468459314	0.0
0.3902157987137261	0.8626305449160369	0.0
0.3917166287087788	0.8616917961697604	0.0
0.3932174587038316	0.8607511171822089	0.0
0.3947182886988844	0.8598085245529876	0.0
0.3962191186939372	0.8588640349059227	0.0
0.39771994868899	0.8579176648886675	0.0
0.3992207786840428	0.8569694311724532	0.0
0.4007216086790956	0.856019350451774	0.0
0.4022224386741484	0.855067439444001	0.0
0.40372326866920116	0.854113714889151	0.0
0.40522409866425396	0.8531581935495367	0.0
0.40672492865930676	0.852200892209443	0.0
0.40822575865435956	0.8512418276747995	0.0
0.40972658864941236	0.8502810167728899	0.0
0.41122741864446516	0.8493184763520463	0.0
0.41272824863951796	0.8483542232812971	0.0
0.41422907863457076	0.8473882744500633	0.0
0.4157299086296235	0.8464206467678651	0.0
0.4172307386246763	0.8454513571639841	0.0
0.4187315686197291	0.8444804225871477	0.0
0.4202323986147819	0.8435078600052299	0.0
0.4217332286098347	0.8425336864048809	0.0
0.4232340586048875	0.8415579187913234	0.0
0.4247348885999403	0.8405805741879212	0.0
0.4262357185949931	0.8396016696358971	0.0
0.42773654859004584	0.8386212221940691	0.0
0.42923737858509864	0.8376392489384699	0.0
0.43073820858015144	0.836655766962074	0.0
0.43223903857520424	0.8356707933744357	0.0
0.43373986857025704	0.8346843453014039	0.0
0.43524069856530984	0.8336964398848342	0.0
0.43674152856036264	0.8327070942821918	0.0
0.43824235855541543	0.8317163256663289	0.0
0.43974318855046823	0.8307241512250879	0.0
0.441244018545521	0.8297305881610816	0.0
0.4427448485405738	0.8287356536912395	0.0
0.4442456785356266	0.8277393650466089	0.0
0.4457465085306794	0.8267417394720066	0.0
0.4472473385257322	0.825742794225674	0.0
0.448748168520785	0.8247425465789925	0.0
0.4502489985158378	0.8237410138161431	0.0
0.45174982851089057	0.8227382132338236	0.0
0.4532506585059433	0.8217341621409039	0.0
0.4547514885009961	0.8207288778581031	0.0
0.4562523184960489	0.8197223777177124	0.0
0.4577531484911017	0.8187146790632243	0.0
0.4592539784861545	0.8177057992490713	0.0
0.4607548084812073	0.8166957556402599	0.0
0.4622556384762601	0.8156845656120947	0.0
0.4637564684713129	0.8146722465498332	0.0
0.46525729846636565	0.8136588158483812	0.0
0.46675812846141845	0.812644290911964	0.0
0.46825895845647125	0.8116286891538411	0.0
0.46975978845152405	0.8106120279959669	0.0
0.47126061844657685	0.8095943248686448	0.0
0.47276144844162965	0.8085755972102805	0.0
0.47426227843668245	0.8075558624669851	0.0
0.47576310843173525	0.8065351380923256	0.0
0.477263938426788	0.80551344154698	0.0
0.4787647684218408	0.8044907902984134	0.0
0.4802655984168936	0.803467201820547	0.0
0.4817664284119464	0.8024426935934955	0.0
0.4832672584069992	0.8014172831032074	0.0
0.484768088402052	0.8003909878411465	0.0
0.4862689183971048	0.7993638253039826	0.0
0.4877697483921576	0.798335812993292	0.0
0.4892705783872104	0.797306968415219	0.0
0.49077140838226313	0.7962773090801614	0.0
0.49227223837731593	0.7952468525024634	0.0
0.49377306837236873	0.7942156162000882	0.0
0.49527389836742153	0.7931836176943009	0.0
0.4967747283624743	0.7921508745093452	0.0
0.4982755583575271	0.7911174041721629	0.0
0.4997763883525799	0.7900832242120299	0.0
0.5012772183476327	0.7890483521602667	0.0
0.5027780483426855	0.7880128055499046	0.0
0.5042788783377383	0.7869766019154045	0.0
0.5057797083327911	0.785939758792268	0.0
0.5072805383278439	0.7849022937168031	0.0
0.5087813683228967	0.7838642242257562	0.0
0.5102821983179494	0.7828255678560039	0.0
0.5117830283130023	0.7817863421442356	0.0
0.513283858308055	0.7807465646266641	0.0
0.5147846883031079	0.7797062528386526	0.0
0.5162855182981606	0.7786654243144894	0.0
0.5177863482932135	0.777624096586941	0.0
0.5192871782882662	0.7765822871870516	0.0
0.520788008283319	0.7755400136437812	0.0
0.5222888382783718	0.774497293483693	0.0
0.5237896682734245	0.773454144230619	0.0
0.5252904982684774	0.7724105834053745	0.0
0.5267913282635301	0.7713666285254162	0.0
0.528292158258583	0.7703222971045541	0.0
0.5297929882536357	0.7692776066526065	0.0
0.5312938182486886	0.7682325746750995	0.0
0.5327946482437413	0.7671872186729364	0.0
0.5342954782387941	0.7661415561421308	0.0
0.5357963082338469	0.7650956045734143	0.0
0.5372971382288997	0.7640493814519967	0.0
0.5387979682239525	0.7630029042572003	0.0
0.5402987982190053	0.7619561904621502	0.0
0.5417996282140581	0.7609092575335092	0.0
0.5433004582091109	0.7598621229310953	0.0
0.5448012882041637	0.7588148041075856	0.0
0.5463021181992165	0.7577673185082424	0.0
0.5478029481942692	0.7567196835705616	0.0
0.5493037781893221	0.7556719167239795	0.0
0.5508046081843748	0.7546240353895091	0.0
0.5523054381794277	0.753576056979539	0.0
0.5538062681744804	0.7525279988973667	0.0
0.5553070981695333	0.7514798785370234	0.0
0.556807928164586	0.7504317132828884	0.0
0.5583087581596388	0.7493835205093842	0.0
0.5598095881546916	0.7483353175806973	0.0
0.5613104181497444	0.7472871218504188	0.0
0.5628112481447972	0.7462389506612739	0.0
0.56431207813985	0.7451908213448023	0.0
0.5658129081349028	0.7441427512210183	0.0
0.5673137381299556	0.743094757598147	0.0
0.5688145681250084	0.7420468577722759	0.0
0.5703153981200612	0.7409990690270758	0.0
0.5718162281151139	0.7399514086334447	0.0
0.5733170581101668	0.7389038938492622	0.0
0.5748178881052195	0.7378565419190342	0.0
0.5763187181002724	0.7368093700735814	0.0
0.5778195480953251	0.7357623955297858	0.0
0.579320378090378	0.7347156354902372	0.0
0.5808212080854307	0.7336691071429124	0.0
0.5823220380804836	0.732622827660919	0.0
0.5838228680755363	0.731576814202148	0.0
0.585323698070589	0.7305310839090006	0.0
0.5868245280656419	0.7294856539080413	0.0
0.5883253580606946	0.7284405413097264	0.0
0.5898261880557475	0.727395763208105	0.0
0.5913270180508002	0.7263513366804647	0.0
0.5928278480458531	0.7253072787870994	0.0
0.5943286780409058	0.7242636065709714	0.0
0.5958295080359586	0.7232203370573853	0.0
0.5973303380310114	0.722177487253728	0.0
0.5988311680260642	0.72113507414915	0.0
0.600331998021117	0.7200931147142544	0.0
0.6018328280161698	0.7190516259008113	0.0
0.6033336580112226	0.7180106246414621	0.0
0.6048344880062754	0.7169701278494218	0.0
0.6063353180013282	0.7159301524181285	0.0
0.607836147996381	0.7148907152210473	0.0
0.6093369779914337	0.7138518331112668	0.0
0.6108378079864866	0.7128135229212774	0.0
0.6123386379815393	0.7117758014626433	0.0
0.6138394679765922	0.7107386855257044	0.0
0.6153402979716449	0.7097021918792983	0.0
0.6168411279666978	0.708666337270459	0.0
0.6183419579617505	0.7076311384241311	0.0
0.6198427879568033	0.7065966120428502	0.0
0.6213436179518561	0.7055627748064606	0.0
0.6228444479469089	0.704529643371871	0.0
0.6243452779419617	0.7034972343726951	0.0
0.6258461079370145	0.7024655644190149	0.0
0.6273469379320673	0.7014346500970602	0.0
0.62884776792712	0.7004045079689338	0.0
0.6303485979221729	0.6993751545723184	0.0
0.6318494279172256	0.6983466064201945	0.0
0.6333502579122784	0.6973188800005351	0.0
0.6348510879073312	0.6962919917760654	0.0
0.636351917902384	0.6952659581839353	0.0
0.6378527478974368	0.6942407956354375	0.0
0.6393535778924896	0.6932165205157838	0.0
0.6408544078875424	0.6921931491837311	0.0
0.6423552378825952	0.691170697971372	0.0
0.643856067877648	0.6901491831838179	0.0
0.6453568978727008	0.6891286210989447	0.0
0.6468577278677535	0.6881090279670867	0.0
0.6483585578628064	0.6870904200107945	0.0
0.6498593878578591	0.6860728134245027	0.0
0.651360217852912	0.6850562243743442	0.0
0.6528610478479647	0.6840406689977517	0.0
0.6543618778430176	0.6830261634033039	0.0
0.6558627078380703	0.6820127236703878	0.0
0.6573635378331231	0.6810003658489289	0.0
0.6588643678281759	0.6799891059591193	0.0
0.6603651978232287	0.6789789599911991	0.0
0.6618660278182815	0.6779699439050968	0.0
0.6633668578133343	0.6769620736302508	0.0
0.6648676878083871	0.6759553650652775	0.0
0.6663685178034399	0.6749498340777481	0.0
0.6678693477984927	0.6739454965038889	0.0
0.6693701777935455	0.6729423681483159	0.0
0.6708710077885982	0.6719404647838312	0.0
0.6723718377836511	0.6709398021510824	0.0
0.6738726677787038	0.669940395958346	0.0
0.6753734977737567	0.6689422618812676	0.0
0.6768743277688094	0.6679454155625668	0.0
0.6783751577638623	0.6669498726118163	0.0
0.679875987758915	0.6659556486051622	0.0
0.6813768177539679	0.6649627590850948	0.0
0.6828776477490206	0.6639712195601787	0.0
0.6843784777440733	0.6629810455047616	0.0
0.6858793077391262	0.6619922523587946	0.0
0.6873801377341789	0.6610048555275231	0.0
0.6888809677292318	0.6600188703812514	0.0
0.6903817977242845	0.659034312255087	0.0
0.6918826277193374	0.6580511964487324	0.0
0.6933834577143901	0.6570695382261731	0.0
0.6948842877094429	0.6560893528154812	0.0
0.6963851177044957	0.6551106554085485	0.0
0.6978859476995485	0.6541334611608499	0.0
0.6993867776946013	0.6531577851911612	0.0
0.7008876076896541	0.6521836425814193	0.0
0.7023884376847069	0.6512110483763554	0.0
0.7038892676797597	0.6502400175833344	0.0
0.7053900976748125	0.6492705651721031	0.0
0.7068909276698653	0.6483027060745248	0.0
0.708391757664918	0.6473364551844031	0.0
0.7098925876599709	0.6463718273571678	0.0
0.7113934176550236	0.6454088374096941	0.0
0.7128942476500765	0.6444475001200506	0.0
0.7143950776451292	0.643487830227295	0.0
0.7158959076401821	0.64252984243121	0.0
0.7173967376352348	0.6415735513920602	0.0
0.7188975676302876	0.6406189717304379	0.0
0.7203983976253404	0.6396661180269405	0.0
0.7218992276203932	0.638715004822029	0.0
0.723400057615446	0.6377656466157416	0.0
0.7249008876104988	0.6368180578675036	0.0
0.7264017176055516	0.6358722529959003	0.0
0.7279025476006044	0.6349282463784564	0.0
0.7294033775956572	0.6339860523513858	0.0
0.73090420759071	0.6330456852094309	0.0
0.7324050375857627	0.6321071592056059	0.0
0.7339058675808156	0.6311704885509701	0.0
0.7354066975758683	0.6302356874144462	0.0
0.7369075275709212	0.629302769922594	0.0
0.7384083575659739	0.628371750159385	0.0
0.7399091875610267	0.6274426421660045	0.0
0.7414100175560795	0.626515459940645	0.0
0.7429108475511323	0.6255902174382502	0.0
0.7444116775461851	0.6246669285704094	0.0
0.7459125075412378	0.6237456072050408	0.0
0.7474133375362907	0.6228262671662486	0.0
0.7489141675313434	0.6219089222340984	0.0
0.7504149975263963	0.6209935861444278	0.0
0.751915827521449	0.6200802725886324	0.0
0.7534166575165019	0.6191689952134437	0.0
0.7549174875115546	0.6182597676208063	0.0
0.7564183175066074	0.6173526033675834	0.0
0.7579191475016602	0.6164475159654008	0.0
0.759419977496713	0.6155445188804877	0.0
0.7609208074917658	0.6146436255334163	0.0
0.7624216374868186	0.6137448492989619	0.0
0.7639224674818714	0.6128482035058683	0.0
0.7654232974769242	0.6119537014366995	0.0
0.766924127471977	0.6110613563275938	0.0
0.7684249574670298	0.6101711813681526	0.0
0.7699257874620825	0.6092831897011733	0.0
0.7714266174571354	0.6083973944224964	0.0
0.7729274474521881	0.607513808580855	0.0
0.774428277447241	0.6066324451776097	0.0
0.7759291074422937	0.605753317166658	0.0
0.7774299374373466	0.6048764374541732	0.0
0.7789307674323993	0.6040018188984828	0.0
0.7804315974274522	0.6031294743098466	0.0
0.7819324274225049	0.6022594164503058	0.0
0.7834332574175576	0.6013916580334986	0.0
0.7849340874126105	0.6005262117244612	0.0
0.7864349174076632	0.5996630901395	0.0
0.7879357474027161	0.5988023058459824	0.0
0.7894365773977688	0.5979438713621551	0.0
0.7909374073928217	0.5970877991569993	0.0
0.7924382373878744	0.5962341016500564	0.0
0.7939390673829272	0.595382791211268	0.0
0.79543989737798	0.5945338801607603	0.0
0.7969407273730328	0.5936873807687301	0.0
0.7984415573680856	0.5928433052552567	0.0
0.7999423873631384	0.5920016657901366	0.0
0.8014432173581912	0.5911624744927149	0.0
0.802944047353244	0.5903257434317433	0.0
0.8044448773482968	0.5894914846251837	0.0
0.8059457073433496	0.5886597100400812	0.0
0.8074465373384023	0.5878304315924102	0.0
0.8089473673334552	0.5870036611468654	0.0
0.8104481973285079	0.5861794105167499	0.0
0.8119490273235608	0.5853576914638192	0.0
0.8134498573186135	0.5845385156980865	0.0
0.8149506873136664	0.5837218948777187	0.0
0.8164515173087191	0.5829078406088415	0.0
0.817952347303772	0.5820963644454147	0.0
0.8194531772988247	0.5812874778890634	0.0
0.8209540072938775	0.5804811923889514	0.0
0.8224548372889303	0.5796775193415892	0.0
0.8239556672839831	0.5788764700907424	0.0
0.8254564972790359	0.5780780559272306	0.0
0.8269573272740887	0.5772822880888286	0.0
0.8284581572691415	0.5764891777600891	0.0
0.8299589872641943	0.5756987360721841	0.0
0.831459817259247	0.5749109741028307	0.0
0.8329606472542999	0.5741259028760651	0.0
0.8344614772493526	0.573343533362161	0.0
0.8359623072444055	0.5725638764774615	0.0
0.8374631372394582	0.5717869430842506	0.0
0.838963967234511	0.5710127439906089	0.0
0.8404647972295638	0.5702412899502827	0.0
0.8419656272246167	0.5694725916625282	0.0
0.8434664572196694	0.5687066597720165	0.0
0.8449672872147221	0.5679435048686312	0.0
0.846468117209775	0.5671831374874214	0.0
0.8479689472048277	0.5664255681084048	0.0
0.8494697771998806	0.5656708071564487	0.0
0.8509706071949333	0.5649188650011457	0.0
0.8524714371899862	0.5641697519567058	0.0
0.8539722671850389	0.5634234782817557	0.0
0.8554730971800917	0.5626800541793172	0.0
0.8569739271751445	0.5619394897965763	0.0
0.8584747571701973	0.5612017952248133	0.0
0.8599755871652501	0.5604669804992826	0.0
0.8614764171603029	0.5597350555990462	0.0
0.8629772471553557	0.5590060304468746	0.0
0.8644780771504085	0.5582799149091412	0.0
0.8659789071454613	0.5575567187956544	0.0
0.8674797371405141	0.5568364518595814	0.0
0.8689805671355668	0.5561191237972811	0.0
0.8704813971306197	0.5554047442482333	0.0
0.8719822271256724	0.5546933227949046	0.0
0.8734830571207253	0.5539848689625999	0.0
0.874983887115778	0.5532793922193675	0.0
0.8764847171108309	0.5525769019758832	0.0
0.8779855471058836	0.5518774075853349	0.0
0.8794863771009365	0.5511809183432982	0.0
0.8809872070959892	0.5504874434876391	0.0
0.882488037091042	0.5497969921983719	0.0
0.8839888670860948	0.5491095735975529	0.0
0.8854896970811476	0.5484251967491998	0.0
0.8869905270762004	0.5477438706591544	0.0
0.8884913570712532	0.547065604274948	0.0
0.889992187066306	0.5463904064857587	0.0
0.8914930170613588	0.5457182861222094	0.0
0.8929938470564115	0.5450492519563581	0.0
0.8944946770514643	0.5443833127014993	0.0
0.8959955070465171	0.5437204770121213	0.0
0.89749633704157	0.5430607534837766	0.0
0.8989971670366227	0.5424041506529658	0.0
0.9004979970316755	0.5417506769970426	0.0
0.9019988270267283	0.5411003409341146	0.0
0.9034996570217811	0.5404531508229233	0.0
0.9050004870168339	0.5398091149627614	0.0
0.9065013170118866	0.5391682415933499	0.0
0.9080021470069395	0.538530538894743	0.0
0.9095029770019922	0.5378960149872299	0.0
0.9110038069970451	0.5372646779312449	0.0
0.9125046369920978	0.5366365357272249	0.0
0.9140054669871507	0.5360115963155764	0.0
0.9155062969822034	0.5353898675765177	0.0
0.9170071269772563	0.5347713573300146	0.0
0.918507956972309	0.5341560733356446	0.0
0.9200087869673618	0.5335440232925589	0.0
0.9215096169624146	0.5329352148393507	0.0
0.9230104469574674	0.5323296555539456	0.0
0.9245112769525202	0.5317273529535342	0.0
0.926012106947573	0.5311283144944654	0.0
0.9275129369426258	0.5305325475721546	0.0
0.9290137669376786	0.5299400595209859	0.0
0.9305145969327313	0.5293508576142325	0.0
0.9320154269277842	0.528764949063945	0.0
0.9335162569228369	0.5281823410208766	0.0
0.9350170869178898	0.5276030405744008	0.0
0.9365179169129425	0.5270270547523891	0.0
0.9380187469079954	0.5264543905211456	0.0
0.9395195769030481	0.5258850547853113	0.0
0.941020406898101	0.525319054387778	0.0
0.9425212368931537	0.5247563961095981	0.0
0.9440220668882064	0.5241970866699096	0.0
0.9455228968832593	0.5236411327258147	0.0
0.947023726878312	0.5230885408723491	0.0
0.9485245568733649	0.5225393176423359	0.0
0.9500253868684176	0.521993469506356	0.0
0.9515262168634705	0.5214510028726168	0.0
0.9530270468585232	0.5209119240869082	0.0
0.954527876853576	0.520376239432478	0.0
0.9560287068486288	0.5198439551300181	0.0
0.9575295368436816	0.5193150773374762	0.0
0.9590303668387344	0.5187896121500991	0.0
0.9605311968337872	0.5182675656002398	0.0
0.96203202682884	0.5177489436573637	0.0
0.9635328568238928	0.5172337522279147	0.0
0.9650336868189456	0.5167219971552516	0.0
0.9665345168139984	0.5162136842195801	0.0
0.9680353468090511	0.5157088191378658	0.0
0.969536176804104	0.5152074075637629	0.0
0.9710370067991567	0.5147094550875364	0.0
0.9725378367942096	0.5142149672359843	0.0
0.9740386667892623	0.513723949472358	0.0
0.9755394967843152	0.5132364071962965	0.0
0.9770403267793679	0.5127523457437446	0.0
0.9785411567744208	0.5122717703869073	0.0
0.9800419867694735	0.5117946863341222	0.0
0.9815428167645263	0.5113210987298263	0.0
0.9830436467595791	0.5108510126545011	0.0
0.9845444767546319	0.5103844331245508	0.0
0.9860453067496847	0.5099213650922784	0.0
0.9875461367447375	0.5094618134457888	0.0
0.9890469667397903	0.5090057830089417	0.0
0.9905477967348431	0.5085532785412568	0.0
0.9920486267298958	0.5081043047378548	0.0
0.9935494567249487	0.5076588662294195	0.0
0.9950502867200014	0.5072169675820976	0.0
0.9965511167150543	0.5067786132974414	0.0
0.998051946710107	0.5063438078123581	0.0
0.9995527767051599	0.5059125554990224	0.0
1.0010536067002127	0.5054848606648329	0.0
1.0025544366952654	0.5050607275523418	0.0
1.0040552666903182	0.50464016033919	0.0
1.005556096685371	0.5042231631380548	0.0
1.0070569266804237	0.5038097399965744	0.0
1.0085577566754766	0.5033998948973101	0.0
1.0100585866705294	0.5029936317576648	0.0
1.0115594166655821	0.5025909544298426	0.0
1.0130602466606349	0.5021918667007582	0.0
1.0145610766556878	0.5017963722920361	0.0
1.0160619066507406	0.5014044748599096	0.0
1.0175627366457933	0.5010161779951752	0.0
1.019063566640846	0.5006314852231486	0.0
1.0205643966358988	0.5002504000035957	0.0
1.0220652266309518	0.4998729257306953	0.0
1.0235660566260045	0.49949906573297437	0.0
1.0250668866210573	0.49912882327324204	0.0
1.02656771661611	0.49876220154860207	0.0
1.028068546611163	0.4983992036903218	0.0
1.0295693766062157	0.4980398327638205	0.0
1.0310702066012685	0.4976840917686405	0.0
1.0325710365963212	0.49733198363837533	0.0
1.034071866591374	0.4969835112406096	0.0
1.035572696586427	0.49663867737690043	0.0
1.0370735265814797	0.49629748478272545	0.0
1.0385743565765324	0.49595993612743894	0.0
1.0400751865715852	0.49562603401421435	0.0
1.041576016566638	0.49529578098002724	0.0
1.0430768465616909	0.49496917949559227	0.0
1.0445776765567436	0.4946462319653154	0.0
1.0460785065517963	0.49432694072729483	0.0
1.047579336546849	0.49401130805324023	0.0
1.049080166541902	0.49369933614846534	0.0
1.0505809965369548	0.49339102715181865	0.0
1.0520818265320075	0.49308638313568226	0.0
1.0535826565270603	0.4927854061058949	0.0
1.055083486522113	0.4924880980017775	0.0
1.056584316517166	0.49219446069605555	0.0
1.0580851465122187	0.49190449599481195	0.0
1.0595859765072715	0.4916182056375126	0.0
1.0610868065023242	0.49133559129693044	0.0
1.0625876364973772	0.4910566545791346	0.0
1.06408846649243	0.49078139702344975	0.0
1.0655892964874827	0.4905098201024517	0.0
1.0670901264825354	0.49024192522191684	0.0
1.0685909564775882	0.4899777137208187	0.0
1.0700917864726411	0.489717186871275	0.0
1.0715926164676939	0.4894603458785695	0.0
1.0730934464627466	0.4892071918810893	0.0
1.0745942764577994	0.48895772595030806	0.0
1.0760951064528523	0.4887119490907961	0.0
1.077595936447905	0.4884698622401751	0.0
1.0790967664429578	0.4882314662691092	0.0
1.0805975964380106	0.4879967619812891	0.0
1.0820984264330633	0.48776575011341416	0.0
1.0835992564281163	0.48753843133518004	0.0
1.085100086423169	0.4873148062492767	0.0
1.0866009164182218	0.48709487539134416	0.0
1.0881017464132745	0.48687863923000374	0.0
1.0896025764083275	0.4866660981668206	0.0
1.0911034064033802	0.486457252536313	0.0
1.092604236398433	0.4862521026059204	0.0
1.0941050663934857	0.48605064857604363	0.0
1.0956058963885384	0.48585289057997993	0.0
1.0971067263835914	0.4856588286839712	0.0
1.0986075563786442	0.4854684628871742	0.0
1.100108386373697	0.4852817931216616	0.0
1.1016092163687496	0.48509881925244286	0.0
1.1031100463638024	0.4849195410774514	0.0
1.1046108763588554	0.4847439583275224	0.0
1.106111706353908	0.48457207066645624	0.0
1.1076125363489608	0.48440387769097737	0.0
1.1091133663440136	0.4842393789307611	0.0
1.1106141963390666	0.4840785738484183	0.0
1.1121150263341193	0.4839214618395343	0.0
1.113615856329172	0.4837680422326875	0.0
1.1151166863242248	0.48361831428941193	0.0
1.1166175163192775	0.4834722772042759	0.0
1.1181183463143305	0.4833299301048143	0.0
1.1196191763093832	0.48319127205164714	0.0
1.121120006304436	0.48305630203841454	0.0
1.1226208362994887	0.4829250189918345	0.0
1.1241216662945417	0.48279742177172214	0.0
1.1256224962895944	0.4826735091709815	0.0
1.1271233262846472	0.4825532799156798	0.0
1.1286241562797	0.48243673266503045	0.0
1.1301249862747527	0.48232386601143906	0.0
1.1316258162698056	0.48221467848051935	0.0
1.1331266462648584	0.4821091685311462	0.0
1.1346274762599111	0.48200733455545347	0.0
1.1361283062549639	0.4819091748789041	0.0
1.1376291362500168	0.48181468776027175	0.0
1.1391299662450696	0.4817238713917424	0.0
1.1406307962401223	0.4816367238988716	0.0
1.142131626235175	0.48155324334072075	0.0
1.1436324562302278	0.481473427709798	0.0
1.1451332862252808	0.4813972749321672	0.0
1.1466341162203335	0.4813247828674698	0.0
1.1481349462153863	0.48125594930894855	0.0
1.149635776210439	0.48119077198352933	0.0
1.151136606205492	0.48112924855184974	0.0
1.1526374362005447	0.4810713766082989	0.0
1.1541382661955975	0.48101715368109604	0.0
1.1556390961906502	0.48096657723231007	0.0
1.157139926185703	0.48091964465794007	0.0
1.158640756180756	0.4808763532879505	0.0
1.1601415861758086	0.48083670038634296	0.0
1.1616424161708614	0.48080068315120383	0.0
1.1631432461659141	0.4807682987147686	0.0
1.164644076160967	0.48073954414348546	0.0
1.1661449061560198	0.4807144164380737	0.0
1.1676457361510726	0.48069291253360497	0.0
1.1691465661461253	0.4806750292995354	0.0
1.170647396141178	0.4806607635398073	0.0
1.172148226136231	0.4806501119929001	0.0
1.1736490561312838	0.48064307133191053	0.0
1.1751498861263365	0.4806396381646208	0.0
1.1766507161213893	0.48063980903357373	0.0
1.178151546116442	0.48064358041615457	0.0
1.179652376111495	0.48065094872465275	0.0
1.1811532061065477	0.4806619103063629	0.0
1.1826540361016005	0.48067646144365117	0.0
1.1841548660966532	0.48069459835404266	0.0
1.1856556960917062	0.48071631719029706	0.0
1.187156526086759	0.4807416140405216	0.0
1.1886573560818117	0.4807704849282155	0.0
1.1901581860768644	0.4808029258123959	0.0
1.1916590160719172	0.48083893258768945	0.0
1.1931598460669701	0.4808785010843906	0.0
1.1946606760620229	0.48092162706857244	0.0
1.1961615060570756	0.48096830624221354	0.0
1.1976623360521284	0.4810185342432451	0.0
1.1991631660471813	0.4810723066456795	0.0
1.200663996042234	0.4811296189597159	0.0
1.2021648260372868	0.4811904666318249	0.0
1.2036656560323395	0.48125484504485294	0.0
1.2051664860273923	0.4813227495181582	0.0
1.2066673160224453	0.48139417530766704	0.0
1.208168146017498	0.4814691176060267	0.0
1.2096689760125507	0.481547571542698	0.0
1.2111698060076035	0.4816295321840668	0.0
1.2126706360026565	0.4817149945335787	0.0
1.2141714659977092	0.4818039535318198	0.0
1.215672295992762	0.4818964040566598	0.0
1.2171731259878147	0.4819923409233489	0.0
1.2186739559828674	0.482091758884678	0.0
1.2201747859779204	0.48219465263105843	0.0
1.2216756159729731	0.48230101679066933	0.0
1.2231764459680259	0.48241084592956396	0.0
1.2246772759630786	0.48252413455183485	0.0
1.2261781059581316	0.48264087709970516	0.0
1.2276789359531843	0.48276106795366996	0.0
1.229179765948237	0.48288470143263496	0.0
1.2306805959432898	0.4830117717940279	0.0
1.2321814259383426	0.48314227323398967	0.0
1.2336822559333955	0.4832761998874352	0.0
1.2351830859284483	0.4834135458282522	0.0
1.236683915923501	0.48355430506940833	0.0
1.2381847459185538	0.4836984715631065	0.0
1.2396855759136065	0.483846039200932	0.0
1.2411864059086595	0.48399700181397826	0.0
1.2426872359037122	0.48415135317300656	0.0
1.244188065898765	0.48430908698860503	0.0
1.2456888958938177	0.4844701969113233	0.0
1.2471897258888707	0.4846346765318311	0.0
1.2486905558839234	0.4848025193810423	0.0
1.2501913858789762	0.48497371893032437	0.0
1.251692215874029	0.4851482685916092	0.0
1.2531930458690816	0.48532616171755305	0.0
1.2546938758641346	0.485507391601728	0.0
1.2561947058591874	0.48569195147874483	0.0
1.25769553585424	0.48587983452444944	0.0
1.2591963658492928	0.4860710338560458	0.0
1.2606971958443458	0.48626554253230536	0.0
1.2621980258393986	0.4864633535536878	0.0
1.2636988558344513	0.4866644598625507	0.0
1.265199685829504	0.48686885434329036	0.0
1.2667005158245568	0.4870765298225331	0.0
1.2682013458196097	0.487287479069278	0.0
1.2697021758146625	0.48750169479510974	0.0
1.2712030058097152	0.4877191696543363	0.0
1.272703835804768	0.4879398962441932	0.0
1.274204665799821	0.4881638671050031	0.0
1.2757054957948737	0.48839107472037024	0.0
1.2772063257899264	0.488621511517351	0.0
1.2787071557849792	0.4888551698666318	0.0
1.280207985780032	0.4890920420827175	0.0
1.2817088157750849	0.48933212042413	0.0
1.2832096457701376	0.48957539709357095	0.0
1.2847104757651904	0.48982186423812774	0.0
1.2862113057602431	0.49007151394944976	0.0
1.287712135755296	0.49032433826394767	0.0
1.2892129657503488	0.49058032916296923	0.0
1.2907137957454016	0.4908394785730169	0.0
1.2922146257404543	0.49110177836591884	0.0
1.293715455735507	0.491367220359041	0.0
1.29521628573056	0.4916357963154667	0.0
1.2967171157256128	0.4919074979442113	0.0
1.2982179457206655	0.49218231690040615	0.0
1.2997187757157183	0.49246024478550887	0.0
1.3012196057107712	0.49274127314751254	0.0
1.302720435705824	0.49302539348111796	0.0
1.3042212657008767	0.4933125972279731	0.0
1.3057220956959295	0.4936028757768501	0.0
1.3072229256909822	0.49389622046387077	0.0
1.3087237556860352	0.49419262257270513	0.0
1.310224585681088	0.49449207333477935	0.0
1.3117254156761406	0.49479456392948107	0.0
1.3132262456711934	0.4951000854843826	0.0
1.3147270756662461	0.49540862907544875	0.0
1.316227905661299	0.495720185727226	0.0
1.3177287356563518	0.496034746413108	0.0
1.3192295656514046	0.4963523020554935	0.0
1.3207303956464573	0.4966728435260321	0.0
1.3222312256415103	0.4969963616458448	0.0
1.323732055636563	0.4973228471857206	0.0
1.3252328856316158	0.49765229086636326	0.0
1.3267337156266685	0.4979846833585779	0.0
1.3282345456217213	0.49832001528352854	0.0
1.3297353756167742	0.4986582772129371	0.0
1.331236205611827	0.498999459669293	0.0
1.3327370356068797	0.4993435531261211	0.0
1.3342378656019325	0.49969054800814805	0.0
1.3357386955969854	0.5000404346915802	0.0
1.3372395255920382	0.500393203504312	0.0
1.338740355587091	0.5007488447261361	0.0
1.3402411855821437	0.5011073485889865	0.0
1.3417420155771964	0.5014687052771674	0.0
1.3432428455722494	0.5018329049275886	0.0
1.3447436755673021	0.5021999376299723	0.0
1.3462445055623549	0.5025697934271084	0.0
1.3477453355574076	0.5029424623150939	0.0
1.3492461655524606	0.5033179342435175	0.0
1.3507469955475133	0.5036961991157534	0.0
1.352247825542566	0.5040772467891582	0.0
1.3537486555376188	0.5044610670753109	0.0
1.3552494855326715	0.5048476497402689	0.0
1.3567503155277245	0.5052369845047707	0.0
1.3582511455227773	0.505629061044488	0.0
1.35975197551783	0.5060238689902811	0.0
1.3612528055128827	0.5064213979284343	0.0
1.3627536355079357	0.5068216374008425	0.0
1.3642544655029885	0.5072245769053345	0.0
1.3657552954980412	0.5076302058958352	0.0
1.367256125493094	0.5080385137826682	0.0
1.3687569554881467	0.5084494899327386	0.0
1.3702577854831997	0.5088631236698433	0.0
1.3717586154782524	0.5092794042748544	0.0
1.3732594454733051	0.5096983209859852	0.0
1.3747602754683579	0.5101198629990444	0.0
1.3762611054634106	0.5105440194676371	0.0
1.3777619354584636	0.5109707795035022	0.0
1.3792627654535163	0.5114001321766204	0.0
1.380763595448569	0.5118320665155912	0.0
1.3822644254436218	0.5122665715077918	0.0
1.3837652554386748	0.5127036360996661	0.0
1.3852660854337275	0.513143249196965	0.0
1.3867669154287803	0.5135853996649792	0.0
1.388267745423833	0.5140300763287962	0.0
1.3897685754188858	0.5144772679735482	0.0
1.3912694054139387	0.5149269633446594	0.0
1.3927702354089915	0.5153791511480926	0.0
1.3942710654040442	0.515833820050602	0.0
1.395771895399097	0.5162909586799944	0.0
1.39727272539415	0.5167505556253397	0.0
1.3987735553892027	0.5172125994372653	0.0
1.4002743853842554	0.5176770786281724	0.0
1.4017752153793082	0.5181439816725237	0.0
1.403276045374361	0.5186132970070377	0.0
1.4047768753694139	0.5190850130310248	0.0
1.4062777053644666	0.5195591181065224	0.0
1.4077785353595194	0.5200356005586617	0.0
1.409279365354572	0.5205144486758584	0.0
1.410780195349625	0.52099565071006	0.0
1.4122810253446778	0.5214791948770254	0.0
1.4137818553397306	0.5219650693565562	0.0
1.4152826853347833	0.5224532622927781	0.0
1.416783515329836	0.5229437617943313	0.0
1.418284345324889	0.5234365559347155	0.0
1.4197851753199418	0.5239316327524587	0.0
1.4212860053149945	0.5244289802514069	0.0
1.4227868353100472	0.5249285864009854	0.0
1.4242876653051002	0.5254304391364231	0.0
1.425788495300153	0.5259345263590408	0.0
1.4272893252952057	0.5264408359364862	0.0
1.4287901552902584	0.52694935570298	0.0
1.4302909852853112	0.5274600734595711	0.0
1.4317918152803641	0.5279729769743936	0.0
1.4332926452754169	0.5284880539829416	0.0
1.4347934752704696	0.5290052921883094	0.0
1.4362943052655224	0.5295246792614029	0.0
1.4377951352605751	0.5300462028412513	0.0
1.439295965255628	0.5305698505352615	0.0
1.4407967952506808	0.5310956099193994	0.0
1.4422976252457336	0.531623468538548	0.0
1.4437984552407863	0.5321534139066706	0.0
1.4452992852358393	0.5326854335071173	0.0
1.446800115230892	0.5332195147928547	0.0
1.4483009452259448	0.5337556451867168	0.0
1.4498017752209975	0.5342938120816919	0.0
1.4513026052160503	0.5348340028411427	0.0
1.4528034352111032	0.5353762047990587	0.0
1.454304265206156	0.535920405260328	0.0
1.4558050952012087	0.5364665915009886	0.0
1.4573059251962615	0.5370147507684544	0.0
1.4588067551913144	0.537564870281819	0.0
1.4603075851863672	0.5381169372320473	0.0
1.46180841518142	0.5386709387822866	0.0
1.4633092451764727	0.5392268620680747	0.0
1.4648100751715254	0.5397846941976167	0.0
1.4663109051665784	0.5403444222520187	0.0
1.467811735161631	0.5409060332855751	0.0
1.4693125651566838	0.5414695143259748	0.0
1.4708133951517366	0.5420348523745808	0.0
1.4723142251467896	0.5426020344066899	0.0
1.4738150551418423	0.5431710473717591	0.0
1.475315885136895	0.5437418781936747	0.0
1.4768167151319478	0.5443145137709804	0.0
1.4783175451270005	0.5448889409771878	0.0
1.4798183751220535	0.5454651466609406	0.0
1.4813192051171062	0.5460431176463351	0.0
1.482820035112159	0.546622840733151	0.0
1.4843208651072117	0.5472043026970796	0.0
1.4858216951022647	0.5477874902899913	0.0
1.4873225250973174	0.5483723902402152	0.0
1.4888233550923702	0.5489589892527185	0.0
1.490324185087423	0.5495472740094428	0.0
1.4918250150824757	0.5501372311694648	0.0
1.4933258450775286	0.5507288473693223	0.0
1.4948266750725814	0.5513221092232137	0.0
1.4963275050676341	0.5519170033232683	0.0
1.4978283350626869	0.5525135162397865	0.0
1.4993291650577398	0.553111634521493	0.0
1.5008299950527926	0.5537113446957892	0.0
1.5023308250478453	0.5543126332689862	0.0
1.503831655042898	0.5549154867265849	0.0
1.5053324850379508	0.555519891533466	0.0
1.5068333150330038	0.5561258341342017	0.0
1.5083341450280565	0.5567333009532569	0.0
1.5098349750231093	0.5573422783952724	0.0
1.511335805018162	0.5579527528452656	0.0
1.5128366350132147	0.55856471066892	0.0
1.5143374650082677	0.5591781382128167	0.0
1.5158382950033205	0.5597930218046699	0.0
1.5173391249983732	0.5604093477535917	0.0
1.518839954993426	0.5610271023503248	0.0
1.520340784988479	0.5616462718674736	0.0
1.5218416149835317	0.5622668425597984	0.0
1.5233424449785844	0.5628888006644037	0.0
1.5248432749736371	0.563512132401014	0.0
1.5263441049686899	0.5641368239722118	0.0
1.5278449349637429	0.5647628615637016	0.0
1.5293457649587956	0.5653902313444985	0.0
1.5308465949538483	0.5660189194672404	0.0
1.532347424948901	0.5666489120683881	0.0
1.533848254943954	0.5672801952684794	0.0
1.5353490849390068	0.5679127551723623	0.0
1.5368499149340595	0.5685465778694788	0.0
1.5383507449291123	0.5691816494340489	0.0
1.539851574924165	0.5698179559253679	0.0
1.541352404919218	0.5704554833879888	0.0
1.5428532349142707	0.5710942178520451	0.0
1.5443540649093235	0.5717341453334043	0.0
1.5458548949043762	0.5723752518339738	0.0
1.5473557248994292	0.5730175233419221	0.0
1.548856554894482	0.5736609458319203	0.0
1.5503573848895347	0.5743055052653664	0.0
1.5518582148845874	0.5749511875906621	0.0
1.5533590448796402	0.5755979787434232	0.0
1.5548598748746931	0.5762458646467445	0.0
1.5563607048697459	0.5768948312114163	0.0
1.5578615348647986	0.5775448643361684	0.0
1.5593623648598514	0.5781959499079459	0.0
1.5608631948549043	0.5788480738020965	0.0
1.562364024849957	0.5795012218826447	0.0
1.5638648548450098	0.5801553800025168	0.0
1.5653656848400626	0.580810534003793	0.0
1.5668665148351153	0.5814666697179479	0.0
1.5683673448301683	0.582123772966069	0.0
1.569868174825221	0.5827818295591	0.0
1.5713690048202738	0.5834408252981221	0.0
1.5728698348153265	0.5841007459745378	0.0
1.5743706648103792	0.5847615773703269	0.0
1.5758714948054322	0.5854233052583083	0.0
1.577372324800485	0.5860859154023514	0.0
1.5788731547955377	0.5867493935576229	0.0
1.5803739847905904	0.5874137254708398	0.0
1.5818748147856434	0.5880788968804613	0.0
1.5833756447806961	0.5887448935169947	0.0
1.584876474775749	0.5894117011031843	0.0
1.5863773047708016	0.5900793053542731	0.0
1.5878781347658544	0.5907476919782276	0.0
1.5893789647609073	0.5914168466759715	0.0
1.59087979475596	0.5920867551416414	0.0
1.5923806247510128	0.5927574030628061	0.0
1.5938814547460656	0.5934287761207264	0.0
1.5953822847411185	0.5941008599905748	0.0
1.5968831147361713	0.5947736403416843	0.0
1.598383944731224	0.5954471028377584	0.0
1.5998847747262768	0.5961212331371516	0.0
1.6013856047213295	0.5967960168930738	0.0
1.6028864347163825	0.5974714397538452	0.0
1.6043872647114352	0.5981474873631262	0.0
1.605888094706488	0.5988241453601433	0.0
1.6073889247015407	0.5995013993799583	0.0
1.6088897546965937	0.6001792350536829	0.0
1.6103905846916464	0.6008576380087178	0.0
1.6118914146866992	0.6015365938689824	0.0
1.613392244681752	0.6022160882551786	0.0
1.6148930746768047	0.6028961067849914	0.0
1.6163939046718576	0.6035766350733487	0.0
1.6178947346669104	0.6042576587326804	0.0
1.619395564661963	0.6049391633731055	0.0
1.6208963946570158	0.605621134602693	0.0
1.6223972246520688	0.6063035580277248	0.0
1.6238980546471216	0.6069864192528968	0.0
1.6253988846421743	0.6076697038815585	0.0
1.626899714637227	0.6083533975159742	0.0
1.6284005446322798	0.6090374857575458	0.0
1.6299013746273328	0.6097219542070368	0.0
1.6314022046223855	0.6104067884648448	0.0
1.6329030346174382	0.6110919741312194	0.0
1.634403864612491	0.6117774968064829	0.0
1.635904694607544	0.6124633420912985	0.0
1.6374055246025967	0.6131494955868879	0.0
1.6389063545976494	0.6138359428952747	0.0
1.6404071845927022	0.6145226696195185	0.0
1.641908014587755	0.6152096613639847	0.0
1.643408844582808	0.6158969037345187	0.0
1.6449096745778606	0.6165843823387465	0.0
1.6464105045729134	0.6172720827862865	0.0
1.6479113345679661	0.617959990688961	0.0
1.6494121645630189	0.6186480916610996	0.0
1.6509129945580718	0.6193363713197161	0.0
1.6524138245531246	0.6200248152847808	0.0
1.6539146545481773	0.6207134091794552	0.0
1.65541548454323	0.6214021386303185	0.0
1.656916314538283	0.6220909892676123	0.0
1.6584171445333358	0.6227799467254929	0.0
1.6599179745283885	0.6234689966422261	0.0
1.6614188045234413	0.6241581246605014	0.0
1.662919634518494	0.6248473164276113	0.0
1.664420464513547	0.6255365575956896	0.0
1.6659212945085997	0.6262258338220027	0.0
1.6674221245036525	0.6269151307691343	0.0
1.6689229544987052	0.6276044341052469	0.0
1.6704237844937582	0.6282937295043428	0.0
1.671924614488811	0.6289830026464599	0.0
1.6734254444838637	0.6296722392179499	0.0
1.6749262744789164	0.630361424911704	0.0
1.6764271044739691	0.6310505454273879	0.0
1.677927934469022	0.6317395864716717	0.0
1.6794287644640749	0.6324285337585369	0.0
1.6809295944591276	0.6331173730094124	0.0
1.6824304244541803	0.6338060899534959	0.0
1.6839312544492333	0.6344946703279767	0.0
1.685432084444286	0.6351830998782383	0.0
1.6869329144393388	0.6358713643581764	0.0
1.6884337444343915	0.6365594495303588	0.0
1.6899345744294443	0.6372473411663109	0.0
1.6914354044244972	0.6379350250467614	0.0
1.69293623441955	0.6386224869618625	0.0
1.6944370644146027	0.639309712711444	0.0
1.6959378944096555	0.6399966881052543	0.0
1.6974387244047084	0.6406833989632001	0.0
1.6989395543997612	0.6413698311155865	0.0
1.700440384394814	0.6420559704033809	0.0
1.7019412143898667	0.6427418026784	0.0
1.7034420443849194	0.6434273138036283	0.0
1.7049428743799724	0.6441124896534001	0.0
1.7064437043750251	0.6447973161136857	0.0
1.7079445343700779	0.6454817790822901	0.0
1.7094453643651306	0.6461658644691234	0.0
1.7109461943601834	0.6468495581964466	0.0
1.7124470243552363	0.6475328461991191	0.0
1.713947854350289	0.6482157144248097	0.0
1.7154486843453418	0.6488981488342733	0.0
1.7169495143403946	0.6495801354015833	0.0
1.7184503443354475	0.650261660114383	0.0
1.7199511743305003	0.6509427089741009	0.0
1.721452004325553	0.6516232679962366	0.0
1.7229528343206058	0.6523033232105532	0.0
1.7244536643156585	0.6529828606613924	0.0
1.7259544943107115	0.6536618664078553	0.0
1.7274553243057642	0.6543403265240476	0.0
1.728956154300817	0.655018227099381	0.0
1.7304569842958697	0.6556955542387624	0.0
1.7319578142909227	0.6563722940628542	0.0
1.7334586442859754	0.6570484327083285	0.0
1.7349594742810281	0.6577239563281057	0.0
1.736460304276081	0.6583988510915951	0.0
1.7379611342711336	0.6590731031849308	0.0
1.7394619642661866	0.6597466988112438	0.0
1.7409627942612393	0.6604196241908934	0.0
1.742463624256292	0.6610918655616839	0.0
1.7439644542513448	0.6617634091791517	0.0
1.7454652842463978	0.6624342413167851	0.0
1.7469661142414505	0.6631043482662613	0.0
1.7484669442365033	0.6637737163377329	0.0
1.749967774231556	0.6644423318600134	0.0
1.7514686042266088	0.6651101811808766	0.0
1.7529694342216617	0.6657772506672616	0.0
1.7544702642167145	0.6664435267055508	0.0
1.7559710942117672	0.6671089957017593	0.0
1.75747192420682	0.6677736440818433	0.0
1.758972754201873	0.6684374582919084	0.0
1.7604735841969257	0.6691004247984594	0.0
1.7619744141919784	0.6697625300886504	0.0
1.7634752441870312	0.6704237606705188	0.0
1.764976074182084	0.6710841030732192	0.0
1.7664769041771369	0.671743543847322	0.0
1.7679777341721896	0.6724020695649817	0.0
1.7694785641672424	0.6730596668202282	0.0
1.770979394162295	0.6737163222292099	0.0
1.7724802241573479	0.674372022430403	0.0
1.7739810541524008	0.6750267540848803	0.0
1.7754818841474536	0.6756805038765549	0.0
1.7769827141425063	0.6763332585124223	0.0
1.778483544137559	0.6769850047227912	0.0
1.779984374132612	0.6776357292615459	0.0
1.7814852041276648	0.678285418906355	0.0
1.7829860341227175	0.678934060458949	0.0
1.7844868641177702	0.6795816407453464	0.0
1.785987694112823	0.6802281466160828	0.0
1.787488524107876	0.6808735649464789	0.0
1.7889893541029287	0.6815178826368605	0.0
1.7904901840979814	0.6821610866127967	0.0
1.7919910140930342	0.6828031638253889	0.0
1.7934918440880872	0.6834441012514293	0.0
1.79499267408314	0.6840838858937095	0.0
1.7964935040781926	0.684722504781219	0.0
1.7979943340732454	0.6853599449694183	0.0
1.7994951640682981	0.6859961935404157	0.0
1.800995994063351	0.6866312376032956	0.0
1.8024968240584038	0.6872650642943108	0.0
1.8039976540534566	0.6878976607770803	0.0
1.8054984840485093	0.6885290142428961	0.0
1.8069993140435623	0.6891591119109395	0.0
1.808500144038615	0.6897879410284918	0.0
1.8100009740336678	0.6904154888711984	0.0
1.8115018040287205	0.6910417427432918	0.0
1.8130026340237733	0.6916666899778253	0.0
1.8145034640188262	0.6922903179369111	0.0
1.816004294013879	0.6929126140119697	0.0
1.8175051240089317	0.6935335656239424	0.0
1.8190059540039845	0.6941531602235483	0.0
1.8205067839990374	0.6947713852915182	0.0
1.8220076139940902	0.6953882283387443	0.0
1.823508443989143	0.6960036769066642	0.0
1.8250092739841957	0.6966177185673621	0.0
1.8265101039792484	0.6972303409238475	0.0
1.8280109339743014	0.6978415316103179	0.0
1.829511763969354	0.6984512782923284	0.0
1.8310125939644069	0.6990595686670673	0.0
1.8325134239594596	0.699666390463565	0.0
1.8340142539545126	0.7002717314429248	0.0
1.8355150839495653	0.7008755793985489	0.0
1.837015913944618	0.7014779221563888	0.0
1.8385167439396708	0.7020787475751252	0.0
1.8400175739347235	0.7026780435464289	0.0
1.8415184039297765	0.7032757979952035	0.0
1.8430192339248292	0.7038719988797535	0.0
1.844520063919882	0.7044666341920534	0.0
1.8460208939149347	0.705059691957978	0.0
1.8475217239099875	0.7056511602374641	0.0
1.8490225539050404	0.7062410271248104	0.0
1.8505233839000932	0.7068292807488696	0.0
1.852024213895146	0.7074159092732193	0.0
1.8535250438901987	0.708000900896452	0.0
1.8550258738852516	0.7085842438523771	0.0
1.8565267038803044	0.7091659264102101	0.0
1.8580275338753571	0.7097459368748239	0.0
1.8595283638704099	0.710324263586961	0.0
1.8610291938654626	0.7109008949233999	0.0
1.8625300238605156	0.7114758192972633	0.0
1.8640308538555683	0.7120490251581376	0.0
1.865531683850621	0.7126205009923531	0.0
1.8670325138456738	0.713190235323168	0.0
1.8685333438407268	0.7137582167109868	0.0
1.8700341738357795	0.7143244337535629	0.0
1.8715350038308323	0.7148888750862441	0.0
1.873035833825885	0.7154515293821055	0.0
1.8745366638209378	0.7160123853522679	0.0
1.8760374938159907	0.7165714317460073	0.0
1.8775383238110435	0.7171286573509849	0.0
1.8790391538060962	0.7176840509934997	0.0
1.880539983801149	0.718237601538649	0.0
1.882040813796202	0.7187892978905577	0.0
1.8835416437912547	0.719339128992537	0.0
1.8850424737863074	0.719887083827335	0.0
1.8865433037813601	0.7204331514173375	0.0
1.888044133776413	0.7209773208247358	0.0
1.8895449637714659	0.7215195811517262	0.0
1.8910457937665186	0.7220599215407428	0.0
1.8925466237615713	0.7225983311746406	0.0
1.894047453756624	0.7231347992768655	0.0
1.895548283751677	0.7236693151116873	0.0
1.8970491137467298	0.7242018679843673	0.0
1.8985499437417825	0.7247324472413632	0.0
1.9000507737368353	0.7252610422705178	0.0
1.901551603731888	0.7257876425012555	0.0
1.903052433726941	0.7263122374047616	0.0
1.9045532637219937	0.7268348164941865	0.0
1.9060540937170465	0.7273553693248065	0.0
1.9075549237120992	0.7278738854942374	0.0
1.909055753707152	0.7283903546426119	0.0
1.910556583702205	0.7289047664527564	0.0
1.9120574136972577	0.7294171106504039	0.0
1.9135582436923104	0.7299273770043117	0.0
1.9150590736873632	0.730435555326507	0.0
1.9165599036824161	0.7309416354724444	0.0
1.9180607336774689	0.7314456073411798	0.0
1.9195615636725216	0.7319474608755604	0.0
1.9210623936675744	0.7324471860623696	0.0
1.922563223662627	0.732944772932542	0.0
1.92406405365768	0.7334402115612996	0.0
1.9255648836527328	0.7339334920683775	0.0
1.9270657136477856	0.73442460461815	0.0
1.9285665436428383	0.734913539419802	0.0
1.9300673736378913	0.7354002867275033	0.0
1.931568203632944	0.7358848368406308	0.0
1.9330690336279968	0.7363671801038337	0.0
1.9345698636230495	0.7368473069072928	0.0
1.9360706936181022	0.7373252076868131	0.0
1.9375715236131552	0.7378008729240517	0.0
1.939072353608208	0.7382742931466124	0.0
1.9405731836032607	0.7387454589282844	0.0
1.9420740135983134	0.7392143608891193	0.0
1.9435748435933664	0.7396809896956474	0.0
1.9450756735884192	0.740145336061018	0.0
1.946576503583472	0.740607390745153	0.0
1.9480773335785246	0.7410671445548903	0.0
1.9495781635735774	0.7415245883441746	0.0
1.9510789935686303	0.7419797130141427	0.0
1.952579823563683	0.7424325095133465	0.0
1.9540806535587358	0.7428829688378467	0.0
1.9555814835537886	0.743331082031418	0.0
1.9570823135488415	0.7437768401856191	0.0
1.9585831435438943	0.7442202344400167	0.0
1.960083973538947	0.7446612559822715	0.0
1.9615848035339998	0.7450998960483172	0.0
1.9630856335290525	0.7455361459224658	0.0
1.9645864635241055	0.7459699969376108	0.0
1.9660872935191582	0.7464014404752681	0.0
1.967588123514211	0.7468304679658418	0.0
1.9690889535092637	0.7472570708886318	0.0
1.9705897835043167	0.7476812407720387	0.0
1.9720906134993694	0.7481029691937289	0.0
1.9735914434944222	0.7485222477806608	0.0
1.975092273489475	0.7489390682093168	0.0
1.9765931034845277	0.7493534222057778	0.0
1.9780939334795806	0.7497653015458946	0.0
1.9795947634746334	0.7501746980553557	0.0
1.9810955934696861	0.7505816036098647	0.0
1.9825964234647389	0.7509860101352652	0.0
1.9840972534597916	0.7513879096076063	0.0
1.9855980834548446	0.7517872940533344	0.0
1.9870989134498973	0.7521841555493864	0.0
1.98859974344495	0.7525784862232711	0.0
1.9901005734400028	0.7529702782532387	0.0
1.9916014034350558	0.7533595238684027	0.0
1.9931022334301085	0.7537462153488249	0.0
1.9946030634251612	0.7541303450256253	0.0
1.996103893420214	0.7545119052810897	0.0
1.9976047234152667	0.7548908885488579	0.0
1.9991055534103197	0.755267287313923	0.0
2.0006063834053722	0.7556410941128012	0.0
2.0021072134004254	0.7560123015336498	0.0
2.003608043395478	0.7563809022163308	0.0
2.005108873390531	0.756746888852555	0.0
2.0066097033855836	0.757110254185955	0.0
2.0081105333806364	0.757470991012203	0.0
2.009611363375689	0.7578290921791349	0.0
2.011112193370742	0.7581845505867988	0.0
2.0126130233657946	0.7585373591875817	0.0
2.0141138533608474	0.7588875109863179	0.0
2.0156146833559005	0.7592349990403674	0.0
2.0171155133509533	0.7595798164597177	0.0
2.018616343346006	0.7599219564070667	0.0
2.020117173341059	0.7602614120979282	0.0
2.0216180033361115	0.7605981768007131	0.0
2.0231188333311643	0.7609322438368383	0.0
2.024619663326217	0.7612636065807796	0.0
2.0261204933212698	0.7615922584601839	0.0
2.0276213233163225	0.761918192955951	0.0
2.0291221533113757	0.7622414036023176	0.0
2.0306229833064284	0.7625618839869479	0.0
2.032123813301481	0.7628796277509833	0.0
2.033624643296534	0.7631946285891806	0.0
2.0351254732915867	0.7635068802499217	0.0
2.0366263032866394	0.7638163765353763	0.0
2.038127133281692	0.7641231113014769	0.0
2.039627963276745	0.7644270784580937	0.0
2.0411287932717976	0.7647282719690295	0.0
2.042629623266851	0.7650266858521559	0.0
2.0441304532619036	0.7653223141794347	0.0
2.0456312832569563	0.7656151510770219	0.0
2.047132113252009	0.7659051907253374	0.0
2.048632943247062	0.7661924273591143	0.0
2.0501337732421145	0.7664768552674859	0.0
2.0516346032371673	0.7667584687940296	0.0
2.05313543323222	0.7670372623368402	0.0
2.0546362632272728	0.7673132303485997	0.0
2.056137093222326	0.7675863673366634	0.0
2.0576379232173787	0.7678566678630822	0.0
2.0591387532124314	0.7681241265446671	0.0
2.060639583207484	0.7683887380530691	0.0
2.062140413202537	0.7686504971148124	0.0
2.0636412431975897	0.7689093985113976	0.0
2.0651420731926424	0.7691654370792921	0.0
2.066642903187695	0.7694186077100668	0.0
2.068143733182748	0.7696689053503731	0.0
2.069644563177801	0.7699163250020074	0.0
2.071145393172854	0.7701608617220064	0.0
2.0726462231679066	0.7704025106226897	0.0
2.0741470531629593	0.770641266871655	0.0
2.075647883158012	0.770877125691855	0.0
2.077148713153065	0.7711100823617164	0.0
2.0786495431481176	0.771340132215055	0.0
2.0801503731431703	0.7715672706412396	0.0
2.081651203138223	0.7717914930851456	0.0
2.083152033133276	0.7720127950472663	0.0
2.084652863128329	0.7722311720837118	0.0
2.0861536931233817	0.7724466198062535	0.0
2.0876545231184345	0.7726591338824037	0.0
2.089155353113487	0.7728687100354117	0.0
2.09065618310854	0.7730753440443155	0.0
2.0921570131035927	0.7732790317439783	0.0
2.0936578430986454	0.7734797690251278	0.0
2.095158673093698	0.7736775518343965	0.0
2.096659503088751	0.7738723761743381	0.0
2.098160333083804	0.7740642381034841	0.0
2.099661163078857	0.7742531337363382	0.0
2.1011619930739096	0.7744390592434566	0.0
2.1026628230689623	0.7746220108514296	0.0
2.104163653064015	0.7748019848429629	0.0
2.105664483059068	0.7749789775568691	0.0
2.1071653130541206	0.775152985388087	0.0
2.1086661430491733	0.7753240047877439	0.0
2.110166973044226	0.7754920322631615	0.0
2.1116678030392793	0.7756570643778787	0.0
2.113168633034332	0.7758190977516417	0.0
2.1146694630293847	0.7759781290605163	0.0
2.1161702930244375	0.7761341550368294	0.0
2.1176711230194902	0.7762871724692149	0.0
2.119171953014543	0.7764371782026458	0.0
2.1206727830095957	0.7765841691384461	0.0
2.1221736130046485	0.776728142234292	0.0
2.123674442999701	0.7768690945042449	0.0
2.1251752729947544	0.7770070230187811	0.0
2.126676102989807	0.7771419249047782	0.0
2.12817693298486	0.7772737973455486	0.0
2.1296777629799126	0.7774026375808748	0.0
2.1311785929749654	0.777528442906937	0.0
2.132679422970018	0.7776512106764649	0.0
2.134180252965071	0.7777709382985957	0.0
2.1356810829601236	0.7778876232390213	0.0
2.1371819129551763	0.7780012630199021	0.0
2.1386827429502295	0.7781118552199208	0.0
2.1401835729452823	0.7782193974742594	0.0
2.141684402940335	0.7783238874746784	0.0
2.1431852329353878	0.7784253229694138	0.0
2.1446860629304405	0.7785237017633077	0.0
2.1461868929254933	0.7786190217176825	0.0
2.147687722920546	0.7787112807504631	0.0
2.1491885529155987	0.7788004768360915	0.0
2.1506893829106515	0.7788866080055895	0.0
2.1521902129057047	0.7789696723465351	0.0
2.1536910429007574	0.7790496680030649	0.0
2.15519187289581	0.7791265931758695	0.0
2.156692702890863	0.7792004461222146	0.0
2.1581935328859156	0.7792712251559212	0.0
2.1596943628809684	0.7793389286473711	0.0
2.161195192876021	0.7794035550234756	0.0
2.162696022871074	0.7794651027677386	0.0
2.1641968528661266	0.7795235704202028	0.0
2.16569768286118	0.7795789565774391	0.0
2.1671985128562326	0.7796312598925992	0.0
2.1686993428512853	0.779680479075298	0.0
2.170200172846338	0.7797266128917323	0.0
2.171701002841391	0.7797696601646331	0.0
2.1732018328364435	0.7798096197731922	0.0
2.1747026628314963	0.7798464906531337	0.0
2.176203492826549	0.7798802717966754	0.0
2.1777043228216018	0.7799109622525076	0.0
2.179205152816655	0.7799385611257835	0.0
2.1807059828117077	0.7799630675781556	0.0
2.1822068128067604	0.779984480827691	0.0
2.183707642801813	0.7800028001489012	0.0
2.185208472796866	0.7800180248727075	0.0
2.1867093027919187	0.7800301543864606	0.0
2.1882101327869714	0.7800391881338934	0.0
2.189710962782024	0.7800451256151459	0.0
2.191211792777077	0.7800479663866479	0.0
2.19271262277213	0.7800477100612333	0.0
2.194213452767183	0.7800443563080477	0.0
2.1957142827622356	0.780037904852533	0.0
2.1972151127572883	0.7800283554764247	0.0
2.198715942752341	0.7800157080177317	0.0
2.200216772747394	0.7799999623707061	0.0
2.2017176027424465	0.779981118485844	0.0
2.2032184327374993	0.7799591763698107	0.0
2.204719262732552	0.7799341360854913	0.0
2.2062200927276048	0.7799059977518981	0.0
2.207720922722658	0.7798747615442274	0.0
2.2092217527177107	0.7798404276937201	0.0
2.2107225827127635	0.7798029964877629	0.0
2.212223412707816	0.7797624682697745	0.0
2.213724242702869	0.779718843439221	0.0
2.2152250726979217	0.7796721224515798	0.0
2.2167259026929744	0.7796223058182925	0.0
2.218226732688027	0.779569394106758	0.0
2.21972756268308	0.7795133879403101	0.0
2.221228392678133	0.7794542879981571	0.0
2.222729222673186	0.7793920950153808	0.0
2.2242300526682386	0.7793268097828874	0.0
2.2257308826632913	0.7792584331473817	0.0
2.227231712658344	0.779186966011366	0.0
2.228732542653397	0.7791124093330224	0.0
2.2302333726484496	0.7790347641263	0.0
2.2317342026435023	0.7789540314607568	0.0
2.233235032638555	0.7788702124616086	0.0
2.2347358626336082	0.7787833083096709	0.0
2.236236692628661	0.7786933202413033	0.0
2.2377375226237137	0.7786002495483917	0.0
2.2392383526187665	0.7785040975783171	0.0
2.240739182613819	0.7784048657338819	0.0
2.242240012608872	0.7783025554733408	0.0
2.2437408426039247	0.7781971683102704	0.0
2.2452416725989774	0.7780887058135804	0.0
2.24674250259403	0.7779771696074949	0.0
2.2482433325890834	0.7778625613714438	0.0
2.249744162584136	0.7777448828400717	0.0
2.251244992579189	0.7776241358031919	0.0
2.2527458225742416	0.777500322105743	0.0
2.2542466525692944	0.7773734436476855	0.0
2.255747482564347	0.7772435023840285	0.0
2.2572483125594	0.7771105003247629	0.0
2.2587491425544526	0.7769744395348129	0.0
2.2602499725495053	0.7768353221339633	0.0
2.2617508025445585	0.7766931502968765	0.0
2.2632516325396113	0.7765479262529328	0.0
2.264752462534664	0.7763996522863001	0.0
2.2662532925297167	0.7762483307358077	0.0
2.2677541225247695	0.7760939639949408	0.0
2.2692549525198222	0.7759365545117435	0.0
2.270755782514875	0.7757761047888031	0.0
2.2722566125099277	0.7756126173831736	0.0
2.2737574425049805	0.7754460949063038	0.0
2.2752582725000337	0.775276540024062	0.0
2.2767591024950864	0.7751039554565811	0.0
2.278259932490139	0.7749283439782779	0.0
2.279760762485192	0.774749708417737	0.0
2.2812615924802446	0.7745680516577016	0.0
2.2827624224752974	0.7743833766350002	0.0
2.28426325247035	0.7741956863404462	0.0
2.285764082465403	0.7740049838188425	0.0
2.2872649124604556	0.773811272168882	0.0
2.288765742455509	0.7736145545430859	0.0
2.2902665724505615	0.7734148341477447	0.0
2.2917674024456143	0.7732121142428637	0.0
2.293268232440667	0.7730063981420993	0.0
2.2947690624357198	0.7727976892126831	0.0
2.2962698924307725	0.7725859908753552	0.0
2.2977707224258253	0.7723713066043002	0.0
2.299271552420878	0.772153639927071	0.0
2.3007723824159307	0.7719329944245559	0.0
2.302273212410984	0.7717093737308559	0.0
2.3037740424060367	0.7714827815332541	0.0
2.3052748724010894	0.7712532215721222	0.0
2.306775702396142	0.7710206976408831	0.0
2.308276532391195	0.7707852135858639	0.0
2.3097773623862476	0.7705467733063093	0.0
2.3112781923813004	0.7703053807542746	0.0
2.312779022376353	0.7700610399344978	0.0
2.314279852371406	0.7698137549044238	0.0
2.315780682366459	0.7695635297740309	0.0
2.317281512361512	0.7693103687058127	0.0
2.3187823423565646	0.7690542759146676	0.0
2.3202831723516173	0.7687952556678586	0.0
2.32178400234667	0.7685333122848729	0.0
2.323284832341723	0.7682684501373763	0.0
2.3247856623367755	0.7680006736491336	0.0
2.3262864923318283	0.7677299872959265	0.0
2.327787322326881	0.7674563956054293	0.0
2.329288152321934	0.7671799031571921	0.0
2.330788982316987	0.7669005145824995	0.0
2.3322898123120397	0.7666182345642717	0.0
2.3337906423070924	0.7663330678370418	0.0
2.335291472302145	0.7660450191868158	0.0
2.336792302297198	0.7657540934509796	0.0
2.3382931322922507	0.7654602955182431	0.0
2.3397939622873034	0.7651636303285079	0.0
2.341294792282356	0.7648641028727949	0.0
2.342795622277409	0.7645617181931625	0.0
2.344296452272462	0.7642564813825984	0.0
2.345797282267515	0.7639483975849078	0.0
2.3472981122625676	0.7636374719946383	0.0
2.3487989422576203	0.7633237098569565	0.0
2.350299772252673	0.763007116467591	0.0
2.351800602247726	0.7626876971726716	0.0
2.3533014322427785	0.7623654573687171	0.0
2.3548022622378313	0.7620404025024244	0.0
2.356303092232884	0.7617125380706342	0.0
2.357803922227937	0.7613818696202471	0.0
2.35930475222299	0.7610484027480351	0.0
2.3608055822180427	0.7607121431006032	0.0
2.3623064122130955	0.7603730963742532	0.0
2.363807242208148	0.7600312683149221	0.0
2.365308072203201	0.7596866647179832	0.0
2.3668089021982537	0.7593392914281925	0.0
2.3683097321933064	0.7589891543396105	0.0
2.369810562188359	0.7586362593954086	0.0
2.3713113921834124	0.7582806125878189	0.0
2.372812222178465	0.7579222199579899	0.0
2.374313052173518	0.7575610875958607	0.0
2.3758138821685706	0.7571972216400812	0.0
2.3773147121636233	0.7568306282778883	0.0
2.378815542158676	0.7564613137449393	0.0
2.380316372153729	0.7560892843252416	0.0
2.3818172021487816	0.755714546351012	0.0
2.3833180321438343	0.7553371062025496	0.0
2.3848188621388875	0.7549569703081423	0.0
2.3863196921339402	0.7545741451438849	0.0
2.387820522128993	0.7541886372336005	0.0
2.3893213521240457	0.7538004531487186	0.0
2.3908221821190985	0.7534095995081219	0.0
2.392323012114151	0.7530160829780186	0.0
2.393823842109204	0.7526199102718056	0.0
2.3953246721042567	0.7522210881499893	0.0
2.3968255020993094	0.7518196234199693	0.0
2.3983263320943626	0.7514155229359789	0.0
2.3998271620894154	0.7510087935989282	0.0
2.401327992084468	0.7505994423562321	0.0
2.402828822079521	0.7501874762017323	0.0
2.4043296520745736	0.7497729021755323	0.0
2.4058304820696264	0.7493557273638364	0.0
2.407331312064679	0.7489359588988361	0.0
2.408832142059732	0.7485136039585901	0.0
2.4103329720547846	0.7480886697668214	0.0
2.4118338020498378	0.7476611635928246	0.0
2.4133346320448905	0.7472310927513195	0.0
2.4148354620399433	0.7467984646022741	0.0
2.416336292034996	0.746363286550792	0.0
2.4178371220300487	0.7459255660469253	0.0
2.4193379520251015	0.7454853105855702	0.0
2.4208387820201542	0.7450425277062831	0.0
2.422339612015207	0.7445972249931503	0.0
2.4238404420102597	0.744149410074629	0.0
2.425341272005313	0.7436990906233911	0.0
2.4268421020003657	0.743246274356189	0.0
2.4283429319954184	0.7427909690336528	0.0
2.429843761990471	0.7423331824601836	0.0
2.431344591985524	0.7418729224837635	0.0
2.4328454219805766	0.7414101969958212	0.0
2.4343462519756294	0.7409450139310626	0.0
2.435847081970682	0.740477381267301	0.0
2.437347911965735	0.7400073070253135	0.0
2.438848741960788	0.7395347992686457	0.0
2.440349571955841	0.739059866103511	0.0
2.4418504019508935	0.7385825156785306	0.0
2.4433512319459463	0.7381027561846502	0.0
2.444852061940999	0.7376205958549535	0.0
2.4463528919360518	0.7371360429644603	0.0
2.4478537219311045	0.7366491058300021	0.0
2.4493545519261573	0.7361597928100061	0.0
2.45085538192121	0.7356681123043739	0.0
2.452356211916263	0.7351740727542763	0.0
2.453857041911316	0.7346776826419738	0.0
2.4553578719063687	0.7341789504906788	0.0
2.4568587019014214	0.7336778848643334	0.0
2.458359531896474	0.7331744943674621	0.0
2.459860361891527	0.7326687876449975	0.0
2.4613611918865796	0.7321607733820839	0.0
2.4628620218816324	0.7316504603039107	0.0
2.464362851876685	0.7311378571755205	0.0
2.4658636818717383	0.7306229728016508	0.0
2.467364511866791	0.7301058160265155	0.0
2.468865341861844	0.7295863957336535	0.0
2.4703661718568966	0.729064720845713	0.0
2.4718670018519493	0.7285408003243277	0.0
2.473367831847002	0.7280146431698439	0.0
2.474868661842055	0.7274862584211784	0.0
2.4763694918371075	0.7269556551556534	0.0
2.4778703218321603	0.7264228424887645	0.0
2.479371151827213	0.7258878295740231	0.0
2.480871981822266	0.7253506256027213	0.0
2.482372811817319	0.7248112398037955	0.0
2.4838736418123717	0.724269681443599	0.0
2.4853744718074244	0.7237259598257099	0.0
2.486875301802477	0.7231800842907333	0.0
2.48837613179753	0.7226320642161372	0.0
2.4898769617925827	0.7220819090160309	0.0
2.4913777917876354	0.7215296281409317	0.0
2.492878621782688	0.7209752310776475	0.0
2.4943794517777413	0.7204187273490034	0.0
2.495880281772794	0.7198601265137005	0.0
2.497381111767847	0.7192994381660578	0.0
2.4988819417628996	0.7187366719358723	0.0
2.5003827717579523	0.7181718374881347	0.0
2.501883601753005	0.7176049445229287	0.0
2.503384431748058	0.7170360027751445	0.0
2.5048852617431105	0.7164650220142944	0.0
2.5063860917381633	0.7158920120443325	0.0
2.5078869217332165	0.7153169827034084	0.0
2.5093877517282692	0.7147399438637166	0.0
2.510888581723322	0.7141609054312231	0.0
2.5123894117183747	0.7135798773455011	0.0
2.5138902417134275	0.7129968695794886	0.0
2.51539107170848	0.7124118921393131	0.0
2.516891901703533	0.7118249550640726	0.0
2.5183927316985857	0.7112360684255785	0.0
2.5198935616936384	0.7106452423282269	0.0
2.5213943916886916	0.7100524869086994	0.0
2.5228952216837444	0.7094578123358163	0.0
2.524396051678797	0.7088612288102617	0.0
2.52589688167385	0.7082627465644298	0.0
2.5273977116689026	0.7076623758621646	0.0
2.5288985416639553	0.7070601269985763	0.0
2.530399371659008	0.7064560102997742	0.0
2.531900201654061	0.7058500361227065	0.0
2.5334010316491136	0.7052422148549116	0.0
2.5349018616441668	0.7046325569142948	0.0
2.5364026916392195	0.7040210727489348	0.0
2.5379035216342722	0.7034077728368261	0.0
2.539404351629325	0.702792667685681	0.0
2.5409051816243777	0.7021757678327447	0.0
2.5424060116194305	0.7015570838444798	0.0
2.543906841614483	0.7009366263164175	0.0
2.545407671609536	0.7003144058729405	0.0
2.5469085016045887	0.6996904331670097	0.0
2.548409331599642	0.6990647188799712	0.0
2.5499101615946946	0.6984372737213391	0.0
2.5514109915897474	0.69780810842855	0.0
2.5529118215848	0.6971772337667483	0.0
2.554412651579853	0.6965446605285542	0.0
2.5559134815749056	0.6959103995338414	0.0
2.5574143115699584	0.6952744616295392	0.0
2.558915141565011	0.6946368576893316	0.0
2.560415971560064	0.6939975986135073	0.0
2.561916801555117	0.6933566953286829	0.0
2.5634176315501698	0.6927141587876251	0.0
2.5649184615452225	0.6920699999689578	0.0
2.5664192915402753	0.6914242298769641	0.0
2.567920121535328	0.6907768595413776	0.0
2.5694209515303807	0.6901279000171275	0.0
2.5709217815254335	0.6894773623841048	0.0
2.5724226115204862	0.6888252577469564	0.0
2.573923441515539	0.6881715972348106	0.0
2.575424271510592	0.6875163920011172	0.0
2.576925101505645	0.6868596532233469	0.0
2.5784259315006977	0.6862013921027886	0.0
2.5799267614957504	0.6855416198643373	0.0
2.581427591490803	0.6848803477562314	0.0
2.582928421485856	0.6842175870498197	0.0
2.5844292514809086	0.6835533490393497	0.0
2.5859300814759614	0.6828876450417437	0.0
2.587430911471014	0.6822204863963188	0.0
2.5889317414660673	0.681551884464588	0.0
2.59043257146112	0.6808818506300566	0.0
2.591933401456173	0.6802103962979096	0.0
2.5934342314512255	0.6795375328948536	0.0
2.5949350614462783	0.678863271868854	0.0
2.596435891441331	0.6781876246888862	0.0
2.5979367214363838	0.6775106028447293	0.0
2.5994375514314365	0.676832217846705	0.0
2.6009383814264893	0.6761524812254806	0.0
2.6024392114215424	0.675471404531786	0.0
2.603940041416595	0.6747889993362342	0.0
2.605440871411648	0.674105277229039	0.0
2.6069417014067007	0.6734202498198129	0.0
2.6084425314017534	0.6727339287373086	0.0
2.609943361396806	0.6720463256292009	0.0
2.611444191391859	0.6713574521618588	0.0
2.6129450213869116	0.6706673200200899	0.0
2.6144458513819644	0.6699759409069155	0.0
2.615946681377017	0.6692833265433438	0.0
2.6174475113720703	0.6685894886681225	0.0
2.618948341367123	0.6678944390375094	0.0
2.620449171362176	0.6671981894250465	0.0
2.6219500013572286	0.6665007516213239	0.0
2.6234508313522813	0.6658021374337443	0.0
2.624951661347334	0.665102358686245	0.0
2.626452491342387	0.664401427219141	0.0
2.6279533213374395	0.6636993548888468	0.0
2.6294541513324923	0.6629961535676462	0.0
2.6309549813275455	0.6622918351434689	0.0
2.632455811322598	0.6615864115196332	0.0
2.633956641317651	0.660879894614627	0.0
2.6354574713127037	0.6601722963619037	0.0
2.6369583013077564	0.6594636287095936	0.0
2.638459131302809	0.6587539036203154	0.0
2.639959961297862	0.6580431330708912	0.0
2.6414607912929147	0.657331329052198	0.0
2.6429616212879674	0.6566185035688547	0.0
2.6444624512830206	0.6559046686390122	0.0
2.6459632812780733	0.6551898362941614	0.0
2.647464111273126	0.6544740185788344	0.0
2.648964941268179	0.6537572275504218	0.0
2.6504657712632316	0.6530394752789203	0.0
2.6519666012582843	0.65232077384669	0.0
2.653467431253337	0.6516011353482706	0.0
2.65496826124839	0.6508805718900919	0.0
2.6564690912434425	0.6501590955902855	0.0
2.6579699212384957	0.6494367185784301	0.0
2.6594707512335485	0.6487134529953116	0.0
2.6609715812286012	0.647989310992731	0.0
2.662472411223654	0.647264304733267	0.0
2.6639732412187067	0.6465384463899857	0.0
2.6654740712137595	0.64581174814629	0.0
2.666974901208812	0.6450842221956458	0.0
2.668475731203865	0.6443558807413802	0.0
2.6699765611989177	0.6436267359964223	0.0
2.671477391193971	0.6428968001830794	0.0
2.6729782211890236	0.6421660855328665	0.0
2.6744790511840764	0.6414346042861753	0.0
2.675979881179129	0.64070236869212	0.0
2.677480711174182	0.6399693910083148	0.0
2.6789815411692346	0.6392356835006168	0.0
2.6804823711642873	0.6385012584428722	0.0
2.68198320115934	0.6377661281167685	0.0
2.683484031154393	0.6370303048115382	0.0
2.684984861149446	0.6362938008237771	0.0
2.6864856911444988	0.635556628457201	0.0
2.6879865211395515	0.6348188000224094	0.0
2.6894873511346042	0.6340803278366794	0.0
2.690988181129657	0.6333412242237382	0.0
2.6924890111247097	0.6326015015135366	0.0
2.6939898411197625	0.6318611720420172	0.0
2.695490671114815	0.6311202481508964	0.0
2.696991501109868	0.6303787421874676	0.0
2.698492331104921	0.6296366665043281	0.0
2.699993161099974	0.6288940334591993	0.0
2.7014939910950266	0.6281508554146918	0.0
2.7029948210900794	0.62740714473806	0.0
2.704495651085132	0.6266629138010296	0.0
2.705996481080185	0.6259181749795268	0.0
2.7074973110752376	0.6251729406534932	0.0
2.7089981410702904	0.6244272232066467	0.0
2.710498971065343	0.6236810350262693	0.0
2.7119998010603963	0.622934388503001	0.0
2.713500631055449	0.622187296030588	0.0
2.7150014610505018	0.6214397700056838	0.0
2.7165022910455545	0.6206918228276513	0.0
2.7180031210406073	0.6199434668982946	0.0
2.71950395103566	0.6191947146216948	0.0
2.7210047810307127	0.6184455784039554	0.0
2.7225056110257655	0.6176960706529832	0.0
2.7240064410208182	0.6169462037783227	0.0
2.7255072710158714	0.6161959901908837	0.0
2.727008101010924	0.6154454423027629	0.0
2.728508931005977	0.6146945725269917	0.0
2.7300097610010297	0.6139433932773607	0.0
2.7315105909960824	0.6131919169681724	0.0
2.733011420991135	0.6124401560140577	0.0
2.734512250986188	0.6116881228297334	0.0
2.7360130809812406	0.6109358298298083	0.0
2.7375139109762934	0.6101832894285542	0.0
2.7390147409713466	0.6094305140397269	0.0
2.7405155709663993	0.608677516076295	0.0
2.742016400961452	0.6079243079502944	0.0
2.743517230956505	0.6071709020725587	0.0
2.7450180609515575	0.6064173108525621	0.0
2.7465188909466103	0.6056635466981767	0.0
2.748019720941663	0.6049096220154366	0.0
2.7495205509367158	0.6041555492083697	0.0
2.7510213809317685	0.603401340678813	0.0
2.7525222109268213	0.6026470088261342	0.0
2.7540230409218744	0.6018925660470357	0.0
2.755523870916927	0.601138024735404	0.0
2.75702470091198	0.6003833972820386	0.0
2.7585255309070327	0.599628696074476	0.0
2.7600263609020854	0.5988739334967722	0.0
2.761527190897138	0.5981191219293055	0.0
2.763028020892191	0.5973642737485506	0.0
2.7645288508872436	0.5966094013268718	0.0
2.7660296808822964	0.595854517032351	0.0
2.7675305108773496	0.595099633228546	0.0
2.7690313408724023	0.5943447622743001	0.0
2.770532170867455	0.5935899165235181	0.0
2.772033000862508	0.592835108324985	0.0
2.7735338308575606	0.5920803500221704	0.0
2.7750346608526133	0.5913256539529885	0.0
2.776535490847666	0.5905710324496236	0.0
2.778036320842719	0.5898164978382961	0.0
2.7795371508377715	0.5890620624390925	0.0
2.7810379808328247	0.5883077385657537	0.0
2.7825388108278775	0.5875535385254376	0.0
2.78403964082293	0.5867994746185742	0.0
2.785540470817983	0.5860455591386088	0.0
2.7870413008130357	0.5852918043718474	0.0
2.7885421308080884	0.5845382225972346	0.0
2.790042960803141	0.5837848260861221	0.0
2.791543790798194	0.5830316271021166	0.0
2.7930446207932467	0.5822786379008486	0.0
2.7945454507883	0.5815258707297754	0.0
2.7960462807833526	0.5807733378280099	0.0
2.7975471107784053	0.5800210514260733	0.0
2.799047940773458	0.5792690237457118	0.0
2.800548770768511	0.5785172669997306	0.0
2.8020496007635636	0.5777657933917475	0.0
2.8035504307586163	0.5770146151160187	0.0
2.805051260753669	0.5762637443572461	0.0
2.806552090748722	0.5755131932903398	0.0
2.808052920743775	0.5747629740802612	0.0
2.8095537507388277	0.5740130988818057	0.0
2.8110545807338805	0.5732635798394146	0.0
2.8125554107289332	0.5725144290869825	0.0
2.814056240723986	0.5717656587476104	0.0
2.8155570707190387	0.5710172809334902	0.0
2.8170579007140915	0.570269307745645	0.0
2.818558730709144	0.5695217512737314	0.0
2.820059560704197	0.5687746235959001	0.0
2.82156039069925	0.5680279367785289	0.0
2.823061220694303	0.5672817028760805	0.0
2.8245620506893556	0.5665359339308662	0.0
2.8260628806844084	0.5657906419728821	0.0
2.827563710679461	0.5650458390195685	0.0
2.829064540674514	0.5643015370756841	0.0
2.8305653706695666	0.5635577481330529	0.0
2.8320662006646193	0.5628144841703814	0.0
2.833567030659672	0.5620717571530711	0.0
2.8350678606547253	0.5613295790330344	0.0
2.836568690649778	0.560587961748451	0.0
2.8380695206448308	0.559846917223622	0.0
2.8395703506398835	0.5591064573687996	0.0
2.8410711806349362	0.5583665940798924	0.0
2.842572010629989	0.5576273392383648	0.0
2.8440728406250417	0.5568887047110042	0.0
2.8455736706200945	0.5561507023497416	0.0
2.847074500615147	0.5554133439914283	0.0
2.8485753306102004	0.5546766414576685	0.0
2.850076160605253	0.5539406065546367	0.0
2.851576990600306	0.5532052510728377	0.0
2.8530778205953586	0.552470586786955	0.0
2.8545786505904114	0.5517366254556492	0.0
2.856079480585464	0.5510033788213439	0.0
2.857580310580517	0.5502708586100762	0.0
2.8590811405755696	0.5495390765312226	0.0
2.8605819705706224	0.5488080442774103	0.0
2.8620828005656755	0.5480777735242628	0.0
2.8635836305607283	0.5473482759301836	0.0
2.865084460555781	0.54661956313623	0.0
2.8665852905508338	0.5458916467658649	0.0
2.8680861205458865	0.5451645384248	0.0
2.8695869505409393	0.5444382497007756	0.0
2.871087780535992	0.5437127921634006	0.0
2.8725886105310448	0.5429881773639175	0.0
2.8740894405260975	0.5422644168350453	0.0
2.8755902705211502	0.5415415220907738	0.0
2.8770911005162034	0.5408195046261772	0.0
2.878591930511256	0.5400983759172068	0.0
2.880092760506309	0.5393781474205246	0.0
2.8815935905013617	0.5386588305732773	0.0
2.8830944204964144	0.537940436792953	0.0
2.884595250491467	0.5372229774771251	0.0
2.88609608048652	0.5365064640033167	0.0
2.8875969104815726	0.5357909077287808	0.0
2.8890977404766254	0.5350763199903246	0.0
2.8905985704716786	0.5343627121040952	0.0
2.8920994004667313	0.5336500953654183	0.0
2.893600230461784	0.5329384810485758	0.0
2.895101060456837	0.5322278804066407	0.0
2.8966018904518895	0.5315183046712607	0.0
2.8981027204469423	0.5308097650525055	0.0
2.899603550441995	0.5301022727386189	0.0
2.9011043804370478	0.5293958388958744	0.0
2.9026052104321005	0.5286904746683718	0.0
2.9041060404271537	0.5279861911778511	0.0
2.9056068704222064	0.5272829995234839	0.0
2.907107700417259	0.5265809107816851	0.0
2.908608530412312	0.5258799360059426	0.0
2.9101093604073647	0.5251800862266123	0.0
2.9116101904024174	0.5244813724507356	0.0
2.91311102039747	0.523783805661831	0.0
2.914611850392523	0.5230873968197252	0.0
2.9161126803875757	0.5223921568603277	0.0
2.917613510382629	0.5216980966955124	0.0
2.9191143403776816	0.5210052272128396	0.0
2.9206151703727343	0.5203135592754333	0.0
2.922116000367787	0.5196231037217497	0.0
2.92361683036284	0.51893387136541	0.0
2.9251176603578926	0.5182458729950002	0.0
2.9266184903529453	0.5175591193738864	0.0
2.928119320347998	0.5168736212400168	0.0
2.929620150343051	0.5161893893057601	0.0
2.931120980338104	0.5155064342576594	0.0
2.9326218103331567	0.5148247667563169	0.0
2.9341226403282095	0.5141443974361364	0.0
2.935623470323262	0.5134653369051728	0.0
2.937124300318315	0.5127875957449485	0.0
2.9386251303133677	0.5121111845102215	0.0
2.9401259603084204	0.5114361137288617	0.0
2.941626790303473	0.5107623939015816	0.0
2.943127620298526	0.5100900355018294	0.0
2.944628450293579	0.5094190489755661	0.0
2.946129280288632	0.5087494447410441	0.0
2.9476301102836846	0.508081233188662	0.0
2.9491309402787373	0.5074144246807715	0.0
2.95063177027379	0.5067490295514904	0.0
2.952132600268843	0.5060850581064902	0.0
2.9536334302638956	0.5054225206228418	0.0
2.9551342602589483	0.5047614273487833	0.0
2.956635090254001	0.5041017885036109	0.0
2.9581359202490543	0.503443614277393	0.0
2.959636750244107	0.5027869148308695	0.0
2.9611375802391597	0.5021317002952258	0.0
2.9626384102342125	0.5014779807718833	0.0
2.9641392402292652	0.5008257663323771	0.0
2.965640070224318	0.5001750670181221	0.0
2.9671409002193707	0.4995258928402266	0.0
2.9686417302144235	0.49887825377932443	0.0
2.970142560209476	0.49823215978540053	0.0
2.9716433902045294	0.4975876207775622	0.0
2.973144220199582	0.4969446466439274	0.0
2.974645050194635	0.49630324724135405	0.0
2.9761458801896876	0.49566343239531246	0.0
2.9776467101847404	0.4950252118997028	0.0
2.979147540179793	0.49438859551663245	0.0
2.980648370174846	0.4937535929762688	0.0
2.9821492001698986	0.4931202139766375	0.0
2.9836500301649513	0.4924884681834635	0.0
2.9851508601600045	0.4918583652299391	0.0
2.9866516901550573	0.4912299147166114	0.0
2.98815252015011	0.4906031262111358	0.0
2.9896533501451628	0.4899780092481382	0.0
2.9911541801402155	0.4893545733290183	0.0
2.9926550101352682	0.4887328279217613	0.0
2.994155840130321	0.4881127824607763	0.0
2.9956566701253737	0.4874944463466866	0.0
2.9971575001204265	0.4868778289461862	0.0
2.9986583301154797	0.486262939591851	0.0
3.0001591601105324	0.4856497875819322	0.0
